##bucket, min, mean, max, stddev, count, total
0 0.0 0.38461538461538464 3.0 0.869718492622904 13 5.0
1 0.0 0.1538461538461539 2.0 0.5547001962252291 13 2.0
2 0.0 0.23076923076923075 1.0 0.4385290096535146 13 3.0
3 0.0 0.38461538461538464 1.0 0.5063696835418334 13 5.0
4 0.0 0.23076923076923073 2.0 0.599144689515278 13 3.0
5 0.0 0.23076923076923075 2.0 0.599144689515278 13 3.0
6 0.0 0.38461538461538464 1.0 0.5063696835418334 13 5.0
7 0.0 0.1538461538461539 2.0 0.5547001962252291 13 2.0
8 0.0 0.38461538461538464 2.0 0.650443635587991 13 5.0
9 0.0 0.6153846153846154 2.0 0.6504436355879909 13 8.0
10 0.0 0.5384615384615385 2.0 0.6602252917735246 13 7.0
11 0.0 0.6153846153846154 3.0 0.869718492622904 13 8.0
12 0.0 0.5384615384615385 2.0 0.6602252917735246 13 7.0
13 0.0 0.6153846153846154 2.0 0.6504436355879909 13 8.0
14 0.0 0.6153846153846154 3.0 0.869718492622904 13 8.0
15 0.0 0.6923076923076922 3.0 0.8548504142651104 13 9.0
16 0.0 0.6153846153846154 2.0 0.6504436355879909 13 8.0
17 0.0 0.6923076923076923 2.0 0.6304251719561151 13 9.0
18 0.0 0.6153846153846154 3.0 0.869718492622904 13 8.0
19 0.0 0.846153846153846 3.0 0.8006407690254357 13 11.0
20 0.0 0.923076923076923 3.0 0.7595545253127501 13 12.0
21 0.0 0.6923076923076923 3.0 0.8548504142651101 13 9.0
22 0.0 0.923076923076923 3.0 0.7595545253127501 13 12.0
23 0.0 0.846153846153846 3.0 0.8006407690254357 13 11.0
24 0.0 1.0 3.0 0.7071067811865476 13 13.0
25 0.0 0.7692307692307693 3.0 0.8320502943378436 13 10.0
26 0.0 1.0 4.0 1.0 13 13.0
27 0.0 1.1538461538461537 4.0 0.8987170342729167 13 15.0
28 0.0 1.0769230769230769 4.0 0.9540735874430287 13 14.0
29 0.0 1.0 4.0 1.0 13 13.0
30 0.0 0.923076923076923 3.0 0.7595545253127501 13 12.0
31 0.0 1.0 4.0 1.0 13 13.0
32 0.0 1.0769230769230769 4.0 0.9540735874430287 13 14.0
33 0.0 1.0769230769230769 4.0 0.9540735874430287 13 14.0
34 1.0 1.2307692307692308 4.0 0.8320502943378436 13 16.0
35 1.0 1.3076923076923077 3.0 0.630425171956115 13 17.0
36 1.0 1.2307692307692308 4.0 0.8320502943378436 13 16.0
37 1.0 1.3846153846153846 5.0 1.1208970766356097 13 18.0
38 1.0 1.3846153846153846 5.0 1.1208970766356097 13 18.0
39 1.0 1.3076923076923077 4.0 0.8548504142651104 13 17.0
40 1.0 1.4615384615384615 4.0 0.8770580193070292 13 19.0
41 1.0 1.4615384615384615 4.0 0.8770580193070292 13 19.0
42 1.0 1.5384615384615385 5.0 1.1266014242982163 13 20.0
43 1.0 1.4615384615384615 5.0 1.1266014242982163 13 19.0
44 1.0 1.7692307692307692 5.0 1.091928428198338 13 23.0
45 1.0 1.3846153846153846 5.0 1.1208970766356097 13 18.0
46 1.0 1.5384615384615385 5.0 1.1266014242982163 13 20.0
47 1.0 1.7692307692307692 5.0 1.091928428198338 13 23.0
48 1.0 1.3846153846153846 5.0 1.1208970766356097 13 18.0
49 1.0 2.0 5.0 1.0 13 26.0
50 1.0 1.5384615384615385 5.0 1.1266014242982163 13 20.0
51 1.0 2.0 6.0 1.2909944487358056 13 26.0
52 1.0 1.7692307692307692 6.0 1.3634420996046581 13 23.0
53 1.0 1.923076923076923 6.0 1.3204505835470497 13 25.0
54 1.0 1.923076923076923 7.0 1.6052797503622467 13 25.0
55 1.0 2.0 7.0 1.5811388300841898 13 26.0
56 1.0 2.076923076923077 6.0 1.255755978254962 13 27.0
57 1.0 2.076923076923077 7.0 1.5525000516123697 13 27.0
58 1.0 2.1538461538461537 6.0 1.2142318453899053 13 28.0
59 1.0 2.076923076923077 6.0 1.255755978254962 13 27.0
60 1.0 2.0 7.0 1.5811388300841898 13 26.0
61 1.0 2.3076923076923075 8.0 1.7504578155735608 13 30.0
62 1.0 2.230769230769231 7.0 1.4806443503784732 13 29.0
63 1.0 2.230769230769231 7.0 1.4806443503784732 13 29.0
64 1.0 2.153846153846154 8.0 1.8187062180825984 13 28.0
65 1.0 2.153846153846154 8.0 1.8187062180825984 13 28.0
66 1.0 2.3076923076923075 7.0 1.4366984945013914 13 30.0
67 1.0 2.4615384615384617 8.0 1.7134460703206962 13 32.0
68 1.0 2.3076923076923075 8.0 1.7504578155735608 13 30.0
69 1.0 2.3846153846153846 8.0 1.7097008285302202 13 31.0
70 1.0 2.5384615384615383 8.0 1.7134460703206957 13 33.0
71 2.0 2.5384615384615383 9.0 1.9414506867883015 13 33.0
72 2.0 2.5384615384615383 8.0 1.664100588675687 13 33.0
73 2.0 2.6923076923076925 9.0 1.9315199276138026 13 35.0
74 2.0 2.6923076923076925 9.0 1.9315199276138026 13 35.0
75 2.0 2.6153846153846154 8.0 1.660244035197915 13 34.0
76 2.0 2.769230769230769 8.0 1.640825308284734 13 36.0
77 2.0 2.6153846153846154 8.0 1.660244035197915 13 34.0
78 2.0 2.4615384615384617 6.0 1.1266014242982163 13 32.0
79 2.0 2.6153846153846154 6.0 1.12089707663561 13 34.0
80 2.0 2.6923076923076925 7.0 1.3774744634423888 13 35.0
81 2.0 2.769230769230769 8.0 1.640825308284734 13 36.0
82 2.0 2.6153846153846154 7.0 1.3867504905630723 13 34.0
83 2.0 2.923076923076923 7.0 1.3204505835470497 13 38.0
84 2.0 2.6153846153846154 6.0 1.12089707663561 13 34.0
85 2.0 2.8461538461538463 6.0 1.0681880176381127 13 37.0
86 2.0 2.6153846153846154 6.0 1.12089707663561 13 34.0
87 2.0 2.6923076923076925 6.0 1.1094003924504585 13 35.0
88 2.0 2.6923076923076925 6.0 1.1094003924504585 13 35.0
89 2.0 3.1538461538461537 7.0 1.2142318453899055 13 41.0
90 2.0 2.6923076923076925 6.0 1.1821319289469758 13 35.0
91 2.0 3.0 5.0 0.7071067811865476 13 39.0
92 2.0 2.923076923076923 4.0 0.4935481167928245 13 38.0
93 2.0 2.6153846153846154 5.0 0.869718492622904 13 34.0
94 2.0 2.8461538461538463 4.0 0.5547001962252293 13 37.0
95 2.0 2.8461538461538463 4.0 0.5547001962252291 13 37.0
96 2.0 3.0 5.0 0.7071067811865476 13 39.0
97 2.0 3.1538461538461537 6.0 0.9870962335856489 13 41.0
98 2.0 3.076923076923077 6.0 1.0377490433255416 13 40.0
99 2.0 3.1538461538461537 6.0 0.9870962335856489 13 41.0
100 2.0 3.0 6.0 1.0 13 39.0
101 2.0 2.923076923076923 6.0 1.0377490433255416 13 38.0
102 2.0 2.769230769230769 4.0 0.5991446895152781 13 36.0
103 2.0 3.0 4.0 0.408248290463863 13 39.0
104 2.0 3.076923076923077 4.0 0.6405126152203485 13 40.0
105 3.0 3.076923076923077 4.0 0.2773500981126146 13 40.0
106 3.0 3.230769230769231 4.0 0.4385290096535146 13 42.0
107 3.0 3.1538461538461537 4.0 0.3755338080994054 13 41.0
108 3.0 3.1538461538461537 4.0 0.3755338080994054 13 41.0
109 3.0 3.1538461538461537 4.0 0.37553380809940534 13 41.0
110 3.0 3.1538461538461537 4.0 0.37553380809940534 13 41.0
111 3.0 3.230769230769231 4.0 0.4385290096535146 13 42.0
112 3.0 3.230769230769231 5.0 0.599144689515278 13 42.0
113 3.0 3.230769230769231 4.0 0.4385290096535146 13 42.0
114 3.0 3.6153846153846154 5.0 0.6504436355879909 13 47.0
115 3.0 3.4615384615384617 4.0 0.5188745216627708 13 45.0
116 3.0 6.153846153846154 38.0 9.59032632262109 13 80.0
117 3.0 3.6153846153846154 5.0 0.6504436355879909 13 47.0
118 3.0 3.4615384615384617 5.0 0.6602252917735248 13 45.0
119 3.0 3.6153846153846154 5.0 0.6504436355879909 13 47.0
120 3.0 3.5384615384615383 4.0 0.5188745216627708 13 46.0
121 3.0 3.5384615384615383 4.0 0.5188745216627708 13 46.0
122 3.0 3.5384615384615383 5.0 0.6602252917735248 13 46.0
123 3.0 3.769230769230769 5.0 0.5991446895152781 13 49.0
124 3.0 3.6153846153846154 4.0 0.5063696835418333 13 47.0
125 3.0 3.6153846153846154 5.0 0.6504436355879909 13 47.0
126 3.0 3.769230769230769 4.0 0.4385290096535146 13 49.0
127 3.0 10.692307692307692 91.0 24.136364733822337 13 139.0
128 3.0 3.6153846153846154 5.0 0.6504436355879909 13 47.0
129 3.0 3.8461538461538463 5.0 0.5547001962252291 13 50.0
130 3.0 4.076923076923077 5.0 0.4935481167928245 13 53.0
131 3.0 4.0 5.0 0.5773502691896257 13 52.0
132 3.0 4.0 5.0 0.5773502691896257 13 52.0
133 3.0 4.076923076923077 5.0 0.49354811679282445 13 53.0
134 3.0 4.0 5.0 0.408248290463863 13 52.0
135 3.0 3.923076923076923 5.0 0.4935481167928245 13 51.0
136 3.0 3.923076923076923 5.0 0.6405126152203485 13 51.0
137 3.0 3.923076923076923 5.0 0.6405126152203485 13 51.0
138 3.0 4.076923076923077 5.0 0.49354811679282456 13 53.0
139 3.0 4.076923076923077 5.0 0.49354811679282456 13 53.0
140 3.0 4.153846153846154 5.0 0.6887372317211945 13 54.0
141 4.0 4.230769230769231 5.0 0.4385290096535146 13 55.0
142 4.0 4.384615384615385 5.0 0.5063696835418332 13 57.0
143 4.0 4.230769230769231 5.0 0.4385290096535146 13 55.0
144 4.0 4.230769230769231 5.0 0.4385290096535146 13 55.0
145 4.0 4.384615384615385 5.0 0.5063696835418332 13 57.0
146 4.0 4.615384615384615 6.0 0.7679476477883044 13 60.0
147 4.0 4.3076923076923075 5.0 0.4803844614152615 13 56.0
148 4.0 4.384615384615385 5.0 0.5063696835418332 13 57.0
149 4.0 4.538461538461538 5.0 0.5188745216627708 13 59.0
150 4.0 4.384615384615385 6.0 0.6504436355879908 13 57.0
151 4.0 4.6923076923076925 5.0 0.4803844614152614 13 61.0
152 4.0 4.615384615384615 5.0 0.5063696835418333 13 60.0
153 4.0 4.615384615384615 6.0 0.6504436355879908 13 60.0
154 4.0 4.846153846153846 6.0 0.8006407690254357 13 63.0
155 4.0 4.923076923076923 6.0 0.49354811679282445 13 64.0
156 4.0 4.538461538461538 6.0 0.6602252917735247 13 59.0
157 4.0 4.846153846153846 6.0 0.5547001962252291 13 63.0
158 4.0 4.923076923076923 6.0 0.6405126152203486 13 64.0
159 4.0 4.769230769230769 6.0 0.5991446895152781 13 62.0
160 4.0 5.0 6.0 0.5773502691896257 13 65.0
161 4.0 5.076923076923077 6.0 0.6405126152203485 13 66.0
162 4.0 5.153846153846154 6.0 0.5547001962252291 13 67.0
163 4.0 5.076923076923077 6.0 0.6405126152203485 13 66.0
164 4.0 4.846153846153846 6.0 0.6887372317211945 13 63.0
165 5.0 5.076923076923077 6.0 0.2773500981126145 13 66.0
166 4.0 5.076923076923077 6.0 0.49354811679282445 13 66.0
167 5.0 5.3076923076923075 7.0 0.6304251719561152 13 69.0
168 4.0 5.230769230769231 6.0 0.599144689515278 13 68.0
169 5.0 5.153846153846154 6.0 0.3755338080994054 13 67.0
170 5.0 5.3076923076923075 7.0 0.6304251719561152 13 69.0
171 5.0 5.3076923076923075 7.0 0.6304251719561151 13 69.0
172 5.0 5.461538461538462 7.0 0.7762500258061849 13 71.0
173 5.0 5.3076923076923075 6.0 0.4803844614152614 13 69.0
174 5.0 5.3076923076923075 7.0 0.6304251719561152 13 69.0
175 5.0 5.461538461538462 7.0 0.6602252917735248 13 71.0
176 5.0 5.461538461538462 7.0 0.7762500258061849 13 71.0
177 5.0 5.384615384615385 7.0 0.6504436355879908 13 70.0
178 5.0 5.6923076923076925 8.0 0.9473309334313419 13 74.0
179 5.0 5.6923076923076925 7.0 0.7510676161988107 13 74.0
180 5.0 5.6923076923076925 7.0 0.7510676161988107 13 74.0
181 5.0 5.769230769230769 6.0 0.4385290096535146 13 75.0
182 5.0 5.538461538461538 7.0 0.6602252917735248 13 72.0
183 5.0 8.153846153846153 38.0 8.98930989051397 13 106.0
184 5.0 6.0 7.0 0.5773502691896257 13 78.0
185 5.0 5.923076923076923 7.0 0.6405126152203485 13 77.0
186 5.0 6.230769230769231 9.0 1.0127393670836666 13 81.0
187 5.0 6.076923076923077 8.0 0.8623164985025763 13 79.0
188 5.0 5.846153846153846 7.0 0.6887372317211945 13 76.0
189 5.0 6.0 7.0 0.5773502691896257 13 78.0
190 6.0 6.076923076923077 7.0 0.2773500981126145 13 79.0
191 5.0 5.923076923076923 7.0 0.6405126152203485 13 77.0
192 5.0 5.923076923076923 7.0 0.6405126152203486 13 77.0
193 5.0 6.0 7.0 0.7071067811865476 13 78.0
194 6.0 6.384615384615385 8.0 0.6504436355879908 13 83.0
195 5.0 6.3076923076923075 8.0 0.7510676161988107 13 82.0
196 5.0 6.0 7.0 0.5773502691896257 13 78.0
197 5.0 6.384615384615385 7.0 0.6504436355879908 13 83.0
198 6.0 6.3076923076923075 7.0 0.4803844614152615 13 82.0
199 6.0 6.3076923076923075 7.0 0.4803844614152614 13 82.0
200 6.0 6.3076923076923075 7.0 0.4803844614152615 13 82.0
201 5.0 6.461538461538462 8.0 0.7762500258061849 13 84.0
202 6.0 6.384615384615385 8.0 0.6504436355879908 13 83.0
203 6.0 6.538461538461538 8.0 0.6602252917735247 13 85.0
204 5.0 6.384615384615385 7.0 0.6504436355879908 13 83.0
205 6.0 6.6923076923076925 8.0 0.6304251719561152 13 87.0
206 6.0 6.846153846153846 8.0 0.6887372317211945 13 89.0
207 6.0 6.384615384615385 7.0 0.5063696835418332 13 83.0
208 6.0 6.615384615384615 8.0 0.6504436355879908 13 86.0
209 6.0 6.846153846153846 8.0 0.6887372317211945 13 89.0
210 6.0 6.923076923076923 8.0 0.6405126152203485 13 90.0
211 6.0 6.769230769230769 8.0 0.5991446895152781 13 88.0
212 6.0 6.6923076923076925 8.0 0.6304251719561152 13 87.0
213 6.0 6.923076923076923 8.0 0.49354811679282445 13 90.0
214 6.0 7.153846153846154 8.0 0.5547001962252291 13 93.0
215 6.0 9.769230769230768 42.0 9.696681959600461 13 127.0
216 6.0 6.923076923076923 8.0 0.6405126152203485 13 90.0
217 6.0 7.230769230769231 8.0 0.599144689515278 13 94.0
218 6.0 7.153846153846154 9.0 0.6887372317211945 13 93.0
219 6.0 7.153846153846154 9.0 0.8006407690254357 13 93.0
220 6.0 7.153846153846154 9.0 0.8006407690254357 13 93.0
221 6.0 7.076923076923077 8.0 0.49354811679282456 13 92.0
222 6.0 7.230769230769231 8.0 0.599144689515278 13 94.0
223 6.0 7.384615384615385 9.0 0.7679476477883044 13 96.0
224 7.0 7.384615384615385 8.0 0.5063696835418332 13 96.0
225 6.0 7.538461538461538 9.0 0.7762500258061849 13 98.0
226 7.0 7.461538461538462 9.0 0.6602252917735248 13 97.0
227 7.0 7.538461538461538 9.0 0.6602252917735247 13 98.0
228 7.0 7.538461538461538 9.0 0.6602252917735248 13 98.0
229 7.0 7.538461538461538 8.0 0.5188745216627708 13 98.0
230 7.0 7.6923076923076925 8.0 0.48038446141526137 13 100.0
231 7.0 7.769230769230769 9.0 0.7250110520819842 13 101.0
232 7.0 7.769230769230769 9.0 0.5991446895152781 13 101.0
233 7.0 7.769230769230769 9.0 0.8320502943378437 13 101.0
234 7.0 8.076923076923077 9.0 0.6405126152203485 13 105.0
235 7.0 8.0 9.0 0.816496580927726 13 104.0
236 7.0 7.923076923076923 9.0 0.75955452531275 13 103.0
237 7.0 7.769230769230769 9.0 0.8320502943378437 13 101.0
238 7.0 7.923076923076923 9.0 0.6405126152203486 13 103.0
239 7.0 7.923076923076923 9.0 0.6405126152203485 13 103.0
240 7.0 8.23076923076923 10.0 0.8320502943378436 13 107.0
241 7.0 8.0 10.0 0.816496580927726 13 104.0
242 7.0 8.307692307692308 10.0 0.8548504142651104 13 108.0
243 7.0 8.23076923076923 10.0 0.9268086959962983 13 107.0
244 7.0 8.153846153846153 10.0 0.8987170342729172 13 106.0
245 8.0 8.384615384615385 9.0 0.5063696835418332 13 109.0
246 8.0 8.384615384615385 9.0 0.5063696835418332 13 109.0
247 8.0 8.461538461538462 10.0 0.7762500258061849 13 110.0
248 8.0 8.692307692307692 10.0 0.6304251719561152 13 113.0
249 7.0 8.384615384615385 10.0 0.7679476477883044 13 109.0
250 8.0 8.76923076923077 10.0 0.8320502943378436 13 114.0
251 8.0 8.692307692307692 11.0 1.031553471276484 13 113.0
252 8.0 8.538461538461538 10.0 0.6602252917735248 13 111.0
253 8.0 10.692307692307692 34.0 7.040177736684107 13 139.0
254 8.0 9.23076923076923 10.0 0.7250110520819842 13 120.0
255 8.0 8.846153846153847 11.0 0.8987170342729172 13 115.0
256 7.0 8.538461538461538 10.0 0.7762500258061849 13 111.0
257 8.0 8.923076923076923 10.0 0.75955452531275 13 116.0
258 8.0 8.923076923076923 11.0 0.8623164985025763 13 116.0
259 8.0 9.384615384615385 11.0 0.8697184926229041 13 122.0
260 8.0 9.076923076923077 10.0 0.75955452531275 13 118.0
261 8.0 9.0 10.0 0.7071067811865476 13 117.0
262 8.0 9.0 10.0 0.408248290463863 13 117.0
263 8.0 9.307692307692308 11.0 0.7510676161988108 13 121.0
264 8.0 9.076923076923077 10.0 0.6405126152203485 13 118.0
265 8.0 9.23076923076923 11.0 0.7250110520819842 13 120.0
266 9.0 9.538461538461538 11.0 0.7762500258061849 13 124.0
267 8.0 9.538461538461538 11.0 0.8770580193070292 13 124.0
268 8.0 9.384615384615385 11.0 0.9607689228305227 13 122.0
269 8.0 9.307692307692308 10.0 0.7510676161988108 13 121.0
270 9.0 9.538461538461538 10.0 0.5188745216627708 13 124.0
271 9.0 9.76923076923077 11.0 0.9268086959962983 13 127.0
272 9.0 10.076923076923077 16.0 1.8912755158683456 13 131.0
273 9.0 9.615384615384615 11.0 0.7679476477883044 13 125.0
274 9.0 9.923076923076923 12.0 0.8623164985025763 13 129.0
275 9.0 9.846153846153847 12.0 0.987096233585649 13 128.0
276 8.0 9.615384615384615 11.0 0.7679476477883044 13 125.0
277 9.0 9.923076923076923 11.0 0.75955452531275 13 129.0
278 9.0 10.076923076923077 11.0 0.6405126152203485 13 131.0
279 9.0 10.0 11.0 0.5773502691896257 13 130.0
280 9.0 11.461538461538462 28.0 5.0102459123843515 13 149.0
281 9.0 10.153846153846153 11.0 0.6887372317211945 13 132.0
282 9.0 10.307692307692308 13.0 1.1821319289469756 13 134.0
283 9.0 10.307692307692308 12.0 0.7510676161988108 13 134.0
284 9.0 10.23076923076923 11.0 0.7250110520819842 13 133.0
285 9.0 10.23076923076923 12.0 0.7250110520819842 13 133.0
286 10.0 13.076923076923077 43.0 9.01352260459748 13 170.0
287 9.0 10.461538461538462 12.0 0.8770580193070292 13 136.0
288 9.0 10.384615384615385 12.0 0.9607689228305228 13 135.0
289 10.0 10.538461538461538 12.0 0.6602252917735248 13 137.0
290 9.0 10.615384615384615 12.0 0.9607689228305228 13 138.0
291 10.0 10.923076923076923 13.0 0.9540735874430286 13 142.0
292 10.0 10.692307692307692 12.0 0.7510676161988108 13 139.0
293 9.0 10.538461538461538 12.0 0.8770580193070292 13 137.0
294 9.0 10.846153846153847 12.0 0.898717034272917 13 141.0
295 9.0 10.76923076923077 13.0 1.0127393670836666 13 140.0
296 9.0 10.692307692307692 12.0 0.8548504142651104 13 139.0
297 10.0 11.0 13.0 1.0 13 143.0
298 10.0 11.076923076923077 13.0 0.75955452531275 13 144.0
299 10.0 11.076923076923077 13.0 1.0377490433255416 13 144.0
300 9.0 11.076923076923077 12.0 0.9540735874430285 13 144.0
301 10.0 11.307692307692308 13.0 0.8548504142651104 13 147.0
302 10.0 11.076923076923077 13.0 0.8623164985025763 13 144.0
303 10.0 11.153846153846153 13.0 0.898717034272917 13 145.0
304 10.0 11.076923076923077 12.0 0.6405126152203485 13 144.0
305 10.0 11.307692307692308 13.0 0.8548504142651104 13 147.0
306 11.0 11.76923076923077 14.0 0.9268086959962983 13 153.0
307 10.0 11.538461538461538 13.0 0.8770580193070292 13 150.0
308 10.0 11.307692307692308 13.0 0.8548504142651104 13 147.0
309 10.0 11.384615384615385 13.0 0.9607689228305227 13 148.0
310 11.0 11.846153846153847 13.0 0.8006407690254357 13 154.0
311 11.0 12.076923076923077 16.0 1.3204505835470497 13 157.0
312 11.0 12.153846153846153 16.0 1.463224398725514 13 158.0
313 10.0 12.076923076923077 18.0 1.9774368283857795 13 157.0
314 11.0 12.692307692307692 20.0 2.42846369077981 13 165.0
315 11.0 12.538461538461538 18.0 1.8980421761815784 13 163.0
316 11.0 12.307692307692308 18.0 1.8878830906871755 13 160.0
317 11.0 12.692307692307692 19.0 2.0970064133034727 13 165.0
318 11.0 12.615384615384615 18.0 1.7577666482623877 13 164.0
319 11.0 12.461538461538462 18.0 1.8536173919925965 13 162.0
320 11.0 12.384615384615385 18.0 1.8045526471705549 13 161.0
321 11.0 12.461538461538462 17.0 1.5607361839521228 13 162.0
322 11.0 12.923076923076923 18.0 1.7541160386140584 13 168.0
323 11.0 12.923076923076923 17.0 1.6563785025137654 13 168.0
324 11.0 12.461538461538462 17.0 1.6132464481796018 13 162.0
325 11.0 12.76923076923077 17.0 1.7867030229749128 13 166.0
326 11.0 12.692307692307692 18.0 1.8432134703923737 13 165.0
327 11.0 13.0 18.0 1.6832508230603465 13 169.0
328 11.0 12.846153846153847 17.0 1.5730095277394145 13 167.0
329 12.0 12.846153846153847 17.0 1.463224398725514 13 167.0
330 11.0 13.076923076923077 17.0 1.5525000516123697 13 170.0
331 11.0 13.076923076923077 18.0 1.7541160386140584 13 170.0
332 11.0 13.153846153846153 18.0 1.6756169931378437 13 171.0
333 12.0 13.307692307692308 18.0 1.702185623672077 13 173.0
334 12.0 13.23076923076923 18.0 1.5892265495016829 13 172.0
335 11.0 13.23076923076923 18.0 1.739436985245808 13 172.0
336 12.0 13.23076923076923 17.0 1.4806443503784736 13 172.0
337 12.0 13.538461538461538 18.0 1.560736183952123 13 176.0
338 12.0 13.538461538461538 18.0 1.7134460703206957 13 176.0
339 12.0 17.0 58.0 12.409673645990857 13 221.0
340 12.0 13.461538461538462 18.0 1.6132464481796018 13 175.0
341 12.0 13.615384615384615 18.0 1.6092680291808412 13 177.0
342 12.0 13.538461538461538 18.0 1.613246448179602 13 176.0
343 12.0 13.615384615384615 18.0 1.5566235649883122 13 177.0
344 12.0 13.692307692307692 18.0 1.4935759876113537 13 178.0
345 12.0 13.692307692307692 19.0 1.7504578155735613 13 178.0
346 12.0 13.846153846153847 19.0 1.7246329970051528 13 180.0
347 12.0 13.923076923076923 19.0 1.7541160386140584 13 181.0
348 12.0 13.76923076923077 18.0 1.5358952955766088 13 179.0
349 12.0 13.846153846153847 18.0 1.5730095277394145 13 180.0
350 12.0 15.692307692307692 34.0 5.750139351711623 13 204.0
351 12.0 14.076923076923077 19.0 1.7541160386140584 13 183.0
352 12.0 13.923076923076923 19.0 1.7059473644448737 13 181.0
353 13.0 14.23076923076923 19.0 1.739436985245808 13 185.0
354 12.0 14.153846153846153 19.0 1.7246329970051528 13 184.0
355 12.0 14.307692307692308 20.0 2.0159619451027746 13 186.0
356 12.0 14.0 19.0 1.7795130420052185 13 182.0
357 13.0 14.384615384615385 19.0 1.6602440351979149 13 187.0
358 12.0 14.461538461538462 19.0 1.7134460703206957 13 188.0
359 13.0 14.307692307692308 19.0 1.5483655567842813 13 186.0
360 13.0 14.461538461538462 19.0 1.664100588675687 13 188.0
361 12.0 14.615384615384615 20.0 1.9381460874790262 13 190.0
362 13.0 14.538461538461538 19.0 1.7614096918559583 13 189.0
363 13.0 14.692307692307692 19.0 1.6012815380508714 13 191.0
364 13.0 14.538461538461538 19.0 1.613246448179602 13 189.0
365 13.0 14.76923076923077 20.0 1.877669040497027 13 192.0
366 13.0 14.76923076923077 20.0 1.739436985245808 13 192.0
367 13.0 15.153846153846153 20.0 1.7246329970051528 13 197.0
368 13.0 14.76923076923077 20.0 1.832750490103429 13 192.0
369 13.0 14.846153846153847 20.0 1.8187062180825986 13 193.0
370 13.0 15.0 20.0 1.8257418583505538 13 195.0
371 14.0 15.23076923076923 20.0 1.739436985245808 13 198.0
372 13.0 17.153846153846153 43.0 7.977532553429391 13 223.0
373 13.0 14.846153846153847 20.0 1.8187062180825986 13 193.0
374 13.0 15.307692307692308 20.0 1.8432134703923737 13 199.0
375 13.0 15.076923076923077 20.0 1.7059473644448737 13 196.0
376 13.0 15.23076923076923 20.0 1.7867030229749128 13 198.0
377 14.0 15.384615384615385 21.0 1.8501559185854914 13 200.0
378 14.0 15.307692307692308 20.0 1.6012815380508714 13 199.0
379 14.0 15.461538461538462 20.0 1.7134460703206957 13 201.0
380 14.0 15.461538461538462 21.0 1.8980421761815782 13 201.0
381 14.0 15.461538461538462 21.0 1.8081014266989472 13 201.0
382 14.0 15.307692307692308 21.0 1.843213470392373 13 199.0
383 14.0 15.76923076923077 21.0 1.739436985245808 13 205.0
384 14.0 15.538461538461538 21.0 1.941450686788302 13 202.0
385 14.0 15.538461538461538 20.0 1.5607361839521228 13 202.0
386 14.0 15.615384615384615 20.0 1.6602440351979149 13 203.0
387 14.0 15.76923076923077 21.0 1.9215378456610457 13 205.0
388 14.0 15.846153846153847 21.0 1.9081471748860575 13 206.0
389 14.0 15.76923076923077 22.0 2.2417941532712202 13 205.0
390 14.0 16.0 21.0 1.8257418583505538 13 208.0
391 14.0 16.153846153846153 22.0 1.951330906763973 13 210.0
392 15.0 16.23076923076923 21.0 1.739436985245808 13 211.0
393 15.0 16.307692307692307 22.0 2.0568833780186053 13 212.0
394 14.0 16.307692307692307 21.0 2.0568833780186058 13 212.0
395 14.0 16.53846153846154 21.0 1.8980421761815784 13 215.0
396 15.0 18.307692307692307 30.0 4.553105449115936 13 238.0
397 15.0 16.384615384615383 22.0 1.8501559185854914 13 213.0
398 15.0 16.384615384615383 22.0 1.8946618668626838 13 213.0
399 14.0 16.384615384615383 22.0 1.9806758753205744 13 213.0
400 14.0 16.53846153846154 22.0 2.066211695163583 13 215.0
401 15.0 16.46153846153846 22.0 1.8980421761815784 13 214.0
402 15.0 16.53846153846154 22.0 1.941450686788302 13 215.0
403 14.0 16.692307692307693 22.0 1.9741924671712983 13 217.0
404 14.0 16.307692307692307 22.0 2.015961945102774 13 212.0
405 15.0 16.76923076923077 22.0 1.8327504901034293 13 218.0
406 15.0 16.53846153846154 22.0 1.941450686788302 13 215.0
407 15.0 20.615384615384617 72.0 15.484069563793957 13 268.0
408 15.0 16.307692307692307 18.0 0.9473309334313418 13 212.0
409 15.0 16.153846153846153 18.0 0.898717034272917 13 210.0
410 15.0 16.307692307692307 19.0 1.2506408613597126 13 212.0
411 15.0 16.846153846153847 19.0 1.0681880176381127 13 219.0
412 15.0 16.384615384615383 18.0 1.1208970766356101 13 213.0
413 15.0 16.46153846153846 18.0 0.9674179220468452 13 214.0
414 15.0 16.53846153846154 19.0 1.1982893790305562 13 215.0
415 15.0 16.692307692307693 19.0 1.031553471276484 13 217.0
416 15.0 16.53846153846154 18.0 1.0500305245868342 13 215.0
417 15.0 16.53846153846154 18.0 0.9674179220468452 13 215.0
418 15.0 16.76923076923077 19.0 1.3008872711759816 13 218.0
419 15.0 16.692307692307693 19.0 1.377474463442389 13 217.0
420 15.0 16.692307692307693 19.0 1.109400392450458 13 217.0
421 16.0 17.076923076923077 19.0 1.0377490433255416 13 222.0
422 16.0 17.153846153846153 19.0 1.0681880176381127 13 223.0
423 16.0 17.076923076923077 19.0 0.8623164985025763 13 222.0
424 15.0 17.076923076923077 19.0 1.3821202589704018 13 222.0
425 16.0 19.076923076923077 44.0 7.543888679603935 13 248.0
426 16.0 17.307692307692307 20.0 1.2506408613597126 13 225.0
427 16.0 17.23076923076923 19.0 1.0127393670836666 13 224.0
428 16.0 17.23076923076923 19.0 1.0919284281983375 13 224.0
429 15.0 17.076923076923077 19.0 1.0377490433255416 13 222.0
430 16.0 17.384615384615383 19.0 1.0439078454267838 13 226.0
431 16.0 17.46153846153846 20.0 1.1982893790305562 13 227.0
432 16.0 17.307692307692307 19.0 1.109400392450458 13 225.0
433 16.0 17.53846153846154 20.0 1.126601424298216 13 228.0
434 16.0 17.53846153846154 20.0 1.3913653136029502 13 228.0
435 16.0 17.692307692307693 20.0 1.3774744634423892 13 230.0
436 15.0 17.307692307692307 20.0 1.377474463442389 13 225.0
437 16.0 17.692307692307693 20.0 1.109400392450458 13 230.0
438 16.0 17.615384615384617 20.0 1.2608503439122305 13 229.0
439 16.0 17.53846153846154 20.0 1.2659242088545832 13 228.0
440 16.0 17.615384615384617 20.0 1.1208970766356101 13 229.0
441 16.0 17.692307692307693 20.0 1.109400392450458 13 230.0
442 16.0 18.0 21.0 1.5275252316519468 13 234.0
443 16.0 18.0 21.0 1.35400640077266 13 234.0
444 16.0 17.615384615384617 20.0 1.2608503439122305 13 229.0
445 16.0 18.0 20.0 1.1547005383792515 13 234.0
446 17.0 18.0 20.0 0.9128709291752769 13 234.0
447 17.0 18.23076923076923 20.0 1.1657505560686465 13 237.0
448 16.0 17.923076923076923 20.0 1.0377490433255416 13 233.0
449 16.0 18.23076923076923 21.0 1.3634420996046581 13 237.0
450 17.0 18.153846153846153 21.0 1.214231845389905 13 236.0
451 17.0 18.46153846153846 21.0 1.3301243435223524 13 240.0
452 17.0 18.23076923076923 20.0 1.0919284281983377 13 237.0
453 17.0 18.307692307692307 20.0 1.109400392450458 13 238.0
454 17.0 18.384615384615383 21.0 1.325296290046213 13 239.0
455 17.0 18.53846153846154 21.0 1.126601424298216 13 241.0
456 17.0 18.53846153846154 20.0 1.0500305245868342 13 241.0
457 17.0 18.53846153846154 20.0 1.126601424298216 13 241.0
458 17.0 18.76923076923077 22.0 1.4232501627054273 13 244.0
459 17.0 18.53846153846154 21.0 1.4500221041639685 13 241.0
460 17.0 18.615384615384617 21.0 1.1208970766356101 13 242.0
461 17.0 18.76923076923077 21.0 1.1657505560686465 13 244.0
462 17.0 18.846153846153847 21.0 1.3445044840729643 13 245.0
463 17.0 19.0 21.0 1.1547005383792515 13 247.0
464 17.0 18.692307692307693 21.0 1.2506408613597126 13 243.0
465 17.0 18.846153846153847 21.0 1.3445044840729643 13 245.0
466 17.0 18.846153846153847 21.0 1.405118847058488 13 245.0
467 18.0 19.153846153846153 22.0 1.214231845389905 13 249.0
468 17.0 19.0 21.0 1.224744871391589 13 247.0
469 17.0 19.076923076923077 22.0 1.2557559782549623 13 248.0
470 18.0 19.153846153846153 21.0 0.9870962335856491 13 249.0
471 18.0 19.307692307692307 22.0 1.1821319289469756 13 251.0
472 17.0 19.153846153846153 21.0 1.281025230440697 13 249.0
473 18.0 19.384615384615383 22.0 1.325296290046213 13 252.0
474 18.0 19.53846153846154 22.0 1.3301243435223524 13 254.0
475 18.0 19.76923076923077 23.0 1.4806443503784736 13 257.0
476 17.0 19.153846153846153 21.0 1.214231845389905 13 249.0
477 17.0 19.46153846153846 22.0 1.3913653136029502 13 253.0
478 18.0 19.53846153846154 22.0 1.3301243435223524 13 254.0
479 18.0 20.076923076923077 25.0 1.84668795692624 13 261.0
480 18.0 19.384615384615383 22.0 1.2608503439122305 13 252.0
481 18.0 19.615384615384617 22.0 1.192927878405448 13 255.0
482 18.0 19.846153846153847 23.0 1.405118847058488 13 258.0
483 18.0 19.846153846153847 24.0 1.7246329970051526 13 258.0
484 17.0 19.692307692307693 22.0 1.3155870289605438 13 256.0
485 17.0 19.615384615384617 22.0 1.3252962900462133 13 255.0
486 18.0 20.23076923076923 24.0 1.5892265495016833 13 263.0
487 18.0 20.384615384615383 24.0 1.7577666482623882 13 265.0
488 19.0 20.46153846153846 24.0 1.6641005886756872 13 266.0
489 18.0 20.384615384615383 23.0 1.4455945454184551 13 265.0
490 18.0 20.692307692307693 24.0 1.797434068545834 13 269.0
491 18.0 20.76923076923077 24.0 1.7867030229749128 13 270.0
492 19.0 20.615384615384617 23.0 1.4455945454184551 13 268.0
493 18.0 21.153846153846153 31.0 3.312757005027531 13 275.0
494 18.0 20.615384615384617 24.0 1.5021352323976216 13 268.0
495 18.0 20.53846153846154 24.0 1.5607361839521232 13 267.0
496 19.0 20.692307692307693 24.0 1.5483655567842813 13 269.0
497 19.0 21.076923076923077 26.0 2.100061049173669 13 274.0
498 18.0 22.076923076923077 35.0 4.232051087859929 13 287.0
499 19.0 21.153846153846153 24.0 1.573009527739414 13 275.0
500 19.0 20.615384615384617 24.0 1.5021352323976216 13 268.0
501 19.0 21.76923076923077 33.0 3.562626515972126 13 283.0
502 19.0 20.76923076923077 25.0 1.69085018821135 13 270.0
503 19.0 20.846153846153847 24.0 1.4632243987255138 13 271.0
504 19.0 20.615384615384617 24.0 1.3867504905630728 13 268.0
505 19.0 20.76923076923077 23.0 1.3008872711759816 13 270.0
506 19.0 21.0 24.0 1.4142135623730951 13 273.0
507 19.0 20.923076923076923 24.0 1.6052797503622467 13 272.0
508 19.0 20.76923076923077 24.0 1.3634420996046581 13 270.0
509 19.0 20.692307692307693 23.0 1.1821319289469756 13 269.0
510 19.0 20.76923076923077 23.0 1.3008872711759816 13 270.0
511 19.0 21.076923076923077 24.0 1.4411533842457842 13 274.0
512 19.0 20.923076923076923 23.0 1.3204505835470495 13 272.0
513 19.0 21.076923076923077 24.0 1.4411533842457842 13 274.0
514 19.0 21.0 24.0 1.632993161855452 13 273.0
515 19.0 21.384615384615383 27.0 2.142368686697878 13 278.0
516 19.0 21.307692307692307 26.0 1.7974340685458343 13 277.0
517 19.0 21.307692307692307 24.0 1.4935759876113537 13 277.0
518 20.0 22.153846153846153 31.0 2.853248261372578 13 288.0
519 20.0 21.46153846153846 23.0 1.126601424298216 13 279.0
520 19.0 21.23076923076923 24.0 1.3634420996046581 13 276.0
521 20.0 21.76923076923077 28.0 2.1273554065179203 13 283.0
522 20.0 21.46153846153846 24.0 1.3301243435223524 13 279.0
523 20.0 21.692307692307693 25.0 1.5483655567842813 13 282.0
524 20.0 21.307692307692307 23.0 1.109400392450458 13 277.0
525 19.0 21.307692307692307 24.0 1.377474463442389 13 277.0
526 19.0 21.46153846153846 24.0 1.3301243435223524 13 279.0
527 20.0 21.76923076923077 24.0 1.3008872711759816 13 283.0
528 20.0 21.384615384615383 24.0 1.192927878405448 13 278.0
529 20.0 26.0 81.0 16.563010998406458 13 338.0
530 20.0 21.76923076923077 24.0 1.3008872711759816 13 283.0
531 20.0 22.384615384615383 30.0 2.5012817227194253 13 291.0
532 19.0 21.692307692307693 24.0 1.493575987611354 13 282.0
533 20.0 22.0 24.0 1.224744871391589 13 286.0
534 20.0 24.0 49.0 7.571877794400365 13 312.0
535 20.0 22.153846153846153 25.0 1.3445044840729643 13 288.0
536 20.0 22.0 24.0 1.224744871391589 13 286.0
537 20.0 22.153846153846153 25.0 1.3445044840729643 13 288.0
538 20.0 22.384615384615383 25.0 1.4455945454184551 13 291.0
539 21.0 22.53846153846154 25.0 1.3913653136029502 13 293.0
540 20.0 22.692307692307693 29.0 2.2503560971771916 13 295.0
541 20.0 22.23076923076923 24.0 1.2351684199496948 13 289.0
542 21.0 22.076923076923077 24.0 1.1151635501529558 13 287.0
543 21.0 22.53846153846154 25.0 1.2659242088545832 13 293.0
544 20.0 22.153846153846153 24.0 1.214231845389905 13 288.0
545 20.0 22.307692307692307 24.0 1.2506408613597126 13 290.0
546 21.0 22.615384615384617 25.0 1.4455945454184551 13 294.0
547 21.0 22.76923076923077 26.0 1.4806443503784736 13 296.0
548 21.0 22.46153846153846 25.0 1.1982893790305562 13 292.0
549 20.0 22.384615384615383 25.0 1.3252962900462133 13 291.0
550 21.0 23.153846153846153 29.0 2.2303271003059115 13 301.0
551 21.0 22.846153846153847 25.0 1.143543749793731 13 297.0
552 20.0 22.692307692307693 25.0 1.4366984945013914 13 295.0
553 21.0 22.76923076923077 25.0 1.3008872711759816 13 296.0
554 21.0 23.307692307692307 26.0 1.6525039276108335 13 303.0
555 22.0 23.153846153846153 26.0 1.3445044840729643 13 301.0
556 21.0 22.846153846153847 26.0 1.573009527739414 13 297.0
557 21.0 23.923076923076923 34.0 3.3531462454819567 13 311.0
558 21.0 23.076923076923077 26.0 1.3204505835470495 13 300.0
559 21.0 23.384615384615383 28.0 1.8946618668626838 13 304.0
560 21.0 23.307692307692307 26.0 1.5483655567842813 13 303.0
561 22.0 23.23076923076923 26.0 1.2351684199496946 13 302.0
562 22.0 23.615384615384617 27.0 1.6092680291808414 13 307.0
563 22.0 23.76923076923077 29.0 2.006400016357911 13 309.0
564 21.0 26.076923076923077 61.0 10.578764408486293 13 339.0
565 22.0 23.53846153846154 26.0 1.3301243435223524 13 306.0
566 22.0 23.615384615384617 27.0 1.5021352323976216 13 307.0
567 22.0 23.615384615384617 26.0 1.3867504905630728 13 307.0
568 21.0 23.76923076923077 28.0 2.0878156908535677 13 309.0
569 22.0 23.692307692307693 26.0 1.4366984945013914 13 308.0
570 22.0 24.076923076923077 27.0 1.6052797503622467 13 313.0
571 22.0 23.923076923076923 26.0 1.3821202589704018 13 311.0
572 21.0 23.923076923076923 28.0 2.0599975105785306 13 311.0
573 22.0 23.846153846153847 26.0 1.3445044840729643 13 310.0
574 22.0 23.846153846153847 26.0 1.281025230440697 13 310.0
575 22.0 24.153846153846153 27.0 1.573009527739414 13 314.0
576 21.0 24.23076923076923 29.0 2.1273554065179203 13 315.0
577 21.0 24.692307692307693 33.0 2.9547875102567414 13 321.0
578 22.0 24.307692307692307 31.0 2.562050460881394 13 316.0
579 22.0 24.307692307692307 29.0 2.0159619451027746 13 316.0
580 21.0 24.076923076923077 27.0 1.84668795692624 13 313.0
581 21.0 24.0 27.0 1.5811388300841898 13 312.0
582 23.0 26.846153846153847 57.0 9.145546765558942 13 349.0
583 22.0 24.384615384615383 27.0 1.5021352323976216 13 317.0
584 22.0 24.46153846153846 29.0 2.066211695163583 13 318.0
585 22.0 24.615384615384617 27.0 1.660244035197915 13 320.0
586 22.0 25.0 35.0 3.3416562759605704 13 325.0
587 22.0 25.615384615384617 40.0 4.574174999174925 13 333.0
588 22.0 24.846153846153847 32.0 2.609155477868712 13 323.0
589 22.0 25.46153846153846 32.0 2.601774542351963 13 331.0
590 23.0 25.53846153846154 32.0 2.569545505058064 13 332.0
591 23.0 25.615384615384617 32.0 2.534379001467011 13 333.0
592 23.0 25.46153846153846 32.0 2.4703368398993892 13 331.0
593 23.0 25.53846153846154 31.0 2.2216879699673027 13 332.0
594 23.0 26.76923076923077 45.0 5.746793978005565 13 348.0
595 22.0 26.53846153846154 39.0 4.313068988848208 13 345.0
596 23.0 25.846153846153847 34.0 3.05085107923876 13 336.0
597 23.0 25.923076923076923 32.0 2.5968422639024005 13 337.0
598 23.0 26.0 32.0 2.516611478423583 13 338.0
599 23.0 26.0 32.0 2.70801280154532 13 338.0
600 23.0 26.153846153846153 35.0 3.1317235362803513 13 340.0
601 23.0 25.846153846153847 32.0 2.444250186531439 13 336.0
602 23.0 26.76923076923077 41.0 4.728527715787902 13 348.0
603 23.0 27.0 42.0 4.915960401250875 13 351.0
604 23.0 27.23076923076923 44.0 5.5550854501955556 13 354.0
605 23.0 25.76923076923077 32.0 2.385855756810896 13 335.0
606 23.0 26.0 36.0 3.3416562759605704 13 338.0
607 24.0 26.0 32.0 2.345207879911715 13 338.0
608 23.0 26.0 33.0 2.614064523559687 13 338.0
609 24.0 26.153846153846153 36.0 3.2620584974867697 13 340.0
610 24.0 26.76923076923077 40.0 4.245661435588221 13 348.0
611 24.0 26.53846153846154 38.0 3.665500980206858 13 345.0
612 23.0 26.307692307692307 35.0 3.0925883276153274 13 342.0
613 23.0 26.153846153846153 33.0 2.5444761689508852 13 340.0
614 23.0 26.153846153846153 33.0 2.4781092875467863 13 340.0
615 23.0 27.23076923076923 46.0 5.861652869197762 13 354.0
616 24.0 26.307692307692307 33.0 2.52931530209974 13 342.0
617 24.0 26.53846153846154 33.0 2.331501112137293 13 345.0
618 24.0 27.23076923076923 40.0 4.085622069196769 13 354.0
619 24.0 27.384615384615383 37.0 3.428762204704528 13 356.0
620 24.0 26.846153846153847 33.0 2.5444761689508852 13 349.0
621 24.0 26.923076923076923 33.0 2.660248687044705 13 350.0
622 24.0 27.076923076923077 32.0 2.4311018921995866 13 352.0
623 24.0 27.076923076923077 33.0 2.4651415936864716 13 352.0
624 24.0 27.076923076923077 33.0 2.564551242795331 13 352.0
625 24.0 30.076923076923077 70.0 12.148124261667851 13 391.0
626 25.0 27.53846153846154 35.0 2.9044616430411736 13 358.0
627 24.0 27.615384615384617 35.0 2.902253766140536 13 359.0
628 24.0 27.23076923076923 35.0 3.113247129976625 13 354.0
629 24.0 27.53846153846154 35.0 2.933012803000372 13 358.0
630 25.0 27.615384615384617 35.0 2.8733969890027824 13 359.0
631 24.0 27.53846153846154 35.0 3.098800429612094 13 358.0
632 24.0 27.384615384615383 34.0 2.8147960713126134 13 356.0
633 24.0 27.46153846153846 36.0 3.204564052914338 13 357.0
634 25.0 27.615384615384617 35.0 2.9022537661405354 13 359.0
635 25.0 28.307692307692307 35.0 3.224505527586501 13 368.0
636 25.0 27.153846153846153 34.0 2.577018750615843 13 353.0
637 24.0 27.153846153846153 34.0 2.609155477868712 13 353.0
638 24.0 27.23076923076923 35.0 2.8329562343320847 13 354.0
639 25.0 27.615384615384617 36.0 2.930826434598881 13 359.0
640 24.0 27.384615384615383 36.0 3.0697030675746024 13 356.0
641 25.0 27.76923076923077 36.0 2.8911890908369102 13 361.0
642 25.0 27.923076923076923 37.0 3.2005608482873344 13 363.0
643 26.0 27.923076923076923 37.0 2.9850052613448455 13 363.0
644 24.0 27.46153846153846 36.0 3.152125859780576 13 357.0
645 25.0 30.384615384615383 65.0 10.897541477618253 13 395.0
646 25.0 27.76923076923077 36.0 2.9482719841133536 13 361.0
647 25.0 27.76923076923077 36.0 2.9198700357449177 13 361.0
648 25.0 27.692307692307693 36.0 2.897832965758361 13 360.0
649 25.0 27.846153846153847 36.0 2.853248261372578 13 362.0
650 25.0 28.0 37.0 3.1622776601683795 13 364.0
651 25.0 28.076923076923077 38.0 3.353146245481957 13 365.0
652 25.0 27.76923076923077 36.0 2.8911890908369102 13 361.0
653 25.0 28.0 37.0 3.13581462037113 13 364.0
654 25.0 28.0 36.0 2.7386127875258306 13 364.0
655 26.0 28.0 36.0 2.7386127875258306 13 364.0
656 26.0 28.153846153846153 36.0 2.8238907511373337 13 366.0
657 25.0 28.076923076923077 36.0 2.8125178062114395 13 365.0
658 25.0 28.923076923076923 38.0 3.5463957868409266 13 376.0
659 25.0 29.0 39.0 4.0 13 377.0
660 25.0 31.46153846153846 72.0 12.534056171190718 13 409.0
661 26.0 28.53846153846154 37.0 3.0170455917277916 13 371.0
662 26.0 28.53846153846154 36.0 2.7268841992093162 13 371.0
663 26.0 28.53846153846154 37.0 2.9612887007569473 13 371.0
664 26.0 28.46153846153846 37.0 3.0170455917277916 13 370.0
665 26.0 29.46153846153846 46.0 5.332531991080545 13 383.0
666 26.0 28.846153846153847 39.0 3.411894728889747 13 375.0
667 26.0 29.153846153846153 40.0 3.647970985039808 13 379.0
668 26.0 28.692307692307693 37.0 3.0925883276153274 13 373.0
669 26.0 28.923076923076923 38.0 3.2264928963592046 13 376.0
670 26.0 29.0 37.0 2.9154759474226504 13 377.0
671 26.0 28.923076923076923 36.0 2.7526211284742903 13 376.0
672 26.0 28.53846153846154 36.0 2.787333989537452 13 371.0
673 26.0 28.76923076923077 36.0 2.8033862307884654 13 374.0
674 26.0 29.153846153846153 39.0 3.411894728889747 13 379.0
675 26.0 29.307692307692307 39.0 3.376008871054088 13 381.0
676 26.0 28.76923076923077 36.0 2.8622207623290854 13 374.0
677 26.0 29.0 37.0 3.0276503540974917 13 377.0
678 27.0 29.307692307692307 37.0 2.7804260879888956 13 381.0
679 27.0 29.46153846153846 37.0 2.7268841992093162 13 383.0
680 26.0 29.23076923076923 38.0 3.1925393799149435 13 380.0
681 27.0 29.46153846153846 38.0 2.9892971474742076 13 383.0
682 27.0 29.76923076923077 41.0 3.6777222605358646 13 387.0
683 26.0 29.615384615384617 39.0 3.2796966714027467 13 385.0
684 27.0 29.23076923076923 37.0 2.803386230788466 13 380.0
685 27.0 29.615384615384617 37.0 2.8147960713126134 13 385.0
686 27.0 29.53846153846154 36.0 2.4703368398993892 13 384.0
687 27.0 29.615384615384617 37.0 2.6937724952954465 13 385.0
688 27.0 30.0 40.0 3.5118845842842465 13 390.0
689 27.0 30.53846153846154 39.0 3.665500980206858 13 397.0
690 26.0 29.76923076923077 40.0 3.539158236875122 13 387.0
691 26.0 30.076923076923077 40.0 3.4024877776302267 13 391.0
692 27.0 29.53846153846154 37.0 2.7268841992093162 13 384.0
693 26.0 31.23076923076923 51.0 6.685230563885415 13 406.0
694 26.0 29.846153846153847 37.0 2.853248261372578 13 388.0
695 26.0 30.384615384615383 37.0 3.0697030675746024 13 395.0
696 26.0 30.76923076923077 40.0 4.0651741691643455 13 400.0
697 27.0 30.692307692307693 39.0 3.6829475375170047 13 399.0
698 27.0 31.076923076923077 40.0 4.152540155566197 13 404.0
699 27.0 31.307692307692307 40.0 4.21079199566652 13 407.0
700 26.0 30.76923076923077 39.0 3.789323733725367 13 400.0
701 27.0 30.923076923076923 39.0 3.5930845258992177 13 402.0
702 27.0 31.0 39.0 3.872983346207417 13 403.0
703 27.0 30.846153846153847 39.0 3.647970985039808 13 401.0
704 27.0 30.923076923076923 40.0 3.9255899442321285 13 402.0
705 27.0 31.153846153846153 40.0 4.038278384125134 13 405.0
706 27.0 31.384615384615383 41.0 4.519189852515263 13 408.0
707 28.0 31.53846153846154 40.0 4.155626399140179 13 410.0
708 27.0 31.307692307692307 40.0 4.008004810888152 13 407.0
709 27.0 31.307692307692307 40.0 3.902661813527946 13 407.0
710 27.0 31.53846153846154 40.0 3.8862017578304013 13 410.0
711 28.0 31.53846153846154 40.0 3.799460150586848 13 410.0
712 28.0 31.384615384615383 40.0 3.6637517551107255 13 408.0
713 28.0 31.46153846153846 40.0 3.907586309888851 13 409.0
714 28.0 32.0 41.0 4.415880433163924 13 416.0
715 28.0 31.923076923076923 41.0 4.212314060417355 13 415.0
716 28.0 31.53846153846154 40.0 4.054121043567575 13 410.0
717 28.0 31.692307692307693 41.0 4.0903262988139755 13 412.0
718 28.0 31.692307692307693 40.0 3.7279264876652145 13 412.0
719 28.0 31.76923076923077 40.0 3.9190527374576574 13 413.0
720 28.0 31.692307692307693 40.0 3.705505259849085 13 412.0
721 28.0 31.923076923076923 41.0 4.071476768559913 13 415.0
722 28.0 32.23076923076923 41.0 4.380902611598173 13 419.0
723 28.0 32.23076923076923 41.0 4.39988344833978 13 419.0
724 28.0 32.07692307692308 41.0 4.0509574683346665 13 417.0
725 28.0 31.846153846153847 40.0 3.9758888701386392 13 414.0
726 28.0 32.15384615384615 41.0 4.099718564449553 13 418.0
727 29.0 33.46153846153846 44.0 4.909436230624053 13 435.0
728 28.0 32.07692307692308 41.0 4.132423390327167 13 417.0
729 28.0 33.07692307692308 41.0 4.34859246311452 13 430.0
730 28.0 32.38461538461539 42.0 4.500712194354384 13 421.0
731 29.0 32.76923076923077 42.0 4.24566143558822 13 426.0
732 27.0 32.23076923076923 41.0 4.044622894532241 13 419.0
733 28.0 32.30769230769231 41.0 4.008004810888152 13 420.0
734 28.0 32.61538461538461 42.0 4.011202262382637 13 424.0
735 28.0 32.53846153846154 42.0 4.033513452218893 13 423.0
736 28.0 32.30769230769231 41.0 4.049374753889285 13 420.0
737 28.0 32.46153846153846 41.0 3.9075863098888517 13 422.0
738 29.0 32.84615384615385 42.0 4.219916149367461 13 427.0
739 29.0 33.0 42.0 4.396968652757639 13 429.0
740 28.0 32.69230769230769 42.0 4.171023363328945 13 425.0
741 28.0 32.61538461538461 41.0 4.03192389020555 13 424.0
742 29.0 33.0 42.0 4.102844541697057 13 429.0
743 29.0 33.15384615384615 42.0 3.912504608009083 13 431.0
744 29.0 34.0 43.0 4.915960401250875 13 442.0
745 29.0 33.15384615384615 42.0 3.9967935866590576 13 431.0
746 29.0 33.0 42.0 4.320493798938574 13 429.0
747 30.0 33.23076923076923 42.0 4.166410248520225 13 432.0
748 29.0 32.76923076923077 43.0 4.284737373395755 13 426.0
749 29.0 32.84615384615385 42.0 3.912504608009083 13 427.0
750 30.0 33.15384615384615 42.0 3.7825510317366913 13 431.0
751 30.0 33.23076923076923 43.0 3.9190527374576574 13 432.0
752 29.0 32.84615384615385 43.0 4.180234320508717 13 427.0
753 29.0 33.15384615384615 42.0 4.038278384125134 13 431.0
754 30.0 33.46153846153846 43.0 4.351539662682328 13 435.0
755 30.0 33.38461538461539 42.0 4.1540835639657345 13 434.0
756 29.0 33.07692307692308 43.0 4.030333701269629 13 430.0
757 29.0 33.53846153846154 43.0 4.054121043567574 13 436.0
758 30.0 33.53846153846154 43.0 3.821330148333706 13 436.0
759 30.0 33.84615384615385 43.0 3.8911470855039187 13 440.0
760 29.0 33.30769230769231 43.0 3.987158875369265 13 433.0
761 30.0 34.30769230769231 43.0 4.150996173302167 13 446.0
762 29.0 33.69230769230769 43.0 4.327905871292632 13 438.0
763 29.0 33.84615384615385 43.0 4.278748918514886 13 440.0
764 30.0 33.76923076923077 43.0 3.789323733725367 13 439.0
765 29.0 33.76923076923077 43.0 4.023966661430943 13 439.0
766 29.0 33.69230769230769 43.0 3.8812501290309247 13 438.0
767 30.0 34.07692307692308 43.0 3.796084352363157 13 443.0
768 30.0 33.92307692307692 44.0 3.946761086881632 13 441.0
769 30.0 33.92307692307692 43.0 3.774068062924905 13 441.0
770 30.0 34.0 43.0 3.958114029012639 13 442.0
771 30.0 34.23076923076923 44.0 4.146360776911205 13 445.0
772 30.0 33.92307692307692 44.0 3.9678192680097895 13 441.0
773 30.0 34.15384615384615 44.0 3.9125046080090824 13 444.0
774 30.0 34.07692307692308 44.0 3.8829013735766043 13 443.0
775 30.0 34.46153846153846 44.0 3.9075863098888517 13 448.0
776 29.0 34.0 44.0 3.9791121287711073 13 442.0
777 30.0 34.38461538461539 44.0 3.7757661813743524 13 447.0
778 31.0 34.69230769230769 44.0 4.0903262988139755 13 451.0
779 30.0 34.69230769230769 44.0 3.987158875369265 13 451.0
780 30.0 34.23076923076923 44.0 3.7450822455109076 13 445.0
781 30.0 34.69230769230769 44.0 3.9239566635522243 13 451.0
782 31.0 37.15384615384615 70.0 10.494809461873313 13 483.0
783 31.0 34.69230769230769 45.0 3.8597196656539583 13 451.0
784 30.0 34.15384615384615 44.0 3.8263593193825436 13 444.0
785 30.0 34.46153846153846 45.0 4.095025124371127 13 448.0
786 31.0 34.92307692307692 44.0 3.946761086881632 13 454.0
787 31.0 35.0 44.0 3.9157800414902435 13 455.0
788 30.0 35.23076923076923 45.0 4.437601569801832 13 458.0
789 31.0 38.61538461538461 98.0 17.93292345351821 13 502.0
790 31.0 33.61538461538461 37.0 1.8501559185854912 13 437.0
791 31.0 33.92307692307692 37.0 1.7059473644448735 13 441.0
792 31.0 33.69230769230769 37.0 1.6525039276108335 13 438.0
793 31.0 33.61538461538461 36.0 1.5566235649883127 13 437.0
794 31.0 34.07692307692308 38.0 1.9774368283857793 13 443.0
795 32.0 34.07692307692308 38.0 1.8009968749527976 13 443.0
796 31.0 33.69230769230769 36.0 1.493575987611354 13 438.0
797 31.0 33.76923076923077 37.0 1.7867030229749132 13 439.0
798 32.0 34.15384615384615 37.0 1.7722938923964167 13 444.0
799 32.0 34.0 37.0 1.632993161855452 13 442.0
800 31.0 34.0 37.0 1.8708286933869707 13 442.0
801 32.0 34.23076923076923 37.0 1.6408253082847342 13 445.0
802 32.0 34.46153846153846 38.0 1.8081014266989472 13 448.0
803 32.0 34.53846153846154 38.0 2.1061570302086774 13 449.0
804 31.0 33.92307692307692 37.0 1.8912755158683456 13 441.0
805 32.0 34.15384615384615 37.0 1.5191090506255 13 444.0
806 32.0 34.38461538461539 37.0 1.8045526471705549 13 447.0
807 32.0 34.53846153846154 37.0 1.6132464481796025 13 449.0
808 31.0 34.23076923076923 37.0 1.640825308284734 13 445.0
809 32.0 34.15384615384615 37.0 1.7246329970051526 13 444.0
810 32.0 36.61538461538461 51.0 5.284229075567875 13 476.0
811 32.0 35.0 40.0 2.0816659994661326 13 455.0
812 31.0 34.53846153846154 39.0 2.29548050944258 13 449.0
813 32.0 34.76923076923077 39.0 2.006400016357911 13 452.0
814 32.0 34.92307692307692 39.0 2.0599975105785306 13 454.0
815 32.0 34.76923076923077 39.0 2.1273554065179203 13 452.0
816 31.0 34.53846153846154 39.0 2.258885588639695 13 449.0
817 32.0 35.84615384615385 49.0 4.450583367120799 13 466.0
818 32.0 36.0 46.0 3.7416573867739413 13 468.0
819 32.0 35.30769230769231 39.0 2.287087499587462 13 459.0
820 32.0 35.0 39.0 2.345207879911715 13 455.0
821 32.0 35.38461538461539 40.0 2.3992520201950973 13 460.0
822 32.0 35.38461538461539 39.0 2.3992520201950973 13 460.0
823 33.0 35.46153846153846 40.0 2.331501112137293 13 461.0
824 32.0 35.38461538461539 40.0 2.59930957302324 13 460.0
825 33.0 36.23076923076923 45.0 3.3204880703958306 13 471.0
826 33.0 35.53846153846154 42.0 2.4703368398993892 13 462.0
827 33.0 35.61538461538461 41.0 2.5012817227194253 13 463.0
828 32.0 35.23076923076923 40.0 2.586949495507729 13 458.0
829 32.0 35.61538461538461 40.0 2.3992520201950973 13 463.0
830 33.0 35.84615384615385 40.0 2.409915415049314 13 466.0
831 32.0 35.61538461538461 40.0 2.467740583964123 13 463.0
832 31.0 35.38461538461539 40.0 2.567049588485503 13 460.0
833 32.0 35.84615384615385 39.0 2.1152680620571416 13 466.0
834 33.0 36.0 41.0 2.6457513110645907 13 468.0
835 33.0 36.23076923076923 40.0 2.4547181153120263 13 471.0
836 32.0 35.69230769230769 40.0 2.52931530209974 13 464.0
837 33.0 35.92307692307692 40.0 2.3965787580611124 13 467.0
838 33.0 36.07692307692308 40.0 2.3965787580611124 13 469.0
839 33.0 36.07692307692308 40.0 2.4987176198181626 13 469.0
840 32.0 35.76923076923077 40.0 2.521700687824461 13 465.0
841 33.0 35.92307692307692 40.0 2.5968422639024005 13 467.0
842 33.0 36.30769230769231 41.0 2.4961508830135313 13 472.0
843 33.0 37.23076923076923 45.0 3.6091052943411097 13 484.0
844 33.0 36.0 40.0 2.449489742783178 13 468.0
845 33.0 36.15384615384615 41.0 2.4781092875467863 13 470.0
846 33.0 36.30769230769231 40.0 2.1363760352762253 13 472.0
847 33.0 36.38461538461539 41.0 2.5012817227194253 13 473.0
848 33.0 35.84615384615385 40.0 2.2673829938997163 13 466.0
849 33.0 36.23076923076923 41.0 2.4205318339105477 13 471.0
850 33.0 36.61538461538461 41.0 2.59930957302324 13 476.0
851 34.0 36.69230769230769 41.0 2.4961508830135313 13 477.0
852 33.0 36.38461538461539 40.0 2.218800784900916 13 473.0
853 34.0 36.69230769230769 41.0 2.287087499587462 13 477.0
854 34.0 36.53846153846154 40.0 2.1061570302086774 13 475.0
855 34.0 36.61538461538461 41.0 2.142368686697878 13 476.0
856 33.0 36.38461538461539 41.0 2.2926862533740318 13 473.0
857 34.0 36.61538461538461 41.0 1.8946618668626836 13 476.0
858 34.0 37.0 42.0 2.7386127875258306 13 481.0
859 35.0 37.0 41.0 2.23606797749979 13 481.0
860 33.0 36.61538461538461 41.0 2.364263857893951 13 476.0
861 34.0 36.92307692307692 42.0 2.6913917855989946 13 480.0
862 34.0 36.84615384615385 41.0 2.034951016861497 13 479.0
863 34.0 37.0 42.0 2.309401076758503 13 481.0
864 33.0 36.61538461538461 41.0 2.218800784900916 13 476.0
865 34.0 36.69230769230769 41.0 2.015961945102775 13 477.0
866 34.0 37.23076923076923 42.0 2.4547181153120263 13 484.0
867 35.0 37.61538461538461 42.0 2.3992520201950973 13 489.0
868 33.0 37.0 41.0 2.1213203435596424 13 481.0
869 34.0 37.23076923076923 42.0 2.2043081361221617 13 484.0
870 35.0 37.23076923076923 42.0 2.0878156908535677 13 484.0
871 35.0 37.53846153846154 42.0 2.0662116951635836 13 488.0
872 34.0 37.07692307692308 42.0 2.2898885875932358 13 482.0
873 34.0 37.30769230769231 42.0 2.1750331562459526 13 485.0
874 35.0 37.69230769230769 42.0 2.323238235187235 13 490.0
875 35.0 37.84615384615385 42.0 2.3750843439814178 13 492.0
876 34.0 37.46153846153846 42.0 2.258885588639695 13 487.0
877 34.0 37.38461538461539 42.0 2.218800784900916 13 486.0
878 35.0 37.30769230769231 41.0 1.887883090687176 13 485.0
879 35.0 37.69230769230769 41.0 2.1363760352762253 13 490.0
880 34.0 37.23076923076923 41.0 2.0878156908535677 13 484.0
881 34.0 38.46153846153846 46.0 3.0988004296120946 13 500.0
882 35.0 38.23076923076923 43.0 2.586949495507729 13 497.0
883 35.0 38.92307692307692 46.0 3.040327242845701 13 506.0
884 34.0 38.53846153846154 49.0 3.7553380809940538 13 501.0
885 35.0 37.84615384615385 43.0 2.339734808553947 13 492.0
886 35.0 37.69230769230769 42.0 2.097006413303473 13 490.0
887 35.0 39.84615384615385 64.0 7.603137004401033 13 518.0
888 34.0 37.69230769230769 43.0 2.4625398604088757 13 490.0
889 35.0 38.07692307692308 43.0 2.3965787580611124 13 495.0
890 35.0 38.15384615384615 43.0 2.7642405179408036 13 496.0
891 35.0 38.38461538461539 43.0 2.59930957302324 13 499.0
892 35.0 37.76923076923077 43.0 2.1661735138967266 13 491.0
893 35.0 39.30769230769231 49.0 3.568020351787421 13 511.0
894 35.0 38.07692307692308 43.0 2.2898885875932358 13 495.0
895 35.0 38.15384615384615 43.0 2.2303271003059115 13 496.0
896 35.0 38.15384615384615 43.0 2.2673829938997163 13 496.0
897 35.0 38.23076923076923 44.0 2.4547181153120263 13 497.0
898 35.0 38.46153846153846 44.0 2.8756270219259603 13 500.0
899 36.0 38.84615384615385 43.0 2.409915415049314 13 505.0
900 35.0 38.46153846153846 43.0 2.3669736167866557 13 500.0
901 36.0 38.69230769230769 43.0 2.287087499587462 13 503.0
902 35.0 38.61538461538461 44.0 2.3992520201950973 13 502.0
903 36.0 42.07692307692308 81.0 11.912609135292588 13 547.0
904 34.0 38.84615384615385 44.0 2.7032743678162428 13 505.0
905 35.0 38.84615384615385 43.0 2.577018750615843 13 505.0
906 36.0 39.15384615384615 44.0 2.609155477868712 13 509.0
907 36.0 39.38461538461539 44.0 2.59930957302324 13 512.0
908 35.0 38.84615384615385 43.0 2.3038429433649137 13 505.0
909 35.0 38.84615384615385 43.0 2.3038429433649137 13 505.0
910 36.0 38.76923076923077 43.0 2.1273554065179203 13 504.0
911 36.0 38.92307692307692 44.0 2.2898885875932358 13 506.0
912 36.0 38.84615384615385 44.0 2.339734808553947 13 505.0
913 36.0 39.38461538461539 44.0 2.3992520201950973 13 512.0
914 36.0 39.69230769230769 44.0 2.626296993379823 13 516.0
915 37.0 39.69230769230769 44.0 2.4625398604088757 13 516.0
916 36.0 39.15384615384615 44.0 2.339734808553947 13 509.0
917 36.0 39.30769230769231 44.0 2.562050460881394 13 511.0
918 36.0 39.53846153846154 45.0 2.3669736167866557 13 514.0
919 37.0 39.53846153846154 44.0 2.1453587351685734 13 514.0
920 35.0 40.23076923076923 54.0 4.746118522081073 13 523.0
921 37.0 39.38461538461539 44.0 2.467740583964123 13 512.0
922 36.0 40.0 45.0 2.798809270624444 13 520.0
923 37.0 40.0 44.0 2.48327740429189 13 520.0
924 36.0 39.69230769230769 45.0 2.562050460881394 13 516.0
925 36.0 42.0 69.0 8.504900548115382 13 546.0
926 37.0 40.07692307692308 45.0 2.6287366566958377 13 521.0
927 37.0 40.07692307692308 44.0 2.361550989693654 13 521.0
928 36.0 39.61538461538461 44.0 2.2560460078960247 13 515.0
929 36.0 40.15384615384615 45.0 2.5770187506158435 13 522.0
930 37.0 40.53846153846154 45.0 2.8170724939016805 13 527.0
931 37.0 40.53846153846154 45.0 2.8465003254108545 13 527.0
932 37.0 40.07692307692308 45.0 2.4311018921995866 13 521.0
933 36.0 40.23076923076923 45.0 2.712742958515303 13 523.0
934 38.0 40.53846153846154 45.0 2.4019223070763065 13 527.0
935 38.0 41.23076923076923 46.0 2.803386230788466 13 536.0
936 37.0 40.23076923076923 45.0 2.4205318339105477 13 523.0
937 36.0 40.23076923076923 45.0 2.8033862307884654 13 523.0
938 37.0 40.69230769230769 45.0 2.750291359856727 13 529.0
939 37.0 41.76923076923077 50.0 3.700311837170983 13 543.0
940 37.0 40.69230769230769 46.0 2.7198227694899346 13 529.0
941 36.0 40.61538461538461 45.0 2.754948926884778 13 528.0
942 37.0 41.76923076923077 51.0 3.654993072356548 13 543.0
943 37.0 40.84615384615385 45.0 2.511511956509924 13 531.0
944 37.0 41.46153846153846 50.0 3.5500090285186743 13 539.0
945 37.0 40.92307692307692 46.0 2.6913917855989946 13 532.0
946 37.0 41.07692307692308 46.0 2.900044208327937 13 534.0
947 37.0 41.07692307692308 46.0 2.985005261344846 13 534.0
948 36.0 40.61538461538461 46.0 2.959123224269354 13 528.0
949 37.0 41.0 45.0 2.614064523559687 13 533.0
950 38.0 40.92307692307692 46.0 2.6287366566958377 13 532.0
951 37.0 41.23076923076923 46.0 2.650592580092426 13 536.0
952 37.0 40.92307692307692 46.0 2.6287366566958377 13 532.0
953 38.0 42.76923076923077 66.0 7.395424781059415 13 556.0
954 37.0 41.38461538461539 47.0 3.123525293063954 13 538.0
955 38.0 41.69230769230769 47.0 2.7804260879888956 13 542.0
956 37.0 40.92307692307692 46.0 2.7827306272059005 13 532.0
957 37.0 41.23076923076923 47.0 3.004270464795243 13 536.0
958 37.0 41.15384615384615 46.0 2.911075226502911 13 535.0
959 38.0 41.69230769230769 47.0 2.9264487974510276 13 542.0
960 37.0 41.23076923076923 46.0 2.8329562343320847 13 536.0
961 37.0 41.23076923076923 46.0 2.5545334262132933 13 536.0
962 39.0 44.69230769230769 76.0 9.801229645514002 13 581.0
963 38.0 42.07692307692308 49.0 3.226492896359205 13 547.0
964 37.0 44.69230769230769 81.0 11.294427943198476 13 581.0
965 38.0 41.92307692307692 48.0 2.8125178062114395 13 545.0
966 38.0 41.76923076923077 47.0 2.554533426213293 13 543.0
967 39.0 42.0 47.0 2.7688746209726918 13 546.0
968 37.0 41.76923076923077 47.0 2.743290182543769 13 543.0
969 37.0 41.69230769230769 47.0 2.8102376941169758 13 542.0
970 38.0 42.0 49.0 3.1885210782848317 13 546.0
971 39.0 45.15384615384615 81.0 11.141859164476351 13 587.0
972 38.0 41.92307692307692 47.0 2.5645512427953308 13 545.0
973 38.0 42.15384615384615 47.0 2.640901167094099 13 548.0
974 39.0 42.38461538461539 48.0 2.6311740579210876 13 551.0
975 39.0 42.84615384615385 48.0 2.444250186531439 13 557.0
976 38.0 42.23076923076923 47.0 2.586949495507729 13 549.0
977 38.0 42.53846153846154 47.0 2.633609203336257 13 553.0
978 39.0 42.69230769230769 49.0 2.9547875102567414 13 555.0
979 39.0 42.92307692307692 50.0 2.985005261344846 13 558.0
980 38.0 42.38461538461539 47.0 2.567049588485503 13 551.0
981 38.0 43.15384615384615 51.0 3.4843974573842234 13 561.0
982 39.0 43.69230769230769 55.0 4.230536124114283 13 568.0
983 39.0 42.76923076923077 49.0 2.6189643676412167 13 556.0
984 38.0 42.30769230769231 46.0 2.3939025107069902 13 550.0
985 39.0 42.61538461538461 46.0 2.364263857893951 13 554.0
986 38.0 42.61538461538461 49.0 2.959123224269354 13 554.0
987 39.0 43.0 49.0 2.7386127875258306 13 559.0
988 38.0 42.46153846153846 47.0 2.503843199809199 13 552.0
989 39.0 42.61538461538461 46.0 2.063106942552968 13 554.0
990 39.0 42.84615384615385 46.0 2.409915415049314 13 557.0
991 39.0 42.84615384615385 47.0 2.444250186531439 13 557.0
992 38.0 42.23076923076923 46.0 2.3506682083273738 13 549.0
993 38.0 42.61538461538461 46.0 2.1809195896250406 13 554.0
994 39.0 42.69230769230769 47.0 2.323238235187235 13 555.0
995 40.0 43.53846153846154 51.0 3.017045591727792 13 566.0
996 38.0 42.53846153846154 46.0 2.3669736167866557 13 553.0
997 39.0 42.92307692307692 47.0 2.253202848596432 13 558.0
998 40.0 42.76923076923077 47.0 2.0878156908535677 13 556.0
999 40.0 43.15384615384615 46.0 2.230327100305911 13 561.0
1000 38.0 42.76923076923077 47.0 2.488434787634125 13 556.0
1001 39.0 44.53846153846154 57.0 4.351539662682328 13 579.0
1002 40.0 43.30769230769231 48.0 2.5943726083138543 13 563.0
1003 40.0 43.46153846153846 48.0 2.633609203336257 13 565.0
1004 39.0 42.84615384615385 47.0 2.4781092875467863 13 557.0
1005 40.0 44.53846153846154 60.0 5.253814243248814 13 579.0
1006 40.0 44.76923076923077 63.0 5.904148910636855 13 582.0
1007 40.0 43.23076923076923 48.0 2.4547181153120263 13 562.0
1008 39.0 43.61538461538461 54.0 3.731363949426124 13 567.0
1009 40.0 43.23076923076923 47.0 2.2417941532712202 13 562.0
1010 40.0 44.15384615384615 57.0 4.775739974882668 13 574.0
1011 40.0 43.46153846153846 49.0 3.0445411426405076 13 565.0
1012 39.0 43.15384615384615 49.0 3.0234129127569793 13 561.0
1013 40.0 43.23076923076923 49.0 2.8033862307884654 13 562.0
1014 40.0 43.53846153846154 49.0 2.6650636207348035 13 566.0
1015 41.0 43.92307692307692 49.0 2.4311018921995866 13 571.0
1016 39.0 44.07692307692308 56.0 4.517771177279391 13 573.0
1017 41.0 44.61538461538461 59.0 4.822490047310647 13 580.0
1018 41.0 45.38461538461539 58.0 4.992301766027062 13 590.0
1019 40.0 45.23076923076923 59.0 5.1664598800636865 13 588.0
1020 40.0 47.07692307692308 72.0 9.013522604597481 13 612.0
1021 40.0 45.38461538461539 58.0 4.770367937215142 13 590.0
1022 41.0 45.53846153846154 58.0 4.629891730472479 13 592.0
1023 41.0 45.84615384615385 59.0 4.947156655530423 13 596.0
1024 39.0 46.38461538461539 56.0 5.605629039017559 13 603.0
1025 40.0 46.46153846153846 59.0 5.531958432830466 13 604.0
1026 41.0 47.84615384615385 59.0 5.459642140991689 13 622.0
1027 41.0 47.15384615384615 59.0 5.2890792180075135 13 613.0
1028 40.0 46.30769230769231 59.0 5.202317038022824 13 602.0
1029 40.0 46.69230769230769 59.0 5.328924459723171 13 607.0
1030 40.0 47.07692307692308 59.0 5.936631177998996 13 612.0
1031 40.0 47.23076923076923 59.0 5.494752741689811 13 614.0
1032 40.0 46.69230769230769 59.0 5.391113295424477 13 607.0
1033 40.0 46.84615384615385 59.0 5.490084301814102 13 609.0
1034 41.0 47.30769230769231 59.0 5.344539509078642 13 615.0
1035 41.0 47.84615384615385 60.0 5.9839528998557725 13 622.0
1036 40.0 46.76923076923077 59.0 5.325314484513975 13 608.0
1037 41.0 46.92307692307692 60.0 5.514549520156331 13 610.0
1038 41.0 47.07692307692308 60.0 5.469027007636405 13 612.0
1039 41.0 47.0 59.0 5.163977794943222 13 611.0
1040 40.0 46.92307692307692 59.0 5.544690229723366 13 610.0
1041 41.0 47.15384615384615 59.0 5.1453239911942354 13 613.0
1042 42.0 47.76923076923077 59.0 5.230580690418067 13 621.0
1043 42.0 48.15384615384615 60.0 5.683985600588052 13 626.0
1044 40.0 48.0 59.0 5.354126134736337 13 624.0
1045 41.0 52.92307692307692 119.0 20.593128054691523 13 688.0
1046 41.0 48.61538461538461 60.0 6.640010812471888 13 632.0
1047 42.0 47.46153846153846 60.0 5.34813650747287 13 617.0
1048 41.0 47.53846153846154 60.0 5.562004803656451 13 618.0
1049 41.0 48.69230769230769 60.0 6.7005548947408755 13 633.0
1050 41.0 47.30769230769231 60.0 5.573517970196433 13 615.0
1051 42.0 48.0 61.0 5.5377492419453835 13 624.0
1052 41.0 47.53846153846154 60.0 5.709865506521507 13 618.0
1053 41.0 48.69230769230769 61.0 6.088029448360328 13 633.0
1054 42.0 47.69230769230769 60.0 5.328924459723171 13 620.0
1055 41.0 49.23076923076923 71.0 8.545504141104901 13 640.0
1056 41.0 48.15384615384615 60.0 6.175842099748474 13 626.0
1057 42.0 47.07692307692308 60.0 5.423122385697783 13 612.0
1058 41.0 47.46153846153846 60.0 5.4101045063132345 13 617.0
1059 42.0 47.53846153846154 61.0 5.680601268284087 13 618.0
1060 41.0 47.0 61.0 5.627314338711377 13 611.0
1061 41.0 47.61538461538461 61.0 6.048945659347884 13 619.0
1062 41.0 47.30769230769231 61.0 5.573517970196433 13 615.0
1063 42.0 47.76923076923077 61.0 5.65912016356262 13 621.0
1064 41.0 47.30769230769231 61.0 5.750139351711623 13 615.0
1065 42.0 52.61538461538461 121.0 21.215318606840285 13 684.0
1066 42.0 49.15384615384615 66.0 7.559168316754538 13 639.0
1067 42.0 49.76923076923077 61.0 5.585007403066507 13 647.0
1068 41.0 48.46153846153846 70.0 8.530488307783486 13 630.0
1069 42.0 48.23076923076923 61.0 5.918246448538707 13 627.0
1070 42.0 47.46153846153846 61.0 5.285442028430303 13 617.0
1071 42.0 48.07692307692308 61.0 5.736746151805605 13 625.0
1072 41.0 47.38461538461539 62.0 5.766837110271996 13 616.0
1073 42.0 49.0 61.0 6.782329983125268 13 637.0
1074 42.0 48.15384615384615 61.0 5.698627815041001 13 626.0
1075 43.0 48.38461538461539 62.0 5.485411888795917 13 629.0
1076 42.0 48.69230769230769 62.0 6.95682656801475 13 633.0
1077 42.0 47.92307692307692 62.0 5.823251360731083 13 623.0
1078 42.0 51.61538461538461 89.0 13.244737706843306 13 671.0
1079 43.0 48.53846153846154 64.0 5.531958432830466 13 631.0
1080 42.0 47.84615384615385 68.0 6.706292490963914 13 622.0
1081 42.0 47.92307692307692 64.0 5.851802264566853 13 623.0
1082 43.0 48.30769230769231 67.0 6.459935698655926 13 628.0
1083 43.0 48.46153846153846 63.0 6.008540929590486 13 630.0
1084 42.0 48.38461538461539 72.0 7.7086365151741925 13 629.0
1085 43.0 48.76923076923077 72.0 7.693653728385994 13 634.0
1086 43.0 48.61538461538461 70.0 7.194192814792376 13 632.0
1087 43.0 49.53846153846154 73.0 8.027197358723495 13 644.0
1088 43.0 51.53846153846154 109.0 17.495787038672027 13 670.0
1089 42.0 50.15384615384615 75.0 8.503392987960295 13 652.0
1090 43.0 50.15384615384615 72.0 7.6903202560768325 13 652.0
1091 43.0 49.15384615384615 69.0 6.8901639294256976 13 639.0
1092 43.0 49.46153846153846 73.0 8.24232354593639 13 643.0
1093 43.0 48.84615384615385 69.0 6.878058760122097 13 635.0
1094 43.0 48.46153846153846 64.0 5.591889731497821 13 630.0
1095 43.0 48.0 54.0 3.696845502136472 13 624.0
1096 43.0 50.30769230769231 84.0 10.926913374665139 13 654.0
1097 43.0 49.23076923076923 72.0 7.617456335657003 13 640.0
1098 43.0 49.38461538461539 72.0 7.7086365151741925 13 642.0
1099 44.0 49.76923076923077 73.0 7.726079710455212 13 647.0
1100 43.0 49.53846153846154 73.0 8.282666485049614 13 644.0
1101 44.0 50.53846153846154 73.0 7.8910855254033825 13 657.0
1102 43.0 49.30769230769231 73.0 7.7715787261943055 13 641.0
1103 43.0 50.61538461538461 85.0 10.843880467330115 13 658.0
1104 44.0 50.15384615384615 73.0 7.603137004401033 13 652.0
1105 43.0 50.0 72.0 7.979139469057215 13 650.0
1106 43.0 49.38461538461539 68.0 6.702467972551374 13 642.0
1107 43.0 49.69230769230769 73.0 7.814352344507032 13 646.0
1108 43.0 49.15384615384615 73.0 7.882957924600742 13 639.0
1109 44.0 50.07692307692308 72.0 7.857708937316891 13 651.0
1110 44.0 49.76923076923077 73.0 7.5955452531275 13 647.0
1111 44.0 49.69230769230769 71.0 7.238607317532558 13 646.0
1112 43.0 49.61538461538461 71.0 7.159358229367368 13 645.0
1113 44.0 50.92307692307692 72.0 7.8151726197777025 13 662.0
1114 44.0 51.07692307692308 72.0 8.190050248742255 13 664.0
1115 44.0 50.92307692307692 68.0 7.376330822994343 13 662.0
1116 44.0 49.76923076923077 63.0 5.599908424159662 13 647.0
1117 44.0 50.0 63.0 5.901977069875258 13 650.0
1118 44.0 50.15384615384615 63.0 6.189320827658905 13 652.0
1119 44.0 49.38461538461539 57.0 3.9903730305670573 13 642.0
1120 44.0 49.38461538461539 64.0 5.284229075567876 13 642.0
1121 44.0 52.61538461538461 89.0 12.757602057456184 13 684.0
1122 44.0 53.76923076923077 70.0 9.084362444643048 13 699.0
1123 44.0 50.92307692307692 64.0 6.435080140158039 13 662.0
1124 44.0 50.53846153846154 63.0 6.450004969189101 13 657.0
1125 44.0 50.61538461538461 63.0 6.423115307731153 13 658.0
1126 45.0 51.07692307692308 67.0 7.273943662845927 13 664.0
1127 44.0 50.84615384615385 64.0 6.517235531600724 13 661.0
1128 44.0 53.15384615384615 85.0 11.444402954036484 13 691.0
1129 44.0 51.15384615384615 66.0 6.9383734146430625 13 665.0
1130 44.0 51.0 64.0 6.258327785172862 13 663.0
1131 45.0 52.15384615384615 64.0 6.282862323364962 13 678.0
1132 44.0 50.61538461538461 64.0 6.33164619903415 13 658.0
1133 44.0 51.15384615384615 66.0 6.926352501451176 13 665.0
1134 44.0 50.61538461538461 64.0 6.103802933942926 13 658.0
1135 45.0 51.15384615384615 64.0 5.956035508151288 13 665.0
1136 44.0 50.69230769230769 64.0 6.329621044272916 13 659.0
1137 44.0 51.30769230769231 66.0 6.84817025908643 13 667.0
1138 45.0 51.61538461538461 64.0 6.252179107298798 13 671.0
1139 45.0 51.61538461538461 65.0 6.185176655230654 13 671.0
1140 45.0 51.69230769230769 64.0 6.019200049073732 13 672.0
1141 45.0 51.69230769230769 67.0 6.944837595708717 13 672.0
1142 45.0 51.07692307692308 64.0 5.8943693253468386 13 664.0
1143 45.0 51.46153846153846 64.0 5.910659644734879 13 669.0
1144 45.0 51.53846153846154 67.0 6.899461145811614 13 670.0
1145 45.0 52.61538461538461 65.0 6.318471090626033 13 684.0
1146 45.0 51.92307692307692 65.0 6.184140178196945 13 675.0
1147 45.0 52.23076923076923 65.0 6.622610841577086 13 679.0
1148 45.0 52.07692307692308 69.0 7.521763295725483 13 677.0
1149 45.0 51.84615384615385 65.0 6.780439438145508 13 674.0
1150 46.0 52.07692307692308 65.0 6.43508014015804 13 677.0
1151 45.0 52.46153846153846 69.0 7.206656467176539 13 682.0
1152 45.0 52.38461538461539 65.0 6.46192001315478 13 681.0
1153 46.0 51.46153846153846 66.0 6.319485535698096 13 669.0
1154 46.0 52.0 66.0 6.819090848492928 13 676.0
1155 46.0 52.46153846153846 70.0 7.378068679261357 13 682.0
1156 45.0 51.30769230769231 65.0 6.663140092886828 13 667.0
1157 45.0 51.76923076923077 66.0 6.88178569551351 13 673.0
1158 46.0 51.84615384615385 66.0 6.768138023688073 13 674.0
1159 46.0 53.84615384615385 71.0 8.581434940674294 13 700.0
1160 45.0 52.53846153846154 71.0 7.589635307612884 13 683.0
1161 46.0 52.07692307692308 67.0 6.763400752845402 13 677.0
1162 46.0 53.0 70.0 7.3484692283495345 13 689.0
1163 47.0 53.07692307692308 70.0 7.308232098822287 13 690.0
1164 46.0 51.84615384615385 66.0 6.841614744173506 13 674.0
1165 46.0 52.76923076923077 71.0 7.704477552629664 13 686.0
1166 46.0 52.53846153846154 70.0 7.378068679261359 13 683.0
1167 47.0 52.61538461538461 67.0 6.825667995862646 13 684.0
1168 45.0 52.38461538461539 71.0 7.697818538807618 13 681.0
1169 46.0 53.69230769230769 72.0 7.814352344507033 13 698.0
1170 46.0 52.61538461538461 67.0 6.874329804163476 13 684.0
1171 47.0 53.23076923076923 71.0 7.395424781059416 13 692.0
1172 46.0 52.15384615384615 66.0 6.768138023688073 13 678.0
1173 47.0 53.92307692307692 71.0 7.376330822994345 13 701.0
1174 46.0 52.69230769230769 69.0 7.169200506153799 13 685.0
1175 47.0 52.84615384615385 67.0 6.631316534019392 13 687.0
1176 45.0 53.76923076923077 70.0 8.564985368287232 13 699.0
1177 47.0 53.30769230769231 68.0 7.261595501731643 13 693.0
1178 46.0 53.46153846153846 71.0 7.567643673510981 13 695.0
1179 46.0 53.38461538461539 69.0 7.286270897361941 13 694.0
1180 46.0 53.92307692307692 67.0 6.812507351207513 13 701.0
1181 46.0 53.23076923076923 68.0 7.166517589385681 13 692.0
1182 47.0 53.15384615384615 68.0 7.081032808921707 13 691.0
1183 46.0 53.15384615384615 68.0 6.998168258505862 13 691.0
1184 46.0 52.92307692307692 68.0 7.342360411356584 13 688.0
1185 46.0 53.15384615384615 68.0 7.3012117013337114 13 691.0
1186 47.0 54.46153846153846 68.0 7.007322177734095 13 708.0
1187 47.0 53.76923076923077 69.0 7.462727898852247 13 699.0
1188 47.0 53.30769230769231 68.0 7.180814895546504 13 693.0
1189 47.0 53.61538461538461 68.0 7.089175569585667 13 697.0
1190 47.0 53.53846153846154 68.0 7.287150616157465 13 696.0
1191 47.0 53.84615384615385 69.0 7.174563329873044 13 700.0
1192 46.0 53.38461538461539 68.0 7.489308618940975 13 694.0
1193 47.0 53.61538461538461 69.0 7.205766921228921 13 697.0
1194 47.0 54.07692307692308 69.0 7.273943662845927 13 703.0
1195 47.0 54.30769230769231 69.0 7.250110520819842 13 706.0
1196 47.0 53.84615384615385 69.0 7.369375299690762 13 700.0
1197 47.0 54.15384615384615 69.0 7.312616424670377 13 704.0
1198 48.0 54.07692307692308 69.0 7.158462805909503 13 703.0
1199 47.0 54.23076923076923 69.0 7.2013175432676455 13 705.0
1200 47.0 54.0 69.0 7.404953297174354 13 702.0
1201 48.0 54.15384615384615 69.0 7.151295382028744 13 704.0
1202 47.0 54.30769230769231 70.0 7.431740659547346 13 706.0
1203 48.0 54.38461538461539 70.0 7.136040703574842 13 707.0
1204 48.0 55.15384615384615 69.0 7.081032808921707 13 717.0
1205 48.0 54.53846153846154 70.0 7.160253540848311 13 709.0
1206 48.0 55.30769230769231 69.0 7.192410529910624 13 719.0
1207 48.0 55.30769230769231 70.0 6.980742742056122 13 719.0
1208 46.0 53.76923076923077 70.0 7.5294294400245025 13 699.0
1209 47.0 56.61538461538461 83.0 10.782226590848953 13 736.0
1210 47.0 54.53846153846154 70.0 7.445528687467226 13 709.0
1211 47.0 54.84615384615385 71.0 7.559168316754538 13 713.0
1212 47.0 54.23076923076923 70.0 7.35021367210784 13 705.0
1213 48.0 54.61538461538461 71.0 7.566796565020778 13 710.0
1214 48.0 54.69230769230769 70.0 7.3301275044005365 13 711.0
1215 48.0 54.76923076923077 71.0 7.429152555460663 13 712.0
1216 47.0 54.38461538461539 70.0 7.577801589054501 13 707.0
1217 48.0 54.76923076923077 71.0 7.5294294400245025 13 712.0
1218 48.0 56.07692307692308 71.0 8.118513189633704 13 729.0
1219 48.0 55.53846153846154 71.0 7.545587945011141 13 722.0
1220 48.0 55.0 70.0 7.268654162452175 13 715.0
1221 48.0 55.07692307692308 71.0 7.387619581226628 13 716.0
1222 48.0 55.15384615384615 71.0 7.425700346837707 13 717.0
1223 48.0 56.46153846153846 71.0 8.027197358723493 13 734.0
1224 48.0 55.61538461538461 71.0 7.478173368081066 13 723.0
1225 48.0 55.07692307692308 72.0 7.598920301173696 13 716.0
1226 48.0 55.46153846153846 71.0 7.578647467450734 13 721.0
1227 49.0 55.92307692307692 72.0 7.477316123466789 13 727.0
1228 48.0 55.0 71.0 7.494442385305705 13 715.0
1229 49.0 55.61538461538461 72.0 7.533685038306967 13 723.0
1230 49.0 55.38461538461539 71.0 7.455852975330427 13 720.0
1231 49.0 55.69230769230769 72.0 7.398024684384963 13 724.0
1232 48.0 55.30769230769231 71.0 7.341487308266349 13 719.0
1233 49.0 57.38461538461539 72.0 7.4446676838578165 13 746.0
1234 49.0 55.69230769230769 71.0 7.398024684384962 13 724.0
1235 49.0 56.07692307692308 72.0 7.387619581226628 13 729.0
1236 49.0 55.46153846153846 71.0 7.252762515246457 13 721.0
1237 49.0 55.84615384615385 72.0 7.668617366102725 13 726.0
1238 48.0 55.38461538461539 71.0 7.500427338252818 13 720.0
1239 49.0 56.0 73.0 7.637626158259733 13 728.0
1240 48.0 56.38461538461539 72.0 7.984761127072634 13 733.0
1241 49.0 56.0 74.0 8.256310717667224 13 728.0
1242 49.0 54.76923076923077 71.0 6.193462227137125 13 712.0
1243 49.0 55.07692307692308 72.0 6.370001811375181 13 716.0
1244 49.0 54.38461538461539 72.0 6.185176655230655 13 707.0
1245 49.0 54.46153846153846 73.0 6.385078759829887 13 708.0
1246 50.0 54.46153846153846 72.0 6.077491047784228 13 708.0
1247 49.0 54.61538461538461 73.0 6.423115307731154 13 710.0
1248 48.0 54.61538461538461 73.0 6.397114734243629 13 710.0
1249 49.0 54.76923076923077 73.0 6.418123377772329 13 712.0
1250 49.0 56.92307692307692 85.0 10.347797982030915 13 740.0
1251 50.0 55.07692307692308 72.0 5.922577401513895 13 716.0
1252 49.0 54.53846153846154 72.0 5.839740071489835 13 709.0
1253 49.0 54.69230769230769 73.0 6.060591491823981 13 711.0
1254 50.0 54.84615384615385 73.0 6.094343741620228 13 713.0
1255 50.0 55.30769230769231 74.0 6.250128203813307 13 719.0
1256 49.0 54.61538461538461 73.0 6.198635085490752 13 710.0
1257 50.0 55.53846153846154 73.0 5.966788424484658 13 722.0
1258 50.0 55.23076923076923 72.0 5.833150180274894 13 718.0
1259 49.0 55.23076923076923 72.0 5.918246448538707 13 718.0
1260 50.0 55.53846153846154 72.0 6.23986357510302 13 722.0
1261 50.0 55.84615384615385 74.0 6.269584699778153 13 726.0
1262 50.0 55.07692307692308 73.0 6.0753811740710075 13 716.0
1263 50.0 55.23076923076923 74.0 6.206902691813448 13 718.0
1264 50.0 55.0 73.0 6.096447052723961 13 715.0
1265 50.0 55.0 73.0 5.986094998689324 13 715.0
1266 50.0 55.46153846153846 73.0 6.159212403862805 13 721.0
1267 50.0 56.15384615384615 74.0 7.1977560605852915 13 730.0
1268 50.0 55.0 73.0 6.027713773341708 13 715.0
1269 50.0 55.53846153846154 74.0 6.22649425995325 13 722.0
1270 50.0 55.69230769230769 74.0 6.250128203813308 13 724.0
1271 51.0 55.84615384615385 74.0 6.094343741620228 13 726.0
1272 49.0 56.23076923076923 74.0 6.456958083517941 13 731.0
1273 50.0 55.53846153846154 74.0 6.253204306798563 13 722.0
1274 51.0 55.92307692307692 74.0 6.29101923991042 13 727.0
1275 50.0 56.0 74.0 6.48074069840786 13 728.0
1276 50.0 55.46153846153846 74.0 6.424113228238647 13 721.0
1277 50.0 56.0 75.0 6.442049363362563 13 728.0
1278 51.0 55.76923076923077 75.0 6.444039185607194 13 725.0
1279 51.0 56.07692307692308 75.0 6.396112601436626 13 729.0
1280 50.0 58.15384615384615 89.0 9.956958654178777 13 756.0
1281 50.0 55.92307692307692 66.0 4.680839284813826 13 727.0
1282 51.0 55.15384615384615 61.0 3.601993749905595 13 717.0
1283 52.0 55.76923076923077 63.0 3.7450822455109076 13 725.0
1284 50.0 55.15384615384615 62.0 3.436232283721854 13 717.0
1285 51.0 55.46153846153846 62.0 3.502746175393068 13 721.0
1286 51.0 55.30769230769231 63.0 3.6602507970678593 13 719.0
1287 51.0 56.30769230769231 66.0 4.497862740321144 13 732.0
1288 50.0 54.76923076923077 62.0 3.467800603500874 13 712.0
1289 51.0 56.84615384615385 75.0 6.401121696574669 13 739.0
1290 51.0 56.15384615384615 63.0 3.8480764425479266 13 730.0
1291 51.0 55.53846153846154 62.0 3.4306312493811935 13 722.0
1292 51.0 54.84615384615385 62.0 3.2620584974867697 13 713.0
1293 51.0 56.30769230769231 66.0 4.250188532771524 13 732.0
1294 51.0 55.07692307692308 63.0 3.593084525899218 13 716.0
1295 51.0 55.76923076923077 63.0 3.4917485150433865 13 725.0
1296 51.0 54.92307692307692 63.0 3.639174321682014 13 714.0
1297 51.0 55.30769230769231 63.0 3.449265994010305 13 719.0
1298 51.0 55.61538461538461 64.0 3.8630398552276057 13 723.0
tot,0.0,27.999585479954913,121.0,17.797838576154305,16887
