##bucket, min, mean, max, stddev, count,total
0 4.0 9.461538461538463 43.0 10.421255399545876 13 123.0
1 4.0 5.769230769230769 15.0 2.919870035744917 13 75.0
2 4.0 5.615384615384615 14.0 2.631174057921088 13 73.0
3 4.0 5.461538461538462 11.0 1.9414506867883021 13 71.0
4 4.0 5.3076923076923075 10.0 1.5483655567842813 13 69.0
5 4.0 5.3076923076923075 9.0 1.377474463442389 13 69.0
6 4.0 5.0 9.0 1.35400640077266 13 65.0
7 4.0 5.0 8.0 1.0801234497346435 13 65.0
8 4.0 5.0 8.0 1.1547005383792515 13 65.0
9 4.0 5.076923076923077 8.0 1.0377490433255419 13 66.0
10 4.0 5.153846153846154 8.0 0.9870962335856487 13 67.0
11 4.0 4.6923076923076925 7.0 0.947330933431342 13 61.0
12 4.0 5.076923076923077 7.0 0.7595545253127501 13 66.0
13 4.0 5.230769230769231 10.0 1.5358952955766088 13 68.0
14 4.0 4.769230769230769 8.0 1.1657505560686467 13 62.0
15 4.0 5.3076923076923075 8.0 0.9473309334313418 13 69.0
16 4.0 4.923076923076923 7.0 0.9540735874430286 13 64.0
17 4.0 5.076923076923077 7.0 0.8623164985025763 13 66.0
18 4.0 4.538461538461538 6.0 0.7762500258061849 13 59.0
19 4.0 5.076923076923077 7.0 0.75955452531275 13 66.0
20 4.0 4.846153846153846 7.0 0.8987170342729168 13 63.0
21 4.0 5.3076923076923075 9.0 1.2506408613597129 13 69.0
22 4.0 4.6923076923076925 6.0 0.7510676161988107 13 61.0
23 4.0 5.153846153846154 7.0 0.6887372317211945 13 67.0
24 4.0 4.6923076923076925 6.0 0.7510676161988106 13 61.0
25 4.0 5.3076923076923075 8.0 1.1094003924504583 13 69.0
26 4.0 4.923076923076923 6.0 0.6405126152203486 13 64.0
27 4.0 4.846153846153846 7.0 0.8987170342729172 13 63.0
28 4.0 4.846153846153846 6.0 0.6887372317211945 13 63.0
29 4.0 4.923076923076923 7.0 0.8623164985025764 13 64.0
30 4.0 4.846153846153846 6.0 0.6887372317211945 13 63.0
31 4.0 5.076923076923077 6.0 0.4935481167928245 13 66.0
32 4.0 5.230769230769231 11.0 1.921537845661046 13 68.0
33 4.0 5.0 7.0 0.816496580927726 13 65.0
34 4.0 5.076923076923077 7.0 1.0377490433255416 13 66.0
35 4.0 5.230769230769231 8.0 0.9268086959962984 13 68.0
36 4.0 4.769230769230769 7.0 0.9268086959962984 13 62.0
37 4.0 5.153846153846154 8.0 1.0681880176381124 13 67.0
38 4.0 4.923076923076923 8.0 1.1151635501529558 13 64.0
39 4.0 5.0 7.0 0.816496580927726 13 65.0
40 4.0 4.923076923076923 8.0 1.1151635501529558 13 64.0
41 4.0 5.538461538461538 9.0 1.6641005886756872 13 72.0
42 4.0 5.076923076923077 8.0 0.9540735874430287 13 66.0
43 4.0 4.846153846153846 7.0 0.8006407690254357 13 63.0
44 4.0 4.923076923076923 7.0 0.7595545253127501 13 64.0
45 4.0 5.0 8.0 1.0 13 65.0
46 4.0 4.923076923076923 7.0 0.7595545253127501 13 64.0
47 4.0 5.230769230769231 8.0 0.9268086959962986 13 68.0
48 4.0 5.230769230769231 8.0 0.9268086959962983 13 68.0
49 4.0 5.153846153846154 7.0 0.6887372317211945 13 67.0
50 4.0 5.230769230769231 7.0 0.7250110520819841 13 68.0
51 4.0 5.3076923076923075 8.0 1.031553471276484 13 69.0
52 4.0 5.076923076923077 7.0 0.8623164985025763 13 66.0
53 4.0 5.230769230769231 8.0 1.0919284281983377 13 68.0
54 4.0 5.153846153846154 7.0 0.6887372317211945 13 67.0
55 5.0 5.384615384615385 8.0 0.9607689228305228 13 70.0
56 4.0 5.230769230769231 7.0 0.7250110520819841 13 68.0
57 4.0 5.3076923076923075 8.0 1.031553471276484 13 69.0
58 5.0 5.3076923076923075 7.0 0.6304251719561152 13 69.0
59 5.0 5.384615384615385 8.0 0.8697184926229041 13 70.0
60 4.0 5.230769230769231 7.0 0.8320502943378435 13 68.0
61 4.0 5.230769230769231 8.0 0.9268086959962983 13 68.0
62 4.0 5.3076923076923075 8.0 1.031553471276484 13 69.0
63 4.0 5.3076923076923075 9.0 1.2506408613597129 13 69.0
64 4.0 5.3076923076923075 8.0 1.031553471276484 13 69.0
65 4.0 5.230769230769231 7.0 0.8320502943378437 13 68.0
66 4.0 5.153846153846154 7.0 0.6887372317211945 13 67.0
67 4.0 5.461538461538462 8.0 1.0500305245868344 13 71.0
68 5.0 5.461538461538462 7.0 0.7762500258061849 13 71.0
69 5.0 5.461538461538462 7.0 0.7762500258061849 13 71.0
70 4.0 5.230769230769231 7.0 0.9268086959962983 13 68.0
71 4.0 5.076923076923077 7.0 0.75955452531275 13 66.0
72 5.0 5.384615384615385 7.0 0.7679476477883044 13 70.0
73 5.0 5.3076923076923075 8.0 0.8548504142651104 13 69.0
74 5.0 5.384615384615385 8.0 0.9607689228305227 13 70.0
75 4.0 5.230769230769231 8.0 0.9268086959962986 13 68.0
76 4.0 5.230769230769231 8.0 1.1657505560686465 13 68.0
77 4.0 5.230769230769231 8.0 0.9268086959962986 13 68.0
78 5.0 5.230769230769231 7.0 0.599144689515278 13 68.0
79 4.0 5.3076923076923075 8.0 0.947330933431342 13 69.0
80 5.0 5.153846153846154 7.0 0.5547001962252291 13 67.0
81 5.0 5.230769230769231 7.0 0.599144689515278 13 68.0
82 5.0 5.3076923076923075 8.0 0.8548504142651104 13 69.0
83 4.0 5.0 6.0 0.408248290463863 13 65.0
84 5.0 5.076923076923077 6.0 0.2773500981126145 13 66.0
85 5.0 5.153846153846154 6.0 0.3755338080994054 13 67.0
86 4.0 5.0 6.0 0.408248290463863 13 65.0
87 4.0 5.076923076923077 6.0 0.4935481167928246 13 66.0
88 4.0 5.230769230769231 6.0 0.5991446895152781 13 68.0
89 5.0 5.3076923076923075 8.0 0.8548504142651104 13 69.0
90 5.0 5.3076923076923075 6.0 0.4803844614152614 13 69.0
91 5.0 5.076923076923077 6.0 0.2773500981126145 13 66.0
92 5.0 5.153846153846154 6.0 0.3755338080994054 13 67.0
93 5.0 5.153846153846154 6.0 0.3755338080994054 13 67.0
94 5.0 5.230769230769231 6.0 0.4385290096535146 13 68.0
95 5.0 5.230769230769231 7.0 0.599144689515278 13 68.0
96 5.0 5.230769230769231 6.0 0.4385290096535146 13 68.0
97 5.0 5.230769230769231 7.0 0.5991446895152781 13 68.0
98 5.0 5.230769230769231 6.0 0.4385290096535146 13 68.0
99 5.0 5.153846153846154 6.0 0.3755338080994054 13 67.0
100 5.0 5.153846153846154 6.0 0.3755338080994054 13 67.0
101 5.0 5.153846153846154 6.0 0.3755338080994054 13 67.0
102 5.0 5.0 5.0 0.0 13 65.0
103 4.0 5.230769230769231 6.0 0.599144689515278 13 68.0
104 5.0 5.230769230769231 6.0 0.4385290096535146 13 68.0
105 5.0 5.230769230769231 6.0 0.4385290096535146 13 68.0
106 4.0 5.076923076923077 6.0 0.49354811679282456 13 66.0
107 4.0 5.153846153846154 6.0 0.5547001962252291 13 67.0
108 5.0 5.230769230769231 6.0 0.4385290096535146 13 68.0
109 5.0 5.461538461538462 8.0 0.8770580193070292 13 71.0
110 5.0 5.0 5.0 0.0 13 65.0
111 5.0 5.153846153846154 6.0 0.3755338080994054 13 67.0
112 5.0 5.769230769230769 9.0 1.091928428198338 13 75.0
113 5.0 5.3076923076923075 6.0 0.4803844614152614 13 69.0
114 5.0 5.230769230769231 6.0 0.4385290096535146 13 68.0
115 5.0 5.153846153846154 6.0 0.3755338080994054 13 67.0
116 5.0 5.230769230769231 6.0 0.4385290096535146 13 68.0
117 5.0 5.076923076923077 6.0 0.2773500981126145 13 66.0
118 5.0 5.230769230769231 6.0 0.4385290096535146 13 68.0
119 5.0 5.384615384615385 6.0 0.5063696835418332 13 70.0
120 5.0 5.153846153846154 6.0 0.3755338080994054 13 67.0
121 5.0 5.384615384615385 7.0 0.6504436355879909 13 70.0
122 5.0 5.923076923076923 15.0 2.75262112847429 13 77.0
123 5.0 5.384615384615385 8.0 0.8697184926229042 13 70.0
124 5.0 5.153846153846154 6.0 0.3755338080994054 13 67.0
125 5.0 6.153846153846154 15.0 2.9957234475763905 13 80.0
126 5.0 5.384615384615385 7.0 0.6504436355879908 13 70.0
127 5.0 5.230769230769231 7.0 0.599144689515278 13 68.0
128 5.0 5.230769230769231 6.0 0.4385290096535146 13 68.0
129 5.0 5.076923076923077 6.0 0.2773500981126145 13 66.0
130 5.0 5.230769230769231 6.0 0.4385290096535146 13 68.0
131 5.0 5.230769230769231 6.0 0.4385290096535146 13 68.0
132 5.0 5.384615384615385 9.0 1.1208970766356101 13 70.0
133 5.0 5.230769230769231 6.0 0.4385290096535146 13 68.0
134 5.0 5.3076923076923075 6.0 0.4803844614152614 13 69.0
135 5.0 5.153846153846154 6.0 0.3755338080994054 13 67.0
136 5.0 5.3076923076923075 8.0 0.8548504142651104 13 69.0
137 5.0 5.076923076923077 6.0 0.2773500981126145 13 66.0
138 5.0 5.153846153846154 6.0 0.3755338080994054 13 67.0
139 5.0 5.153846153846154 6.0 0.3755338080994054 13 67.0
140 4.0 5.076923076923077 6.0 0.49354811679282456 13 66.0
141 5.0 5.3076923076923075 6.0 0.48038446141526137 13 69.0
142 5.0 5.3076923076923075 6.0 0.4803844614152614 13 69.0
143 5.0 5.076923076923077 6.0 0.2773500981126145 13 66.0
144 5.0 5.153846153846154 6.0 0.3755338080994054 13 67.0
145 5.0 5.230769230769231 6.0 0.4385290096535146 13 68.0
146 5.0 5.153846153846154 6.0 0.3755338080994054 13 67.0
147 5.0 5.461538461538462 9.0 1.1266014242982163 13 71.0
148 5.0 5.384615384615385 6.0 0.5063696835418332 13 70.0
149 5.0 5.3076923076923075 7.0 0.6304251719561151 13 69.0
150 5.0 5.076923076923077 6.0 0.2773500981126145 13 66.0
151 5.0 5.230769230769231 6.0 0.4385290096535146 13 68.0
152 5.0 5.230769230769231 6.0 0.4385290096535146 13 68.0
153 5.0 5.3076923076923075 6.0 0.4803844614152614 13 69.0
154 5.0 5.153846153846154 6.0 0.3755338080994054 13 67.0
155 5.0 5.153846153846154 6.0 0.3755338080994054 13 67.0
156 5.0 5.076923076923077 6.0 0.2773500981126145 13 66.0
157 5.0 5.153846153846154 6.0 0.3755338080994054 13 67.0
158 5.0 5.153846153846154 6.0 0.3755338080994054 13 67.0
159 5.0 5.3076923076923075 6.0 0.4803844614152614 13 69.0
160 5.0 5.076923076923077 6.0 0.2773500981126145 13 66.0
161 5.0 5.153846153846154 6.0 0.3755338080994054 13 67.0
162 5.0 5.076923076923077 6.0 0.2773500981126145 13 66.0
163 5.0 5.230769230769231 6.0 0.4385290096535146 13 68.0
164 5.0 5.153846153846154 6.0 0.3755338080994054 13 67.0
165 5.0 5.230769230769231 6.0 0.4385290096535146 13 68.0
166 5.0 5.153846153846154 6.0 0.3755338080994054 13 67.0
167 5.0 5.230769230769231 6.0 0.4385290096535146 13 68.0
168 5.0 5.076923076923077 6.0 0.2773500981126145 13 66.0
169 5.0 5.076923076923077 6.0 0.2773500981126145 13 66.0
170 5.0 5.153846153846154 6.0 0.3755338080994054 13 67.0
171 5.0 5.153846153846154 6.0 0.3755338080994054 13 67.0
172 5.0 5.076923076923077 6.0 0.2773500981126145 13 66.0
173 5.0 5.153846153846154 6.0 0.3755338080994054 13 67.0
174 5.0 5.230769230769231 7.0 0.5991446895152781 13 68.0
175 4.0 5.153846153846154 8.0 0.987096233585649 13 67.0
176 4.0 5.076923076923077 7.0 0.6405126152203486 13 66.0
177 5.0 5.384615384615385 6.0 0.5063696835418333 13 70.0
178 5.0 5.076923076923077 6.0 0.2773500981126145 13 66.0
179 5.0 5.230769230769231 6.0 0.4385290096535146 13 68.0
180 5.0 5.0 5.0 0.0 13 65.0
181 5.0 5.153846153846154 6.0 0.3755338080994054 13 67.0
182 4.0 5.076923076923077 6.0 0.49354811679282445 13 66.0
183 5.0 5.153846153846154 6.0 0.3755338080994054 13 67.0
184 4.0 5.0 6.0 0.408248290463863 13 65.0
185 4.0 5.076923076923077 6.0 0.49354811679282445 13 66.0
186 5.0 5.230769230769231 6.0 0.4385290096535146 13 68.0
187 5.0 5.153846153846154 6.0 0.3755338080994054 13 67.0
188 5.0 5.076923076923077 6.0 0.2773500981126145 13 66.0
189 5.0 5.3076923076923075 8.0 0.8548504142651105 13 69.0
190 5.0 5.3076923076923075 7.0 0.6304251719561151 13 69.0
191 5.0 5.384615384615385 8.0 0.869718492622904 13 70.0
192 5.0 5.153846153846154 6.0 0.3755338080994054 13 67.0
193 5.0 5.230769230769231 6.0 0.4385290096535146 13 68.0
194 5.0 5.153846153846154 6.0 0.3755338080994054 13 67.0
195 5.0 5.153846153846154 6.0 0.3755338080994054 13 67.0
196 5.0 5.230769230769231 6.0 0.4385290096535146 13 68.0
197 5.0 5.384615384615385 6.0 0.5063696835418332 13 70.0
198 5.0 5.0 5.0 0.0 13 65.0
199 5.0 5.384615384615385 6.0 0.5063696835418332 13 70.0
200 5.0 5.769230769230769 12.0 1.9215378456610452 13 75.0
201 5.0 5.153846153846154 6.0 0.3755338080994054 13 67.0
202 5.0 5.461538461538462 8.0 0.8770580193070292 13 71.0
203 5.0 5.153846153846154 6.0 0.3755338080994054 13 67.0
204 5.0 5.076923076923077 6.0 0.2773500981126145 13 66.0
205 5.0 5.3076923076923075 6.0 0.4803844614152614 13 69.0
206 5.0 5.153846153846154 6.0 0.3755338080994054 13 67.0
207 5.0 5.384615384615385 7.0 0.6504436355879908 13 70.0
208 5.0 5.153846153846154 6.0 0.3755338080994054 13 67.0
209 5.0 5.3076923076923075 6.0 0.4803844614152614 13 69.0
210 5.0 5.153846153846154 6.0 0.3755338080994054 13 67.0
211 5.0 5.230769230769231 6.0 0.4385290096535146 13 68.0
212 5.0 5.153846153846154 6.0 0.3755338080994054 13 67.0
213 5.0 5.3076923076923075 6.0 0.4803844614152614 13 69.0
214 5.0 5.230769230769231 6.0 0.4385290096535146 13 68.0
215 5.0 5.538461538461538 9.0 1.1266014242982163 13 72.0
216 5.0 5.230769230769231 7.0 0.599144689515278 13 68.0
217 5.0 5.461538461538462 7.0 0.6602252917735248 13 71.0
218 5.0 5.384615384615385 8.0 0.8697184926229042 13 70.0
219 5.0 5.461538461538462 8.0 0.8770580193070292 13 71.0
220 5.0 5.3076923076923075 7.0 0.6304251719561151 13 69.0
221 5.0 5.461538461538462 8.0 0.8770580193070292 13 71.0
222 5.0 5.153846153846154 7.0 0.5547001962252291 13 67.0
223 5.0 5.615384615384615 7.0 0.6504436355879908 13 73.0
224 5.0 5.384615384615385 8.0 0.8697184926229042 13 70.0
225 5.0 5.230769230769231 7.0 0.599144689515278 13 68.0
226 5.0 5.384615384615385 7.0 0.6504436355879908 13 70.0
227 5.0 5.153846153846154 7.0 0.5547001962252291 13 67.0
228 5.0 5.461538461538462 7.0 0.6602252917735248 13 71.0
229 5.0 5.461538461538462 7.0 0.6602252917735248 13 71.0
230 5.0 5.384615384615385 7.0 0.6504436355879908 13 70.0
231 5.0 5.3076923076923075 8.0 0.8548504142651104 13 69.0
232 5.0 5.538461538461538 7.0 0.6602252917735248 13 72.0
233 5.0 5.3076923076923075 7.0 0.6304251719561152 13 69.0
234 5.0 5.3076923076923075 7.0 0.6304251719561151 13 69.0
235 5.0 5.461538461538462 7.0 0.6602252917735248 13 71.0
236 5.0 5.6923076923076925 8.0 0.8548504142651104 13 74.0
237 5.0 5.384615384615385 7.0 0.6504436355879908 13 70.0
238 5.0 5.461538461538462 8.0 0.9674179220468453 13 71.0
239 5.0 5.384615384615385 7.0 0.6504436355879908 13 70.0
240 5.0 5.615384615384615 7.0 0.6504436355879908 13 73.0
241 5.0 5.615384615384615 8.0 1.1208970766356101 13 73.0
242 5.0 5.6923076923076925 8.0 0.8548504142651103 13 74.0
243 5.0 5.153846153846154 7.0 0.5547001962252291 13 67.0
244 5.0 5.769230769230769 8.0 0.8320502943378436 13 75.0
245 5.0 5.538461538461538 8.0 0.8770580193070292 13 72.0
246 5.0 5.384615384615385 7.0 0.6504436355879908 13 70.0
247 5.0 5.6923076923076925 8.0 0.9473309334313419 13 74.0
248 5.0 5.538461538461538 8.0 0.8770580193070292 13 72.0
249 5.0 5.538461538461538 8.0 0.9674179220468453 13 72.0
250 5.0 5.384615384615385 8.0 0.8697184926229043 13 70.0
251 5.0 5.846153846153846 7.0 0.5547001962252291 13 76.0
252 5.0 5.461538461538462 7.0 0.7762500258061849 13 71.0
253 5.0 5.3076923076923075 7.0 0.6304251719561152 13 69.0
254 5.0 5.538461538461538 7.0 0.7762500258061849 13 72.0
255 5.0 5.615384615384615 7.0 0.6504436355879908 13 73.0
256 5.0 5.538461538461538 7.0 0.7762500258061849 13 72.0
257 5.0 5.461538461538462 7.0 0.7762500258061849 13 71.0
258 5.0 5.846153846153846 8.0 1.0681880176381124 13 76.0
259 5.0 5.538461538461538 7.0 0.7762500258061849 13 72.0
260 5.0 5.615384615384615 7.0 0.869718492622904 13 73.0
261 5.0 5.538461538461538 8.0 0.8770580193070292 13 72.0
262 5.0 5.538461538461538 7.0 0.6602252917735248 13 72.0
263 5.0 5.461538461538462 8.0 0.9674179220468453 13 71.0
264 5.0 6.153846153846154 16.0 3.0234129127569793 13 80.0
265 5.0 5.461538461538462 8.0 0.8770580193070292 13 71.0
266 5.0 5.461538461538462 7.0 0.6602252917735248 13 71.0
267 5.0 5.538461538461538 8.0 0.8770580193070292 13 72.0
268 5.0 5.230769230769231 7.0 0.599144689515278 13 68.0
269 5.0 5.6923076923076925 10.0 1.5483655567842811 13 74.0
270 5.0 5.6923076923076925 7.0 0.8548504142651104 13 74.0
271 5.0 5.615384615384615 7.0 0.7679476477883044 13 73.0
272 5.0 5.615384615384615 8.0 0.960768922830523 13 73.0
273 5.0 5.538461538461538 7.0 0.7762500258061849 13 72.0
274 5.0 5.384615384615385 7.0 0.7679476477883044 13 70.0
275 5.0 5.769230769230769 8.0 0.9268086959962984 13 75.0
276 5.0 5.6923076923076925 8.0 0.947330933431342 13 74.0
277 5.0 5.538461538461538 7.0 0.7762500258061849 13 72.0
278 5.0 5.6923076923076925 7.0 0.7510676161988107 13 74.0
279 5.0 5.461538461538462 8.0 0.9674179220468453 13 71.0
280 5.0 5.615384615384615 7.0 0.7679476477883044 13 73.0
281 5.0 5.461538461538462 7.0 0.7762500258061849 13 71.0
282 5.0 5.769230769230769 8.0 0.9268086959962983 13 75.0
283 5.0 5.538461538461538 7.0 0.7762500258061849 13 72.0
284 5.0 5.461538461538462 7.0 0.7762500258061849 13 71.0
285 5.0 5.615384615384615 7.0 0.7679476477883044 13 73.0
286 5.0 5.538461538461538 7.0 0.7762500258061849 13 72.0
287 5.0 5.461538461538462 7.0 0.7762500258061849 13 71.0
288 5.0 5.538461538461538 9.0 1.198289379030556 13 72.0
289 5.0 5.6923076923076925 8.0 0.8548504142651103 13 74.0
290 5.0 5.615384615384615 8.0 0.8697184926229041 13 73.0
291 5.0 5.538461538461538 8.0 1.1266014242982163 13 72.0
292 5.0 5.461538461538462 7.0 0.6602252917735248 13 71.0
293 5.0 5.538461538461538 8.0 0.8770580193070292 13 72.0
294 5.0 5.384615384615385 7.0 0.6504436355879908 13 70.0
295 5.0 5.3076923076923075 7.0 0.6304251719561152 13 69.0
296 5.0 5.6923076923076925 7.0 0.6304251719561152 13 74.0
297 5.0 5.230769230769231 7.0 0.5991446895152781 13 68.0
298 5.0 5.615384615384615 8.0 0.9607689228305227 13 73.0
299 5.0 5.615384615384615 9.0 1.1208970766356101 13 73.0
300 5.0 5.923076923076923 11.0 1.7541160386140584 13 77.0
301 5.0 5.615384615384615 9.0 1.1208970766356101 13 73.0
302 5.0 5.461538461538462 8.0 0.8770580193070292 13 71.0
303 5.0 5.461538461538462 9.0 1.1266014242982163 13 71.0
304 5.0 5.538461538461538 9.0 1.1266014242982163 13 72.0
305 5.0 5.6923076923076925 9.0 1.1094003924504585 13 74.0
306 5.0 5.538461538461538 9.0 1.1266014242982163 13 72.0
307 5.0 5.461538461538462 8.0 0.8770580193070292 13 71.0
308 5.0 5.615384615384615 9.0 1.1208970766356101 13 73.0
309 5.0 5.538461538461538 9.0 1.1266014242982163 13 72.0
310 5.0 5.538461538461538 9.0 1.1266014242982163 13 72.0
311 5.0 5.615384615384615 9.0 1.1208970766356101 13 73.0
312 5.0 5.615384615384615 9.0 1.1208970766356101 13 73.0
313 5.0 5.538461538461538 8.0 0.8770580193070292 13 72.0
314 5.0 5.461538461538462 10.0 1.3913653136029496 13 71.0
315 5.0 5.6923076923076925 9.0 1.1094003924504585 13 74.0
316 5.0 5.384615384615385 8.0 0.8697184926229041 13 70.0
317 5.0 5.461538461538462 8.0 0.8770580193070292 13 71.0
318 5.0 6.230769230769231 9.0 1.4806443503784736 13 81.0
319 5.0 5.461538461538462 9.0 1.1266014242982163 13 71.0
320 5.0 5.615384615384615 8.0 0.8697184926229041 13 73.0
321 5.0 5.3076923076923075 8.0 0.8548504142651104 13 69.0
322 5.0 5.538461538461538 8.0 0.8770580193070292 13 72.0
323 5.0 5.769230769230769 9.0 1.091928428198338 13 75.0
324 5.0 5.230769230769231 8.0 0.8320502943378436 13 68.0
325 5.0 5.615384615384615 8.0 0.869718492622904 13 73.0
326 5.0 5.538461538461538 8.0 0.8770580193070292 13 72.0
327 5.0 5.615384615384615 9.0 1.1208970766356101 13 73.0
328 5.0 5.461538461538462 8.0 0.8770580193070292 13 71.0
329 5.0 5.769230769230769 8.0 0.8320502943378436 13 75.0
330 5.0 5.384615384615385 8.0 0.8697184926229041 13 70.0
331 5.0 5.384615384615385 8.0 0.8697184926229041 13 70.0
332 5.0 5.615384615384615 8.0 0.869718492622904 13 73.0
333 5.0 5.6923076923076925 9.0 1.1821319289469758 13 74.0
334 5.0 5.769230769230769 9.0 1.165750556068647 13 75.0
335 5.0 5.6923076923076925 9.0 1.1821319289469758 13 74.0
336 5.0 5.769230769230769 8.0 0.9268086959962984 13 75.0
337 5.0 5.615384615384615 9.0 1.192927878405448 13 73.0
338 5.0 5.769230769230769 9.0 1.165750556068647 13 75.0
339 5.0 5.769230769230769 9.0 1.1657505560686467 13 75.0
340 5.0 6.076923076923077 9.0 1.5525000516123697 13 79.0
341 5.0 5.538461538461538 8.0 0.9674179220468453 13 72.0
342 5.0 5.538461538461538 8.0 0.9674179220468453 13 72.0
343 5.0 5.846153846153846 9.0 1.143543749793731 13 76.0
344 5.0 5.615384615384615 8.0 0.960768922830523 13 73.0
345 5.0 5.769230769230769 9.0 1.165750556068647 13 75.0
346 5.0 5.6923076923076925 9.0 1.1821319289469758 13 74.0
347 5.0 5.846153846153846 8.0 0.8987170342729172 13 76.0
348 5.0 5.461538461538462 8.0 0.9674179220468453 13 71.0
349 5.0 5.923076923076923 9.0 1.1151635501529558 13 77.0
350 5.0 5.615384615384615 9.0 1.192927878405448 13 73.0
351 5.0 5.846153846153846 9.0 1.143543749793731 13 76.0
352 5.0 5.923076923076923 9.0 1.2557559782549623 13 77.0
353 5.0 5.538461538461538 8.0 0.8770580193070292 13 72.0
354 5.0 5.538461538461538 9.0 1.1266014242982163 13 72.0
355 5.0 5.538461538461538 9.0 1.1266014242982163 13 72.0
356 5.0 5.6923076923076925 9.0 1.1094003924504585 13 74.0
357 5.0 5.615384615384615 9.0 1.192927878405448 13 73.0
358 5.0 5.846153846153846 9.0 1.0681880176381124 13 76.0
359 5.0 5.615384615384615 9.0 1.1208970766356101 13 73.0
360 5.0 5.846153846153846 10.0 1.5191090506254998 13 76.0
361 5.0 5.769230769230769 9.0 1.091928428198338 13 75.0
362 5.0 5.6923076923076925 9.0 1.1094003924504585 13 74.0
363 5.0 5.6923076923076925 9.0 1.1094003924504585 13 74.0
364 5.0 5.923076923076923 9.0 1.2557559782549623 13 77.0
365 5.0 5.538461538461538 8.0 0.8770580193070292 13 72.0
366 5.0 5.846153846153846 9.0 1.0681880176381124 13 76.0
367 5.0 5.538461538461538 9.0 1.1266014242982163 13 72.0
368 5.0 5.769230769230769 9.0 1.3008872711759818 13 75.0
369 5.0 5.769230769230769 9.0 1.091928428198338 13 75.0
370 5.0 6.153846153846154 9.0 1.5191090506254996 13 80.0
371 5.0 5.6923076923076925 9.0 1.1094003924504585 13 74.0
372 5.0 5.538461538461538 9.0 1.1266014242982163 13 72.0
373 5.0 5.923076923076923 9.0 1.0377490433255419 13 77.0
374 5.0 5.538461538461538 9.0 1.1266014242982163 13 72.0
375 5.0 5.6923076923076925 8.0 0.8548504142651102 13 74.0
376 5.0 5.6923076923076925 9.0 1.1094003924504585 13 74.0
377 5.0 5.6923076923076925 8.0 0.8548504142651103 13 74.0
378 5.0 5.6923076923076925 9.0 1.1094003924504585 13 74.0
379 5.0 5.769230769230769 9.0 1.091928428198338 13 75.0
380 5.0 5.538461538461538 9.0 1.1266014242982163 13 72.0
381 5.0 6.076923076923077 10.0 1.2557559782549623 13 79.0
382 5.0 5.538461538461538 10.0 1.3913653136029496 13 72.0
383 5.0 5.538461538461538 8.0 0.8770580193070292 13 72.0
384 5.0 5.846153846153846 8.0 0.8006407690254357 13 76.0
385 5.0 5.846153846153846 10.0 1.6756169931378435 13 76.0
386 5.0 5.923076923076923 9.0 1.0377490433255419 13 77.0
387 5.0 5.923076923076923 9.0 1.2557559782549623 13 77.0
388 5.0 5.6923076923076925 9.0 1.1094003924504585 13 74.0
389 5.0 5.846153846153846 9.0 1.0681880176381124 13 76.0
390 5.0 5.538461538461538 9.0 1.1266014242982163 13 72.0
391 5.0 5.769230769230769 9.0 1.091928428198338 13 75.0
392 5.0 5.846153846153846 9.0 1.0681880176381124 13 76.0
393 5.0 5.615384615384615 9.0 1.1208970766356101 13 73.0
394 5.0 5.846153846153846 9.0 1.0681880176381124 13 76.0
395 5.0 5.538461538461538 9.0 1.1266014242982163 13 72.0
396 5.0 5.846153846153846 9.0 1.0681880176381124 13 76.0
397 5.0 5.6923076923076925 9.0 1.1094003924504585 13 74.0
398 5.0 5.615384615384615 9.0 1.1208970766356101 13 73.0
399 5.0 5.538461538461538 8.0 0.8770580193070292 13 72.0
400 5.0 6.0 9.0 1.0 13 78.0
401 5.0 5.538461538461538 9.0 1.1266014242982163 13 72.0
402 5.0 5.769230769230769 9.0 1.091928428198338 13 75.0
403 5.0 5.461538461538462 9.0 1.1266014242982163 13 71.0
404 5.0 6.384615384615385 12.0 1.9806758753205744 13 83.0
405 5.0 5.923076923076923 10.0 1.4978617237881953 13 77.0
406 5.0 5.923076923076923 9.0 1.0377490433255419 13 77.0
407 5.0 5.6923076923076925 9.0 1.1094003924504585 13 74.0
408 5.0 5.846153846153846 8.0 0.8006407690254357 13 76.0
409 5.0 5.615384615384615 9.0 1.1208970766356101 13 73.0
410 5.0 5.769230769230769 8.0 0.8320502943378436 13 75.0
411 5.0 5.615384615384615 9.0 1.1208970766356101 13 73.0
412 5.0 6.0 13.0 2.160246899469287 13 78.0
413 5.0 6.0 9.0 1.4142135623730951 13 78.0
414 5.0 5.923076923076923 10.0 1.3204505835470497 13 77.0
415 5.0 5.769230769230769 9.0 1.091928428198338 13 75.0
416 5.0 5.846153846153846 9.0 1.0681880176381124 13 76.0
417 5.0 5.615384615384615 9.0 1.1208970766356101 13 73.0
418 5.0 5.923076923076923 10.0 1.3204505835470497 13 77.0
419 5.0 5.769230769230769 9.0 1.091928428198338 13 75.0
420 5.0 5.769230769230769 8.0 0.8320502943378435 13 75.0
421 5.0 5.923076923076923 9.0 1.1151635501529558 13 77.0
422 5.0 5.923076923076923 9.0 1.0377490433255419 13 77.0
423 5.0 5.538461538461538 9.0 1.1266014242982163 13 72.0
424 5.0 6.076923076923077 10.0 1.2557559782549623 13 79.0
425 5.0 5.923076923076923 9.0 1.4411533842457842 13 77.0
426 5.0 6.0 9.0 1.0 13 78.0
427 5.0 5.615384615384615 9.0 1.1208970766356101 13 73.0
428 5.0 5.846153846153846 9.0 1.0681880176381124 13 76.0
429 5.0 5.6923076923076925 9.0 1.1094003924504585 13 74.0
430 5.0 5.923076923076923 9.0 1.0377490433255419 13 77.0
431 5.0 5.538461538461538 8.0 0.8770580193070292 13 72.0
432 5.0 6.076923076923077 9.0 1.1875421719907089 13 79.0
433 5.0 5.6923076923076925 9.0 1.1094003924504585 13 74.0
434 5.0 5.615384615384615 9.0 1.1208970766356101 13 73.0
435 5.0 6.076923076923077 9.0 1.1875421719907089 13 79.0
436 5.0 5.615384615384615 9.0 1.1208970766356101 13 73.0
437 5.0 5.923076923076923 10.0 1.3204505835470497 13 77.0
438 5.0 5.615384615384615 8.0 0.8697184926229041 13 73.0
439 5.0 5.769230769230769 9.0 1.091928428198338 13 75.0
440 5.0 5.846153846153846 9.0 1.0681880176381124 13 76.0
441 5.0 6.076923076923077 11.0 1.84668795692624 13 79.0
442 5.0 5.6923076923076925 9.0 1.1094003924504585 13 74.0
443 5.0 6.0 9.0 1.0 13 78.0
444 5.0 5.461538461538462 8.0 0.8770580193070292 13 71.0
445 5.0 6.153846153846154 10.0 1.4051188470584879 13 80.0
446 5.0 5.615384615384615 9.0 1.1208970766356101 13 73.0
447 5.0 6.076923076923077 9.0 1.1875421719907089 13 79.0
448 5.0 5.846153846153846 9.0 1.0681880176381124 13 76.0
449 5.0 5.769230769230769 8.0 0.8320502943378437 13 75.0
450 5.0 5.846153846153846 9.0 1.2810252304406968 13 76.0
451 5.0 6.0 9.0 1.0 13 78.0
452 5.0 5.769230769230769 10.0 1.3634420996046581 13 75.0
453 5.0 5.923076923076923 9.0 1.0377490433255419 13 77.0
454 5.0 5.538461538461538 8.0 0.8770580193070292 13 72.0
455 5.0 5.923076923076923 9.0 1.0377490433255419 13 77.0
456 5.0 5.538461538461538 9.0 1.1266014242982163 13 72.0
457 5.0 6.0 9.0 1.0 13 78.0
458 5.0 5.538461538461538 9.0 1.1266014242982163 13 72.0
459 5.0 5.769230769230769 9.0 1.091928428198338 13 75.0
460 5.0 5.846153846153846 10.0 1.3445044840729643 13 76.0
461 5.0 5.6923076923076925 9.0 1.1094003924504585 13 74.0
462 5.0 5.846153846153846 9.0 1.0681880176381124 13 76.0
463 5.0 5.6923076923076925 9.0 1.1094003924504585 13 74.0
464 5.0 5.846153846153846 9.0 1.0681880176381124 13 76.0
465 5.0 5.846153846153846 10.0 1.3445044840729643 13 76.0
466 5.0 5.615384615384615 9.0 1.1208970766356101 13 73.0
467 5.0 6.076923076923077 9.0 1.0377490433255419 13 79.0
468 5.0 6.0 10.0 1.4719601443879744 13 78.0
469 5.0 6.0 9.0 1.0 13 78.0
470 5.0 6.0 11.0 1.8708286933869707 13 78.0
471 5.0 6.230769230769231 9.0 1.091928428198338 13 81.0
472 5.0 6.692307692307692 23.0 4.922475924854202 13 87.0
473 5.0 5.923076923076923 8.0 0.7595545253127501 13 77.0
474 5.0 5.3076923076923075 6.0 0.4803844614152614 13 69.0
475 5.0 5.846153846153846 6.0 0.3755338080994054 13 76.0
476 5.0 5.538461538461538 7.0 0.6602252917735248 13 72.0
477 5.0 5.461538461538462 6.0 0.5188745216627708 13 71.0
478 5.0 5.6923076923076925 6.0 0.4803844614152614 13 74.0
479 5.0 5.230769230769231 6.0 0.4385290096535146 13 68.0
480 5.0 5.923076923076923 8.0 0.75955452531275 13 77.0
481 5.0 5.538461538461538 6.0 0.5188745216627708 13 72.0
482 5.0 5.384615384615385 6.0 0.5063696835418333 13 70.0
483 5.0 5.615384615384615 6.0 0.5063696835418333 13 73.0
484 5.0 5.615384615384615 6.0 0.5063696835418332 13 73.0
485 5.0 5.461538461538462 6.0 0.5188745216627708 13 71.0
486 5.0 5.615384615384615 6.0 0.5063696835418332 13 73.0
487 5.0 5.615384615384615 6.0 0.5063696835418333 13 73.0
488 5.0 5.461538461538462 6.0 0.5188745216627708 13 71.0
489 5.0 5.615384615384615 6.0 0.5063696835418332 13 73.0
490 5.0 5.6923076923076925 6.0 0.4803844614152615 13 74.0
491 5.0 5.384615384615385 6.0 0.5063696835418332 13 70.0
492 5.0 5.769230769230769 6.0 0.4385290096535146 13 75.0
493 5.0 5.384615384615385 6.0 0.5063696835418332 13 70.0
494 5.0 5.6923076923076925 6.0 0.4803844614152614 13 74.0
495 5.0 5.384615384615385 6.0 0.5063696835418332 13 70.0
496 5.0 5.538461538461538 6.0 0.5188745216627708 13 72.0
497 5.0 5.384615384615385 6.0 0.5063696835418332 13 70.0
498 5.0 5.461538461538462 6.0 0.5188745216627708 13 71.0
499 5.0 5.6923076923076925 6.0 0.4803844614152614 13 74.0
500 5.0 5.538461538461538 6.0 0.5188745216627708 13 72.0
501 5.0 5.538461538461538 6.0 0.5188745216627708 13 72.0
502 5.0 5.615384615384615 9.0 1.12089707663561 13 73.0
503 5.0 5.615384615384615 6.0 0.5063696835418332 13 73.0
504 5.0 5.615384615384615 6.0 0.5063696835418332 13 73.0
505 5.0 5.461538461538462 6.0 0.5188745216627708 13 71.0
506 5.0 5.615384615384615 6.0 0.5063696835418332 13 73.0
507 5.0 5.461538461538462 6.0 0.5188745216627708 13 71.0
508 5.0 5.615384615384615 6.0 0.5063696835418332 13 73.0
509 5.0 5.384615384615385 6.0 0.5063696835418332 13 70.0
510 5.0 5.538461538461538 6.0 0.5188745216627708 13 72.0
511 5.0 5.461538461538462 6.0 0.5188745216627708 13 71.0
512 5.0 5.923076923076923 8.0 0.75955452531275 13 77.0
513 5.0 5.6923076923076925 6.0 0.4803844614152614 13 74.0
514 5.0 5.384615384615385 6.0 0.5063696835418332 13 70.0
515 5.0 6.076923076923077 11.0 1.5525000516123697 13 79.0
516 5.0 5.461538461538462 6.0 0.5188745216627708 13 71.0
517 5.0 5.461538461538462 6.0 0.5188745216627708 13 71.0
518 5.0 6.230769230769231 14.0 2.385855756810896 13 81.0
519 5.0 5.769230769230769 8.0 0.8320502943378436 13 75.0
520 5.0 6.076923076923077 14.0 2.431101892199586 13 79.0
521 5.0 6.153846153846154 11.0 1.573009527739414 13 80.0
522 5.0 5.769230769230769 9.0 1.091928428198338 13 75.0
523 5.0 5.461538461538462 6.0 0.5188745216627708 13 71.0
524 5.0 5.384615384615385 6.0 0.5063696835418332 13 70.0
525 5.0 5.6923076923076925 6.0 0.4803844614152615 13 74.0
526 5.0 5.461538461538462 6.0 0.5188745216627708 13 71.0
527 5.0 6.153846153846154 12.0 1.8187062180825984 13 80.0
528 5.0 5.615384615384615 6.0 0.5063696835418332 13 73.0
529 5.0 5.384615384615385 6.0 0.5063696835418332 13 70.0
530 5.0 5.615384615384615 6.0 0.5063696835418332 13 73.0
531 5.0 5.6923076923076925 6.0 0.4803844614152614 13 74.0
532 5.0 5.384615384615385 6.0 0.5063696835418332 13 70.0
533 5.0 5.538461538461538 6.0 0.5188745216627708 13 72.0
534 5.0 5.538461538461538 6.0 0.5188745216627708 13 72.0
535 5.0 5.615384615384615 6.0 0.5063696835418332 13 73.0
536 5.0 5.615384615384615 6.0 0.5063696835418332 13 73.0
537 5.0 5.461538461538462 6.0 0.5188745216627708 13 71.0
538 5.0 5.538461538461538 6.0 0.5188745216627708 13 72.0
539 5.0 5.538461538461538 6.0 0.5188745216627708 13 72.0
540 5.0 5.6923076923076925 6.0 0.4803844614152614 13 74.0
541 5.0 5.461538461538462 6.0 0.5188745216627708 13 71.0
542 5.0 5.538461538461538 6.0 0.5188745216627708 13 72.0
543 5.0 5.538461538461538 6.0 0.5188745216627708 13 72.0
544 5.0 5.538461538461538 6.0 0.5188745216627708 13 72.0
545 5.0 5.538461538461538 6.0 0.5188745216627708 13 72.0
546 5.0 5.538461538461538 6.0 0.5188745216627708 13 72.0
547 5.0 5.615384615384615 6.0 0.5063696835418333 13 73.0
548 5.0 5.615384615384615 6.0 0.5063696835418332 13 73.0
549 5.0 5.6923076923076925 6.0 0.4803844614152614 13 74.0
550 5.0 5.461538461538462 6.0 0.5188745216627708 13 71.0
551 5.0 5.461538461538462 6.0 0.5188745216627708 13 71.0
552 5.0 6.0 9.0 1.0 13 78.0
553 5.0 5.615384615384615 6.0 0.5063696835418332 13 73.0
554 5.0 5.461538461538462 6.0 0.5188745216627708 13 71.0
555 5.0 5.769230769230769 6.0 0.4385290096535146 13 75.0
556 5.0 5.6923076923076925 6.0 0.48038446141526137 13 74.0
557 5.0 5.461538461538462 6.0 0.5188745216627708 13 71.0
558 5.0 5.6923076923076925 6.0 0.4803844614152614 13 74.0
559 5.0 6.076923076923077 11.0 1.5525000516123695 13 79.0
560 5.0 5.615384615384615 6.0 0.5063696835418332 13 73.0
561 5.0 5.6923076923076925 6.0 0.4803844614152614 13 74.0
562 5.0 6.153846153846154 9.0 1.344504484072964 13 80.0
563 5.0 5.615384615384615 6.0 0.5063696835418332 13 73.0
564 5.0 5.769230769230769 8.0 0.8320502943378437 13 75.0
565 5.0 5.769230769230769 6.0 0.4385290096535146 13 75.0
566 5.0 5.923076923076923 6.0 0.2773500981126145 13 77.0
567 5.0 5.384615384615385 6.0 0.5063696835418332 13 70.0
568 5.0 5.615384615384615 6.0 0.5063696835418332 13 73.0
569 5.0 5.6923076923076925 6.0 0.4803844614152615 13 74.0
570 5.0 5.769230769230769 6.0 0.4385290096535146 13 75.0
571 5.0 5.6923076923076925 6.0 0.4803844614152614 13 74.0
572 5.0 5.615384615384615 6.0 0.5063696835418332 13 73.0
573 5.0 6.076923076923077 9.0 1.1875421719907089 13 79.0
574 5.0 5.846153846153846 6.0 0.3755338080994054 13 76.0
575 5.0 5.6923076923076925 6.0 0.4803844614152615 13 74.0
576 5.0 5.6923076923076925 6.0 0.4803844614152614 13 74.0
577 5.0 5.6923076923076925 6.0 0.48038446141526137 13 74.0
578 5.0 5.6923076923076925 6.0 0.4803844614152615 13 74.0
579 5.0 5.6923076923076925 6.0 0.4803844614152615 13 74.0
580 5.0 5.769230769230769 6.0 0.4385290096535146 13 75.0
581 5.0 5.538461538461538 6.0 0.5188745216627708 13 72.0
582 5.0 5.769230769230769 6.0 0.4385290096535146 13 75.0
583 5.0 5.846153846153846 6.0 0.3755338080994054 13 76.0
584 5.0 5.615384615384615 6.0 0.5063696835418332 13 73.0
585 5.0 5.6923076923076925 6.0 0.48038446141526137 13 74.0
586 5.0 5.6923076923076925 6.0 0.4803844614152614 13 74.0
587 5.0 6.0 9.0 1.0 13 78.0
588 5.0 5.846153846153846 6.0 0.3755338080994054 13 76.0
589 5.0 5.461538461538462 6.0 0.5188745216627708 13 71.0
590 5.0 5.6923076923076925 6.0 0.4803844614152615 13 74.0
591 5.0 5.615384615384615 6.0 0.5063696835418333 13 73.0
592 5.0 5.769230769230769 6.0 0.4385290096535146 13 75.0
593 5.0 5.6923076923076925 6.0 0.4803844614152614 13 74.0
594 5.0 5.615384615384615 8.0 0.8697184926229041 13 73.0
595 5.0 6.076923076923077 9.0 0.9540735874430285 13 79.0
596 5.0 5.769230769230769 6.0 0.4385290096535146 13 75.0
597 5.0 5.384615384615385 6.0 0.5063696835418332 13 70.0
598 5.0 5.846153846153846 6.0 0.3755338080994054 13 76.0
599 5.0 5.769230769230769 6.0 0.4385290096535146 13 75.0
600 5.0 5.538461538461538 6.0 0.5188745216627708 13 72.0
601 5.0 5.6923076923076925 6.0 0.4803844614152614 13 74.0
602 5.0 5.769230769230769 6.0 0.4385290096535146 13 75.0
603 5.0 6.0 9.0 1.0 13 78.0
604 5.0 5.538461538461538 6.0 0.5188745216627708 13 72.0
605 5.0 6.0 8.0 0.7071067811865476 13 78.0
606 5.0 5.615384615384615 6.0 0.5063696835418332 13 73.0
607 5.0 5.6923076923076925 6.0 0.4803844614152614 13 74.0
608 5.0 5.615384615384615 6.0 0.5063696835418332 13 73.0
609 5.0 6.0 9.0 1.0 13 78.0
610 5.0 5.769230769230769 6.0 0.4385290096535146 13 75.0
611 5.0 5.538461538461538 6.0 0.5188745216627708 13 72.0
612 5.0 5.538461538461538 6.0 0.5188745216627708 13 72.0
613 5.0 5.615384615384615 6.0 0.5063696835418332 13 73.0
614 5.0 5.769230769230769 6.0 0.4385290096535146 13 75.0
615 5.0 5.846153846153846 6.0 0.3755338080994054 13 76.0
616 5.0 5.538461538461538 6.0 0.5188745216627708 13 72.0
617 5.0 5.6923076923076925 6.0 0.4803844614152614 13 74.0
618 5.0 5.6923076923076925 6.0 0.4803844614152615 13 74.0
619 5.0 5.6923076923076925 6.0 0.48038446141526137 13 74.0
620 5.0 5.769230769230769 6.0 0.4385290096535146 13 75.0
621 5.0 5.6923076923076925 6.0 0.4803844614152615 13 74.0
622 5.0 6.0 9.0 1.0 13 78.0
623 5.0 5.6923076923076925 6.0 0.4803844614152614 13 74.0
624 5.0 5.6923076923076925 6.0 0.4803844614152615 13 74.0
625 5.0 5.615384615384615 6.0 0.5063696835418332 13 73.0
626 5.0 5.769230769230769 6.0 0.4385290096535146 13 75.0
627 5.0 5.846153846153846 6.0 0.3755338080994054 13 76.0
628 5.0 5.6923076923076925 6.0 0.4803844614152615 13 74.0
629 5.0 5.615384615384615 6.0 0.5063696835418333 13 73.0
630 5.0 5.6923076923076925 6.0 0.4803844614152615 13 74.0
631 5.0 6.076923076923077 9.0 0.9540735874430285 13 79.0
632 5.0 5.615384615384615 6.0 0.5063696835418333 13 73.0
633 5.0 5.538461538461538 6.0 0.5188745216627708 13 72.0
634 5.0 5.769230769230769 6.0 0.4385290096535146 13 75.0
635 5.0 5.769230769230769 6.0 0.4385290096535146 13 75.0
636 5.0 5.846153846153846 6.0 0.3755338080994054 13 76.0
637 5.0 5.769230769230769 6.0 0.4385290096535146 13 75.0
638 5.0 5.769230769230769 6.0 0.4385290096535146 13 75.0
639 5.0 5.615384615384615 6.0 0.5063696835418333 13 73.0
640 5.0 5.923076923076923 6.0 0.2773500981126145 13 77.0
641 5.0 5.6923076923076925 6.0 0.4803844614152614 13 74.0
642 5.0 5.6923076923076925 6.0 0.4803844614152614 13 74.0
643 5.0 6.153846153846154 13.0 2.1152680620571416 13 80.0
644 5.0 5.846153846153846 6.0 0.3755338080994054 13 76.0
645 5.0 5.923076923076923 6.0 0.2773500981126145 13 77.0
646 5.0 5.769230769230769 6.0 0.4385290096535146 13 75.0
647 5.0 5.6923076923076925 6.0 0.4803844614152614 13 74.0
648 5.0 5.923076923076923 6.0 0.2773500981126145 13 77.0
649 5.0 5.769230769230769 6.0 0.4385290096535146 13 75.0
650 5.0 5.769230769230769 6.0 0.4385290096535146 13 75.0
651 5.0 5.846153846153846 6.0 0.3755338080994054 13 76.0
652 5.0 5.846153846153846 6.0 0.3755338080994054 13 76.0
653 5.0 6.0 8.0 0.7071067811865476 13 78.0
654 5.0 5.923076923076923 8.0 0.7595545253127501 13 77.0
655 5.0 5.846153846153846 6.0 0.3755338080994054 13 76.0
656 5.0 5.923076923076923 6.0 0.2773500981126145 13 77.0
657 5.0 6.384615384615385 12.0 1.7097008285302207 13 83.0
658 5.0 5.615384615384615 6.0 0.5063696835418332 13 73.0
659 6.0 6.0 6.0 0.0 13 78.0
660 6.0 6.0 6.0 0.0 13 78.0
661 5.0 5.769230769230769 6.0 0.4385290096535146 13 75.0
662 5.0 5.846153846153846 6.0 0.3755338080994054 13 76.0
663 5.0 6.0 9.0 1.0 13 78.0
664 5.0 5.615384615384615 6.0 0.5063696835418332 13 73.0
665 5.0 6.0 7.0 0.408248290463863 13 78.0
666 5.0 5.846153846153846 6.0 0.3755338080994054 13 76.0
667 5.0 5.846153846153846 6.0 0.3755338080994054 13 76.0
668 5.0 5.769230769230769 6.0 0.4385290096535146 13 75.0
669 5.0 5.923076923076923 7.0 0.49354811679282445 13 77.0
670 5.0 5.923076923076923 8.0 0.75955452531275 13 77.0
671 5.0 5.769230769230769 6.0 0.4385290096535146 13 75.0
672 5.0 5.846153846153846 6.0 0.3755338080994054 13 76.0
673 5.0 5.923076923076923 6.0 0.2773500981126145 13 77.0
674 5.0 5.6923076923076925 6.0 0.4803844614152614 13 74.0
675 5.0 5.923076923076923 6.0 0.2773500981126145 13 77.0
676 5.0 5.769230769230769 6.0 0.4385290096535146 13 75.0
677 5.0 5.769230769230769 6.0 0.4385290096535146 13 75.0
678 5.0 5.846153846153846 6.0 0.3755338080994054 13 76.0
679 5.0 5.846153846153846 7.0 0.5547001962252291 13 76.0
680 5.0 5.923076923076923 8.0 0.75955452531275 13 77.0
681 5.0 5.923076923076923 6.0 0.2773500981126145 13 77.0
682 5.0 5.769230769230769 7.0 0.5991446895152781 13 75.0
683 5.0 5.615384615384615 7.0 0.6504436355879908 13 73.0
684 6.0 6.461538461538462 9.0 0.9674179220468453 13 84.0
685 6.0 6.153846153846154 8.0 0.5547001962252291 13 80.0
686 5.0 5.923076923076923 8.0 0.7595545253127501 13 77.0
687 5.0 6.538461538461538 11.0 1.7614096918559583 13 85.0
688 5.0 5.923076923076923 8.0 0.7595545253127501 13 77.0
689 5.0 5.923076923076923 8.0 0.7595545253127501 13 77.0
690 5.0 6.384615384615385 10.0 1.2608503439122303 13 83.0
691 5.0 5.846153846153846 8.0 0.8006407690254357 13 76.0
692 5.0 6.0 8.0 0.7071067811865476 13 78.0
693 5.0 6.076923076923077 8.0 0.6405126152203485 13 79.0
694 5.0 5.846153846153846 8.0 0.8006407690254357 13 76.0
695 5.0 6.230769230769231 8.0 1.0127393670836666 13 81.0
696 5.0 5.923076923076923 8.0 0.7595545253127501 13 77.0
697 5.0 6.0 7.0 0.408248290463863 13 78.0
698 5.0 5.846153846153846 8.0 0.8006407690254357 13 76.0
699 5.0 6.230769230769231 10.0 1.3634420996046581 13 81.0
700 5.0 5.923076923076923 8.0 0.7595545253127501 13 77.0
701 5.0 6.076923076923077 8.0 0.7595545253127501 13 79.0
702 5.0 5.923076923076923 8.0 0.7595545253127501 13 77.0
703 5.0 6.769230769230769 16.0 2.8622207623290854 13 88.0
704 5.0 6.076923076923077 8.0 0.6405126152203486 13 79.0
705 5.0 5.846153846153846 8.0 0.8006407690254357 13 76.0
706 5.0 5.846153846153846 7.0 0.6887372317211945 13 76.0
707 5.0 6.0 8.0 0.816496580927726 13 78.0
708 5.0 6.076923076923077 8.0 0.6405126152203486 13 79.0
709 5.0 6.153846153846154 8.0 0.6887372317211945 13 80.0
710 5.0 5.846153846153846 8.0 0.8006407690254357 13 76.0
711 5.0 6.076923076923077 8.0 0.6405126152203486 13 79.0
712 5.0 6.076923076923077 10.0 1.2557559782549623 13 79.0
713 5.0 6.153846153846154 9.0 0.8987170342729167 13 80.0
714 5.0 5.846153846153846 7.0 0.5547001962252291 13 76.0
715 5.0 6.0 8.0 0.7071067811865476 13 78.0
716 5.0 6.0 8.0 0.7071067811865476 13 78.0
717 5.0 6.230769230769231 9.0 1.0919284281983377 13 81.0
718 5.0 5.846153846153846 8.0 0.8006407690254357 13 76.0
719 5.0 5.769230769230769 8.0 0.8320502943378438 13 75.0
720 5.0 6.0 8.0 0.7071067811865476 13 78.0
721 5.0 6.0 7.0 0.408248290463863 13 78.0
722 5.0 6.0 8.0 0.7071067811865476 13 78.0
723 5.0 6.076923076923077 10.0 1.4411533842457842 13 79.0
724 5.0 6.076923076923077 8.0 0.7595545253127501 13 79.0
725 5.0 5.769230769230769 7.0 0.5991446895152781 13 75.0
726 5.0 5.923076923076923 8.0 0.7595545253127501 13 77.0
727 5.0 6.076923076923077 8.0 0.7595545253127501 13 79.0
728 5.0 6.076923076923077 8.0 0.6405126152203484 13 79.0
729 5.0 6.076923076923077 8.0 0.7595545253127501 13 79.0
730 5.0 6.3076923076923075 9.0 0.947330933431342 13 82.0
731 5.0 5.846153846153846 8.0 0.8006407690254357 13 76.0
732 5.0 6.0 8.0 0.9128709291752769 13 78.0
733 5.0 6.076923076923077 8.0 0.6405126152203486 13 79.0
734 5.0 6.076923076923077 8.0 0.6405126152203487 13 79.0
735 5.0 5.846153846153846 7.0 0.6887372317211945 13 76.0
736 5.0 5.769230769230769 8.0 0.8320502943378435 13 75.0
737 5.0 6.230769230769231 9.0 1.0919284281983377 13 81.0
738 5.0 5.846153846153846 7.0 0.5547001962252291 13 76.0
739 5.0 6.0 8.0 0.816496580927726 13 78.0
740 5.0 6.0 8.0 0.816496580927726 13 78.0
741 5.0 5.769230769230769 7.0 0.5991446895152781 13 75.0
742 5.0 6.0 9.0 1.0801234497346435 13 78.0
743 5.0 6.076923076923077 8.0 0.6405126152203484 13 79.0
744 5.0 6.076923076923077 8.0 0.7595545253127501 13 79.0
745 5.0 5.923076923076923 8.0 0.8623164985025764 13 77.0
746 5.0 6.0 8.0 1.0 13 78.0
747 5.0 6.615384615384615 10.0 1.4455945454184551 13 86.0
748 5.0 6.230769230769231 8.0 0.9268086959962984 13 81.0
749 5.0 5.615384615384615 8.0 0.9607689228305231 13 73.0
750 5.0 6.230769230769231 8.0 0.8320502943378436 13 81.0
751 5.0 6.230769230769231 8.0 0.8320502943378437 13 81.0
752 5.0 6.461538461538462 9.0 1.198289379030556 13 84.0
753 5.0 5.846153846153846 8.0 0.8987170342729168 13 76.0
754 5.0 6.0 8.0 0.816496580927726 13 78.0
755 5.0 6.230769230769231 8.0 0.9268086959962983 13 81.0
756 5.0 5.923076923076923 8.0 0.8623164985025764 13 77.0
757 5.0 6.076923076923077 8.0 0.7595545253127501 13 79.0
758 5.0 6.0 8.0 0.9128709291752769 13 78.0
759 5.0 6.230769230769231 9.0 1.091928428198338 13 81.0
760 5.0 5.923076923076923 8.0 0.8623164985025764 13 77.0
761 5.0 6.076923076923077 8.0 0.7595545253127501 13 79.0
762 6.0 6.3076923076923075 8.0 0.7510676161988106 13 82.0
763 5.0 6.384615384615385 9.0 1.192927878405448 13 83.0
764 5.0 5.769230769230769 8.0 0.9268086959962983 13 75.0
765 5.0 6.3076923076923075 8.0 0.8548504142651102 13 82.0
766 5.0 6.153846153846154 8.0 0.8987170342729169 13 80.0
767 5.0 6.230769230769231 8.0 0.7250110520819839 13 81.0
768 5.0 6.153846153846154 8.0 0.8987170342729167 13 80.0
769 5.0 6.230769230769231 8.0 0.725011052081984 13 81.0
770 5.0 6.461538461538462 9.0 1.1266014242982163 13 84.0
771 5.0 6.153846153846154 8.0 0.8987170342729168 13 80.0
772 5.0 6.0 8.0 1.0801234497346435 13 78.0
773 5.0 6.0 8.0 0.816496580927726 13 78.0
774 6.0 6.384615384615385 8.0 0.7679476477883044 13 83.0
775 5.0 6.0 8.0 0.816496580927726 13 78.0
776 5.0 6.153846153846154 8.0 0.8987170342729167 13 80.0
777 5.0 6.153846153846154 8.0 0.8006407690254357 13 80.0
778 5.0 6.384615384615385 9.0 1.192927878405448 13 83.0
779 5.0 6.076923076923077 8.0 0.9540735874430286 13 79.0
780 5.0 5.923076923076923 8.0 0.8623164985025764 13 77.0
781 6.0 6.230769230769231 8.0 0.599144689515278 13 81.0
782 5.0 6.153846153846154 8.0 0.6887372317211945 13 80.0
783 5.0 6.076923076923077 8.0 0.9540735874430286 13 79.0
784 5.0 6.3076923076923075 9.0 1.2506408613597126 13 82.0
785 5.0 5.923076923076923 8.0 0.8623164985025764 13 77.0
786 5.0 6.230769230769231 8.0 0.9268086959962983 13 81.0
787 6.0 6.230769230769231 8.0 0.599144689515278 13 81.0
788 5.0 6.0 8.0 1.0 13 78.0
789 5.0 6.0 8.0 0.9128709291752769 13 78.0
790 5.0 6.076923076923077 8.0 0.9540735874430286 13 79.0
791 5.0 6.384615384615385 9.0 1.0439078454267838 13 83.0
792 5.0 6.076923076923077 8.0 0.8623164985025763 13 79.0
793 5.0 6.153846153846154 8.0 0.8987170342729167 13 80.0
794 5.0 6.0 8.0 1.0 13 78.0
795 5.0 6.3076923076923075 9.0 1.1094003924504583 13 82.0
796 6.0 6.461538461538462 8.0 0.8770580193070292 13 84.0
797 5.0 5.6923076923076925 8.0 0.947330933431342 13 74.0
798 5.0 6.153846153846154 8.0 0.6887372317211945 13 80.0
799 5.0 7.230769230769232 22.0 4.512092015792049 13 94.0
800 5.0 6.0 8.0 0.7071067811865476 13 78.0
801 5.0 5.923076923076923 8.0 0.7595545253127501 13 77.0
802 5.0 5.923076923076923 7.0 0.49354811679282445 13 77.0
803 5.0 5.923076923076923 7.0 0.49354811679282445 13 77.0
804 5.0 5.923076923076923 8.0 0.7595545253127501 13 77.0
805 5.0 6.076923076923077 8.0 0.7595545253127501 13 79.0
806 5.0 6.076923076923077 8.0 0.6405126152203485 13 79.0
807 5.0 5.769230769230769 8.0 0.8320502943378436 13 75.0
808 5.0 6.0 8.0 0.816496580927726 13 78.0
809 5.0 6.153846153846154 9.0 0.987096233585649 13 80.0
810 5.0 5.846153846153846 8.0 0.8006407690254357 13 76.0
811 5.0 6.076923076923077 8.0 0.6405126152203487 13 79.0
812 5.0 5.846153846153846 7.0 0.5547001962252291 13 76.0
813 5.0 5.923076923076923 8.0 0.7595545253127501 13 77.0
814 5.0 6.076923076923077 8.0 0.6405126152203486 13 79.0
815 5.0 6.230769230769231 9.0 1.0919284281983377 13 81.0
816 5.0 5.923076923076923 8.0 0.7595545253127501 13 77.0
817 5.0 5.6923076923076925 7.0 0.6304251719561152 13 74.0
818 5.0 6.076923076923077 8.0 0.6405126152203486 13 79.0
819 5.0 6.3076923076923075 9.0 1.031553471276484 13 82.0
820 5.0 5.923076923076923 8.0 0.7595545253127501 13 77.0
821 5.0 6.0 7.0 0.408248290463863 13 78.0
822 5.0 6.0 8.0 0.7071067811865476 13 78.0
823 5.0 6.076923076923077 8.0 0.9540735874430286 13 79.0
824 5.0 6.0 8.0 0.7071067811865476 13 78.0
825 5.0 5.923076923076923 7.0 0.4935481167928245 13 77.0
826 5.0 5.923076923076923 8.0 0.7595545253127501 13 77.0
827 5.0 6.0 8.0 0.7071067811865476 13 78.0
828 5.0 6.230769230769231 8.0 0.8320502943378437 13 81.0
829 5.0 6.615384615384615 14.0 2.3642638578939517 13 86.0
830 5.0 5.769230769230769 7.0 0.5991446895152781 13 75.0
831 5.0 5.923076923076923 8.0 0.7595545253127501 13 77.0
832 5.0 6.0 8.0 0.7071067811865476 13 78.0
833 5.0 5.923076923076923 7.0 0.4935481167928245 13 77.0
834 5.0 6.0 8.0 0.816496580927726 13 78.0
835 6.0 6.153846153846154 8.0 0.5547001962252291 13 80.0
836 5.0 5.6923076923076925 7.0 0.6304251719561152 13 74.0
837 5.0 6.0 8.0 0.816496580927726 13 78.0
838 5.0 6.076923076923077 8.0 0.6405126152203486 13 79.0
839 6.0 6.153846153846154 7.0 0.3755338080994054 13 80.0
840 5.0 5.923076923076923 8.0 0.7595545253127501 13 77.0
841 5.0 5.923076923076923 8.0 0.7595545253127501 13 77.0
842 5.0 6.0 8.0 0.816496580927726 13 78.0
843 5.0 6.0 7.0 0.408248290463863 13 78.0
844 5.0 6.461538461538462 10.0 1.3301243435223522 13 84.0
845 5.0 5.769230769230769 8.0 0.8320502943378436 13 75.0
846 5.0 6.076923076923077 8.0 0.6405126152203485 13 79.0
847 5.0 5.769230769230769 7.0 0.599144689515278 13 75.0
848 5.0 6.0 8.0 0.816496580927726 13 78.0
849 5.0 6.923076923076923 19.0 3.7072347839851933 13 90.0
850 5.0 6.076923076923077 9.0 1.0377490433255416 13 79.0
851 5.0 6.230769230769231 8.0 0.7250110520819841 13 81.0
852 6.0 6.3076923076923075 8.0 0.7510676161988108 13 82.0
853 5.0 6.461538461538462 10.0 1.4500221041639685 13 84.0
854 5.0 6.076923076923077 8.0 0.9540735874430286 13 79.0
855 5.0 6.153846153846154 8.0 0.9870962335856491 13 80.0
856 5.0 6.0 8.0 0.816496580927726 13 78.0
857 5.0 6.153846153846154 8.0 0.6887372317211945 13 80.0
858 5.0 6.384615384615385 9.0 1.2608503439122303 13 83.0
859 5.0 6.384615384615385 8.0 0.9607689228305228 13 83.0
860 5.0 6.076923076923077 8.0 0.9540735874430286 13 79.0
861 5.0 5.923076923076923 8.0 0.8623164985025763 13 77.0
862 5.0 6.153846153846154 8.0 0.898717034272917 13 80.0
863 5.0 6.153846153846154 8.0 0.898717034272917 13 80.0
864 5.0 6.230769230769231 8.0 0.8320502943378435 13 81.0
865 5.0 6.0 8.0 0.816496580927726 13 78.0
866 5.0 6.076923076923077 8.0 0.9540735874430286 13 79.0
867 5.0 5.846153846153846 7.0 0.5547001962252291 13 76.0
868 5.0 6.230769230769231 9.0 0.9268086959962983 13 81.0
869 5.0 5.923076923076923 7.0 0.49354811679282456 13 77.0
870 5.0 5.923076923076923 7.0 0.6405126152203485 13 77.0
871 5.0 5.846153846153846 8.0 0.8006407690254357 13 76.0
872 5.0 5.846153846153846 8.0 0.8006407690254357 13 76.0
873 5.0 6.153846153846154 8.0 0.6887372317211945 13 80.0
874 5.0 5.923076923076923 8.0 0.75955452531275 13 77.0
875 5.0 6.153846153846154 8.0 0.6887372317211945 13 80.0
876 5.0 6.0 8.0 0.7071067811865476 13 78.0
877 5.0 6.076923076923077 8.0 0.6405126152203485 13 79.0
878 5.0 6.384615384615385 10.0 1.3252962900462129 13 83.0
879 5.0 6.230769230769231 9.0 1.0919284281983377 13 81.0
880 5.0 6.153846153846154 8.0 0.898717034272917 13 80.0
881 5.0 6.076923076923077 8.0 0.9540735874430285 13 79.0
882 5.0 6.0 8.0 0.816496580927726 13 78.0
883 5.0 6.3076923076923075 8.0 0.8548504142651103 13 82.0
884 5.0 6.230769230769231 8.0 0.8320502943378436 13 81.0
885 5.0 6.230769230769231 8.0 0.7250110520819842 13 81.0
886 5.0 6.230769230769231 8.0 0.8320502943378436 13 81.0
887 5.0 6.384615384615385 9.0 1.1208970766356101 13 83.0
888 5.0 6.230769230769231 9.0 1.0919284281983377 13 81.0
889 5.0 6.153846153846154 9.0 1.214231845389905 13 80.0
890 6.0 6.230769230769231 9.0 0.8320502943378437 13 81.0
891 5.0 6.3076923076923075 9.0 1.2506408613597126 13 82.0
892 6.0 6.461538461538462 8.0 0.7762500258061849 13 84.0
893 5.0 6.3076923076923075 9.0 1.0315534712764842 13 82.0
894 5.0 6.076923076923077 8.0 0.9540735874430286 13 79.0
895 5.0 6.153846153846154 8.0 0.6887372317211945 13 80.0
896 5.0 6.3076923076923075 8.0 0.8548504142651104 13 82.0
897 5.0 6.538461538461538 10.0 1.5063966175050874 13 85.0
898 5.0 6.0 8.0 1.0 13 78.0
899 5.0 5.923076923076923 7.0 0.49354811679282445 13 77.0
900 5.0 6.076923076923077 8.0 0.75955452531275 13 79.0
901 5.0 6.153846153846154 8.0 0.6887372317211945 13 80.0
902 5.0 5.923076923076923 7.0 0.49354811679282456 13 77.0
903 5.0 5.846153846153846 8.0 0.8006407690254357 13 76.0
904 5.0 6.076923076923077 8.0 0.75955452531275 13 79.0
905 5.0 5.769230769230769 7.0 0.599144689515278 13 75.0
906 5.0 6.076923076923077 8.0 0.6405126152203486 13 79.0
907 5.0 5.846153846153846 8.0 0.8006407690254357 13 76.0
908 5.0 6.153846153846154 9.0 1.0681880176381124 13 80.0
909 5.0 6.076923076923077 8.0 0.6405126152203486 13 79.0
910 5.0 5.769230769230769 7.0 0.599144689515278 13 75.0
911 5.0 5.923076923076923 8.0 0.75955452531275 13 77.0
912 5.0 6.3076923076923075 9.0 1.031553471276484 13 82.0
913 5.0 5.923076923076923 7.0 0.49354811679282445 13 77.0
914 5.0 5.923076923076923 8.0 0.75955452531275 13 77.0
915 5.0 5.923076923076923 8.0 0.8623164985025763 13 77.0
916 5.0 5.923076923076923 7.0 0.6405126152203486 13 77.0
917 5.0 6.076923076923077 8.0 0.6405126152203486 13 79.0
918 5.0 6.076923076923077 8.0 0.75955452531275 13 79.0
919 5.0 6.0 7.0 0.5773502691896257 13 78.0
920 5.0 6.076923076923077 8.0 0.75955452531275 13 79.0
921 6.0 6.615384615384615 11.0 1.5566235649883122 13 86.0
922 5.0 5.846153846153846 7.0 0.5547001962252291 13 76.0
923 5.0 5.6923076923076925 6.0 0.4803844614152615 13 74.0
924 5.0 5.923076923076923 7.0 0.49354811679282445 13 77.0
925 5.0 5.923076923076923 6.0 0.2773500981126145 13 77.0
926 5.0 5.769230769230769 6.0 0.4385290096535146 13 75.0
927 5.0 6.0 7.0 0.408248290463863 13 78.0
928 5.0 5.923076923076923 6.0 0.2773500981126145 13 77.0
929 5.0 5.769230769230769 6.0 0.4385290096535146 13 75.0
930 6.0 6.0 6.0 0.0 13 78.0
931 5.0 6.0 7.0 0.5773502691896257 13 78.0
932 5.0 5.769230769230769 6.0 0.4385290096535146 13 75.0
933 5.0 5.769230769230769 6.0 0.4385290096535146 13 75.0
934 5.0 6.230769230769231 9.0 1.0127393670836666 13 81.0
935 5.0 5.846153846153846 6.0 0.3755338080994054 13 76.0
936 5.0 6.153846153846154 8.0 0.6887372317211945 13 80.0
937 5.0 5.846153846153846 6.0 0.3755338080994054 13 76.0
938 5.0 5.846153846153846 6.0 0.3755338080994054 13 76.0
939 5.0 5.769230769230769 6.0 0.4385290096535146 13 75.0
940 5.0 6.0 8.0 0.7071067811865476 13 78.0
941 5.0 5.923076923076923 7.0 0.49354811679282445 13 77.0
942 5.0 5.923076923076923 6.0 0.2773500981126145 13 77.0
943 5.0 5.846153846153846 7.0 0.6887372317211945 13 76.0
944 5.0 5.846153846153846 6.0 0.3755338080994054 13 76.0
945 6.0 6.0 6.0 0.0 13 78.0
946 5.0 5.923076923076923 6.0 0.2773500981126145 13 77.0
947 5.0 5.6923076923076925 6.0 0.4803844614152614 13 74.0
948 5.0 5.6923076923076925 7.0 0.7510676161988106 13 74.0
949 5.0 5.769230769230769 6.0 0.4385290096535146 13 75.0
950 5.0 5.846153846153846 6.0 0.3755338080994054 13 76.0
951 5.0 5.923076923076923 7.0 0.49354811679282445 13 77.0
952 5.0 5.923076923076923 6.0 0.2773500981126145 13 77.0
953 5.0 5.6923076923076925 6.0 0.48038446141526137 13 74.0
954 5.0 5.923076923076923 7.0 0.6405126152203486 13 77.0
955 5.0 5.846153846153846 6.0 0.3755338080994054 13 76.0
956 5.0 5.769230769230769 6.0 0.4385290096535146 13 75.0
957 5.0 5.769230769230769 7.0 0.5991446895152781 13 75.0
958 5.0 6.0 7.0 0.408248290463863 13 78.0
959 5.0 6.230769230769231 9.0 0.9268086959962983 13 81.0
960 6.0 6.0 6.0 0.0 13 78.0
961 5.0 5.6923076923076925 7.0 0.6304251719561152 13 74.0
962 5.0 5.615384615384615 6.0 0.5063696835418332 13 73.0
963 5.0 5.923076923076923 6.0 0.2773500981126145 13 77.0
964 5.0 5.923076923076923 7.0 0.49354811679282445 13 77.0
965 5.0 5.769230769230769 6.0 0.4385290096535146 13 75.0
966 5.0 5.846153846153846 6.0 0.3755338080994054 13 76.0
967 5.0 5.923076923076923 6.0 0.2773500981126145 13 77.0
968 5.0 5.923076923076923 7.0 0.49354811679282456 13 77.0
969 5.0 5.769230769230769 6.0 0.4385290096535146 13 75.0
970 5.0 6.076923076923077 8.0 0.8623164985025763 13 79.0
971 5.0 5.923076923076923 6.0 0.2773500981126145 13 77.0
972 5.0 5.769230769230769 6.0 0.4385290096535146 13 75.0
973 5.0 5.923076923076923 6.0 0.2773500981126145 13 77.0
974 5.0 5.923076923076923 8.0 0.75955452531275 13 77.0
975 5.0 5.846153846153846 6.0 0.3755338080994054 13 76.0
976 5.0 5.846153846153846 7.0 0.5547001962252291 13 76.0
977 5.0 6.076923076923077 10.0 1.2557559782549623 13 79.0
978 5.0 5.846153846153846 6.0 0.3755338080994054 13 76.0
979 5.0 5.769230769230769 7.0 0.599144689515278 13 75.0
980 5.0 6.076923076923077 8.0 0.75955452531275 13 79.0
981 6.0 6.3076923076923075 8.0 0.7510676161988107 13 82.0
982 5.0 6.153846153846154 9.0 1.0681880176381127 13 80.0
983 5.0 5.769230769230769 8.0 0.8320502943378436 13 75.0
984 5.0 6.0 8.0 0.7071067811865476 13 78.0
985 5.0 5.923076923076923 8.0 0.75955452531275 13 77.0
986 5.0 6.076923076923077 8.0 0.6405126152203486 13 79.0
987 5.0 6.153846153846154 8.0 0.8006407690254357 13 80.0
988 5.0 6.153846153846154 8.0 0.898717034272917 13 80.0
989 5.0 5.923076923076923 8.0 0.75955452531275 13 77.0
990 5.0 6.0 8.0 0.7071067811865476 13 78.0
991 5.0 6.0 8.0 0.816496580927726 13 78.0
992 5.0 6.076923076923077 8.0 0.6405126152203486 13 79.0
993 5.0 6.153846153846154 8.0 0.8006407690254357 13 80.0
994 5.0 5.769230769230769 7.0 0.5991446895152781 13 75.0
995 6.0 6.384615384615385 11.0 1.3867504905630728 13 83.0
996 5.0 6.0 7.0 0.408248290463863 13 78.0
997 5.0 6.076923076923077 9.0 0.9540735874430287 13 79.0
998 5.0 5.769230769230769 6.0 0.4385290096535146 13 75.0
999 5.0 5.846153846153846 7.0 0.5547001962252291 13 76.0
1000 5.0 5.769230769230769 6.0 0.4385290096535146 13 75.0
1001 5.0 5.923076923076923 7.0 0.49354811679282456 13 77.0
1002 5.0 5.846153846153846 6.0 0.3755338080994054 13 76.0
1003 5.0 5.923076923076923 6.0 0.2773500981126145 13 77.0
1004 5.0 5.769230769230769 7.0 0.5991446895152781 13 75.0
1005 5.0 5.6923076923076925 6.0 0.4803844614152614 13 74.0
1006 5.0 5.846153846153846 6.0 0.3755338080994054 13 76.0
1007 5.0 5.6923076923076925 6.0 0.4803844614152614 13 74.0
1008 5.0 5.6923076923076925 7.0 0.6304251719561152 13 74.0
1009 5.0 5.615384615384615 6.0 0.5063696835418333 13 73.0
1010 5.0 5.846153846153846 6.0 0.3755338080994054 13 76.0
1011 5.0 6.153846153846154 9.0 0.8987170342729169 13 80.0
1012 5.0 5.846153846153846 6.0 0.3755338080994054 13 76.0
1013 5.0 5.769230769230769 6.0 0.4385290096535146 13 75.0
1014 5.0 6.0 9.0 1.0 13 78.0
1015 5.0 5.846153846153846 7.0 0.5547001962252291 13 76.0
1016 5.0 5.6923076923076925 6.0 0.4803844614152614 13 74.0
1017 5.0 5.923076923076923 6.0 0.2773500981126145 13 77.0
1018 5.0 5.923076923076923 6.0 0.2773500981126145 13 77.0
1019 5.0 5.923076923076923 6.0 0.2773500981126145 13 77.0
1020 5.0 5.769230769230769 6.0 0.4385290096535146 13 75.0
1021 6.0 6.0 6.0 0.0 13 78.0
1022 5.0 5.6923076923076925 6.0 0.4803844614152614 13 74.0
1023 5.0 6.153846153846154 9.0 0.898717034272917 13 80.0
1024 5.0 6.076923076923077 9.0 0.9540735874430285 13 79.0
1025 5.0 5.846153846153846 6.0 0.3755338080994054 13 76.0
1026 5.0 5.923076923076923 7.0 0.49354811679282445 13 77.0
1027 5.0 5.769230769230769 6.0 0.4385290096535146 13 75.0
1028 5.0 5.923076923076923 7.0 0.49354811679282445 13 77.0
1029 5.0 5.846153846153846 6.0 0.3755338080994054 13 76.0
1030 5.0 5.6923076923076925 6.0 0.4803844614152614 13 74.0
1031 5.0 5.769230769230769 6.0 0.4385290096535146 13 75.0
1032 5.0 5.846153846153846 6.0 0.3755338080994054 13 76.0
1033 5.0 5.846153846153846 7.0 0.5547001962252291 13 76.0
1034 6.0 6.0 6.0 0.0 13 78.0
1035 5.0 6.0 7.0 0.408248290463863 13 78.0
1036 5.0 5.6923076923076925 7.0 0.6304251719561151 13 74.0
1037 5.0 6.0 7.0 0.408248290463863 13 78.0
1038 5.0 5.923076923076923 6.0 0.2773500981126145 13 77.0
1039 5.0 5.923076923076923 7.0 0.4935481167928245 13 77.0
1040 6.0 6.3076923076923075 8.0 0.6304251719561151 13 82.0
1041 5.0 5.846153846153846 6.0 0.3755338080994054 13 76.0
1042 5.0 5.846153846153846 7.0 0.5547001962252291 13 76.0
1043 5.0 5.923076923076923 7.0 0.4935481167928245 13 77.0
1044 6.0 6.0 6.0 0.0 13 78.0
1045 5.0 5.846153846153846 7.0 0.5547001962252291 13 76.0
1046 5.0 6.076923076923077 8.0 0.6405126152203486 13 79.0
1047 5.0 5.923076923076923 7.0 0.49354811679282445 13 77.0
1048 5.0 6.076923076923077 9.0 1.0377490433255416 13 79.0
1049 5.0 6.0 7.0 0.408248290463863 13 78.0
1050 5.0 5.846153846153846 6.0 0.3755338080994054 13 76.0
1051 5.0 5.846153846153846 6.0 0.3755338080994054 13 76.0
1052 6.0 6.076923076923077 7.0 0.2773500981126145 13 79.0
1053 5.0 5.846153846153846 6.0 0.3755338080994054 13 76.0
1054 5.0 5.846153846153846 6.0 0.3755338080994054 13 76.0
1055 5.0 5.846153846153846 6.0 0.3755338080994054 13 76.0
1056 5.0 5.846153846153846 6.0 0.3755338080994054 13 76.0
1057 5.0 5.846153846153846 6.0 0.3755338080994054 13 76.0
1058 6.0 6.153846153846154 8.0 0.5547001962252291 13 80.0
1059 5.0 5.846153846153846 6.0 0.3755338080994054 13 76.0
1060 5.0 5.769230769230769 6.0 0.4385290096535146 13 75.0
1061 5.0 7.615384615384615 19.0 4.253203920545498 13 99.0
1062 5.0 6.153846153846154 8.0 0.6887372317211945 13 80.0
1063 6.0 6.0 6.0 0.0 13 78.0
1064 5.0 6.230769230769231 10.0 1.2351684199496948 13 81.0
1065 5.0 6.0 7.0 0.408248290463863 13 78.0
1066 5.0 5.923076923076923 7.0 0.4935481167928245 13 77.0
1067 5.0 5.923076923076923 7.0 0.49354811679282445 13 77.0
1068 5.0 5.846153846153846 7.0 0.5547001962252291 13 76.0
1069 5.0 6.0 7.0 0.408248290463863 13 78.0
1070 5.0 5.923076923076923 6.0 0.2773500981126145 13 77.0
1071 5.0 5.6923076923076925 7.0 0.6304251719561152 13 74.0
1072 6.0 6.076923076923077 7.0 0.2773500981126145 13 79.0
1073 5.0 5.923076923076923 7.0 0.49354811679282445 13 77.0
1074 5.0 5.846153846153846 6.0 0.3755338080994054 13 76.0
1075 5.0 5.846153846153846 7.0 0.5547001962252291 13 76.0
1076 5.0 5.923076923076923 6.0 0.2773500981126145 13 77.0
1077 6.0 6.076923076923077 7.0 0.2773500981126145 13 79.0
1078 5.0 5.769230769230769 6.0 0.4385290096535146 13 75.0
1079 5.0 5.615384615384615 6.0 0.5063696835418333 13 73.0
1080 5.0 5.846153846153846 7.0 0.5547001962252291 13 76.0
1081 6.0 6.076923076923077 7.0 0.2773500981126145 13 79.0
1082 5.0 6.0 7.0 0.408248290463863 13 78.0
1083 5.0 5.846153846153846 7.0 0.5547001962252291 13 76.0
1084 5.0 5.923076923076923 9.0 1.1151635501529558 13 77.0
1085 5.0 5.6923076923076925 6.0 0.4803844614152614 13 74.0
1086 5.0 5.923076923076923 6.0 0.2773500981126145 13 77.0
1087 5.0 5.923076923076923 7.0 0.49354811679282445 13 77.0
1088 5.0 6.230769230769231 9.0 0.9268086959962983 13 81.0
1089 5.0 5.846153846153846 6.0 0.3755338080994054 13 76.0
1090 5.0 6.384615384615385 9.0 1.2608503439122305 13 83.0
1091 5.0 5.769230769230769 6.0 0.4385290096535146 13 75.0
1092 5.0 5.846153846153846 6.0 0.3755338080994054 13 76.0
1093 5.0 5.846153846153846 7.0 0.5547001962252291 13 76.0
1094 5.0 5.846153846153846 6.0 0.3755338080994054 13 76.0
1095 5.0 5.923076923076923 7.0 0.49354811679282445 13 77.0
1096 5.0 5.846153846153846 6.0 0.3755338080994054 13 76.0
1097 5.0 5.846153846153846 6.0 0.3755338080994054 13 76.0
1098 5.0 6.153846153846154 10.0 1.214231845389905 13 80.0
1099 5.0 5.923076923076923 7.0 0.49354811679282445 13 77.0
1100 5.0 5.6923076923076925 7.0 0.6304251719561152 13 74.0
1101 5.0 6.0 7.0 0.408248290463863 13 78.0
1102 5.0 6.153846153846154 8.0 0.6887372317211945 13 80.0
1103 5.0 6.0 8.0 0.7071067811865476 13 78.0
1104 5.0 6.076923076923077 8.0 0.6405126152203485 13 79.0
1105 5.0 6.076923076923077 8.0 0.6405126152203485 13 79.0
1106 5.0 5.923076923076923 8.0 0.8623164985025763 13 77.0
1107 5.0 7.230769230769231 22.0 4.493585171364587 13 94.0
1108 5.0 5.846153846153846 8.0 0.8006407690254357 13 76.0
1109 5.0 5.923076923076923 8.0 0.75955452531275 13 77.0
1110 5.0 6.0 8.0 0.816496580927726 13 78.0
1111 6.0 6.153846153846154 8.0 0.5547001962252291 13 80.0
1112 5.0 6.076923076923077 8.0 0.7595545253127499 13 79.0
1113 5.0 6.230769230769231 9.0 1.0919284281983377 13 81.0
1114 6.0 6.153846153846154 8.0 0.5547001962252291 13 80.0
1115 5.0 5.846153846153846 8.0 0.8006407690254357 13 76.0
1116 5.0 6.153846153846154 8.0 0.6887372317211945 13 80.0
1117 5.0 6.153846153846154 8.0 0.6887372317211945 13 80.0
1118 5.0 5.846153846153846 8.0 0.8006407690254357 13 76.0
1119 6.0 6.461538461538462 9.0 0.9674179220468453 13 84.0
1120 6.0 6.153846153846154 8.0 0.5547001962252291 13 80.0
1121 6.0 6.3076923076923075 8.0 0.6304251719561152 13 82.0
1122 5.0 5.923076923076923 8.0 0.75955452531275 13 77.0
1123 5.0 6.3076923076923075 9.0 1.1094003924504583 13 82.0
1124 5.0 6.076923076923077 8.0 0.6405126152203485 13 79.0
1125 5.0 6.076923076923077 8.0 0.8623164985025763 13 79.0
1126 5.0 6.3076923076923075 9.0 1.1094003924504583 13 82.0
1127 6.0 6.153846153846154 8.0 0.5547001962252291 13 80.0
1128 5.0 6.153846153846154 8.0 0.6887372317211945 13 80.0
1129 5.0 6.384615384615385 12.0 1.8501559185854912 13 83.0
1130 5.0 6.153846153846154 8.0 0.6887372317211945 13 80.0
1131 6.0 6.230769230769231 8.0 0.5991446895152781 13 81.0
1132 6.0 6.153846153846154 8.0 0.5547001962252291 13 80.0
1133 5.0 6.0 8.0 0.816496580927726 13 78.0
1134 5.0 6.0 8.0 0.7071067811865476 13 78.0
1135 5.0 6.0 8.0 0.816496580927726 13 78.0
1136 5.0 6.0 8.0 0.7071067811865476 13 78.0
1137 5.0 6.0 8.0 0.7071067811865476 13 78.0
1138 6.0 6.153846153846154 8.0 0.5547001962252291 13 80.0
1139 5.0 6.153846153846154 8.0 0.6887372317211945 13 80.0
1140 5.0 6.0 8.0 0.7071067811865476 13 78.0
1141 6.0 6.3076923076923075 8.0 0.6304251719561152 13 82.0
1142 5.0 5.846153846153846 6.0 0.3755338080994054 13 76.0
1143 5.0 5.923076923076923 7.0 0.49354811679282445 13 77.0
1144 5.0 6.076923076923077 9.0 0.9540735874430286 13 79.0
1145 5.0 5.923076923076923 7.0 0.49354811679282445 13 77.0
1146 5.0 5.846153846153846 6.0 0.3755338080994054 13 76.0
1147 5.0 6.0 7.0 0.408248290463863 13 78.0
1148 5.0 5.846153846153846 6.0 0.3755338080994054 13 76.0
1149 5.0 5.923076923076923 8.0 0.75955452531275 13 77.0
1150 6.0 6.3076923076923075 9.0 0.8548504142651104 13 82.0
1151 6.0 6.0 6.0 0.0 13 78.0
1152 5.0 5.769230769230769 7.0 0.5991446895152781 13 75.0
1153 5.0 5.923076923076923 6.0 0.2773500981126145 13 77.0
1154 5.0 6.153846153846154 8.0 0.6887372317211945 13 80.0
1155 5.0 5.846153846153846 6.0 0.3755338080994054 13 76.0
1156 5.0 6.0 7.0 0.408248290463863 13 78.0
1157 6.0 6.0 6.0 0.0 13 78.0
1158 5.0 6.230769230769231 9.0 1.0127393670836669 13 81.0
1159 5.0 5.923076923076923 6.0 0.2773500981126145 13 77.0
1160 5.0 5.769230769230769 6.0 0.4385290096535146 13 75.0
1161 5.0 5.923076923076923 8.0 0.75955452531275 13 77.0
1162 6.0 6.076923076923077 7.0 0.2773500981126145 13 79.0
1163 5.0 5.923076923076923 7.0 0.49354811679282445 13 77.0
1164 5.0 5.846153846153846 6.0 0.3755338080994054 13 76.0
1165 6.0 6.384615384615385 9.0 0.869718492622904 13 83.0
1166 5.0 6.0 8.0 0.7071067811865476 13 78.0
1167 5.0 5.923076923076923 7.0 0.6405126152203486 13 77.0
1168 6.0 6.0 6.0 0.0 13 78.0
1169 5.0 5.846153846153846 7.0 0.5547001962252291 13 76.0
1170 6.0 6.0 6.0 0.0 13 78.0
1171 5.0 6.076923076923077 9.0 1.0377490433255416 13 79.0
1172 5.0 6.0 7.0 0.408248290463863 13 78.0
1173 6.0 6.0 6.0 0.0 13 78.0
1174 6.0 6.076923076923077 7.0 0.2773500981126145 13 79.0
1175 5.0 5.6923076923076925 6.0 0.4803844614152615 13 74.0
1176 5.0 5.846153846153846 7.0 0.6887372317211945 13 76.0
1177 5.0 5.769230769230769 6.0 0.4385290096535146 13 75.0
1178 5.0 6.0 7.0 0.408248290463863 13 78.0
1179 6.0 6.0 6.0 0.0 13 78.0
1180 5.0 6.076923076923077 7.0 0.49354811679282456 13 79.0
1181 5.0 6.0 8.0 0.7071067811865476 13 78.0
1182 5.0 5.769230769230769 6.0 0.4385290096535146 13 75.0
1183 6.0 6.0 6.0 0.0 13 78.0
1184 6.0 6.076923076923077 7.0 0.2773500981126145 13 79.0
1185 6.0 6.0 6.0 0.0 13 78.0
1186 5.0 5.461538461538462 6.0 0.5188745216627708 13 71.0
1187 5.0 6.0 7.0 0.5773502691896257 13 78.0
1188 5.0 5.769230769230769 6.0 0.4385290096535146 13 75.0
1189 5.0 5.769230769230769 6.0 0.4385290096535146 13 75.0
1190 5.0 6.0 7.0 0.5773502691896257 13 78.0
1191 5.0 5.769230769230769 6.0 0.4385290096535146 13 75.0
1192 5.0 5.923076923076923 7.0 0.4935481167928245 13 77.0
1193 5.0 5.846153846153846 6.0 0.3755338080994054 13 76.0
1194 5.0 5.846153846153846 6.0 0.3755338080994054 13 76.0
1195 5.0 5.846153846153846 7.0 0.5547001962252291 13 76.0
1196 5.0 5.846153846153846 6.0 0.3755338080994054 13 76.0
1197 5.0 5.846153846153846 6.0 0.3755338080994054 13 76.0
1198 5.0 5.769230769230769 7.0 0.5991446895152781 13 75.0
1199 5.0 5.846153846153846 6.0 0.3755338080994054 13 76.0
1200 6.0 6.076923076923077 7.0 0.2773500981126145 13 79.0
1201 5.0 5.769230769230769 6.0 0.4385290096535146 13 75.0
1202 5.0 5.923076923076923 7.0 0.49354811679282445 13 77.0
1203 5.0 6.0 8.0 0.7071067811865476 13 78.0
1204 5.0 5.846153846153846 7.0 0.5547001962252291 13 76.0
1205 5.0 5.923076923076923 6.0 0.2773500981126145 13 77.0
1206 5.0 6.076923076923077 7.0 0.4935481167928246 13 79.0
1207 5.0 5.846153846153846 6.0 0.3755338080994054 13 76.0
1208 5.0 5.923076923076923 7.0 0.49354811679282445 13 77.0
1209 5.0 6.3076923076923075 10.0 1.1821319289469758 13 82.0
1210 5.0 5.846153846153846 6.0 0.3755338080994054 13 76.0
1211 5.0 6.0 8.0 0.7071067811865476 13 78.0
1212 5.0 5.923076923076923 6.0 0.2773500981126145 13 77.0
1213 5.0 5.846153846153846 6.0 0.3755338080994054 13 76.0
1214 5.0 5.846153846153846 6.0 0.3755338080994054 13 76.0
1215 5.0 5.6923076923076925 7.0 0.7510676161988107 13 74.0
1216 6.0 6.0 6.0 0.0 13 78.0
1217 5.0 5.923076923076923 6.0 0.2773500981126145 13 77.0
1218 5.0 5.6923076923076925 6.0 0.4803844614152614 13 74.0
1219 5.0 5.846153846153846 6.0 0.3755338080994054 13 76.0
1220 5.0 5.846153846153846 6.0 0.3755338080994054 13 76.0
1221 5.0 5.769230769230769 6.0 0.4385290096535146 13 75.0
1222 5.0 5.846153846153846 6.0 0.3755338080994054 13 76.0
1223 5.0 5.923076923076923 6.0 0.2773500981126145 13 77.0
1224 5.0 5.769230769230769 6.0 0.4385290096535146 13 75.0
1225 5.0 5.769230769230769 6.0 0.4385290096535146 13 75.0
1226 6.0 6.0 6.0 0.0 13 78.0
1227 5.0 5.6923076923076925 6.0 0.4803844614152615 13 74.0
1228 5.0 5.923076923076923 8.0 0.75955452531275 13 77.0
1229 5.0 5.769230769230769 6.0 0.4385290096535146 13 75.0
1230 5.0 5.846153846153846 6.0 0.3755338080994054 13 76.0
1231 5.0 5.769230769230769 6.0 0.4385290096535146 13 75.0
1232 5.0 5.923076923076923 7.0 0.49354811679282456 13 77.0
1233 5.0 5.846153846153846 6.0 0.3755338080994054 13 76.0
1234 5.0 5.615384615384615 6.0 0.5063696835418332 13 73.0
1235 6.0 6.0 6.0 0.0 13 78.0
1236 5.0 5.846153846153846 6.0 0.3755338080994054 13 76.0
1237 5.0 6.0 9.0 1.0 13 78.0
1238 5.0 6.153846153846154 9.0 0.8987170342729167 13 80.0
1239 5.0 5.769230769230769 6.0 0.4385290096535146 13 75.0
1240 5.0 5.769230769230769 6.0 0.4385290096535146 13 75.0
1241 5.0 6.0 9.0 1.0 13 78.0
1242 5.0 5.923076923076923 6.0 0.2773500981126145 13 77.0
1243 5.0 5.923076923076923 6.0 0.2773500981126145 13 77.0
1244 5.0 6.076923076923077 9.0 0.9540735874430286 13 79.0
1245 5.0 5.769230769230769 6.0 0.4385290096535146 13 75.0
1246 5.0 5.6923076923076925 7.0 0.6304251719561152 13 74.0
1247 5.0 6.076923076923077 8.0 0.6405126152203485 13 79.0
1248 5.0 6.0 7.0 0.408248290463863 13 78.0
1249 5.0 6.0 8.0 0.7071067811865476 13 78.0
1250 5.0 6.0 8.0 0.7071067811865476 13 78.0
1251 6.0 6.153846153846154 8.0 0.5547001962252291 13 80.0
1252 5.0 5.923076923076923 8.0 0.8623164985025763 13 77.0
1253 5.0 6.0 7.0 0.408248290463863 13 78.0
1254 5.0 6.153846153846154 12.0 1.8187062180825984 13 80.0
1255 5.0 6.076923076923077 11.0 1.5525000516123695 13 79.0
1256 5.0 5.6923076923076925 6.0 0.4803844614152615 13 74.0
1257 5.0 5.615384615384615 6.0 0.5063696835418332 13 73.0
1258 5.0 5.923076923076923 6.0 0.2773500981126145 13 77.0
1259 5.0 5.923076923076923 6.0 0.2773500981126145 13 77.0
1260 5.0 5.461538461538462 6.0 0.5188745216627708 13 71.0
1261 5.0 5.846153846153846 6.0 0.3755338080994054 13 76.0
1262 5.0 5.6923076923076925 6.0 0.4803844614152614 13 74.0
1263 5.0 5.538461538461538 6.0 0.5188745216627708 13 72.0
1264 5.0 5.923076923076923 8.0 0.75955452531275 13 77.0
1265 6.0 6.0 6.0 0.0 13 78.0
1266 5.0 5.461538461538462 6.0 0.5188745216627708 13 71.0
1267 5.0 5.461538461538462 6.0 0.5188745216627708 13 71.0
1268 6.0 6.0 6.0 0.0 13 78.0
1269 5.0 5.769230769230769 6.0 0.4385290096535146 13 75.0
1270 5.0 5.461538461538462 6.0 0.5188745216627708 13 71.0
1271 5.0 6.076923076923077 9.0 1.3821202589704018 13 79.0
1272 5.0 5.846153846153846 6.0 0.3755338080994054 13 76.0
1273 5.0 5.769230769230769 6.0 0.4385290096535146 13 75.0
1274 5.0 5.6923076923076925 6.0 0.4803844614152614 13 74.0
1275 5.0 5.615384615384615 6.0 0.5063696835418332 13 73.0
1276 5.0 5.846153846153846 6.0 0.3755338080994054 13 76.0
1277 5.0 5.923076923076923 9.0 1.0377490433255416 13 77.0
1278 5.0 5.615384615384615 6.0 0.5063696835418332 13 73.0
1279 5.0 5.769230769230769 6.0 0.4385290096535146 13 75.0
1280 5.0 5.769230769230769 6.0 0.4385290096535146 13 75.0
1281 5.0 5.6923076923076925 6.0 0.48038446141526137 13 74.0
1282 5.0 5.461538461538462 6.0 0.5188745216627708 13 71.0
1283 5.0 5.6923076923076925 6.0 0.4803844614152614 13 74.0
1284 5.0 5.846153846153846 8.0 0.8006407690254357 13 76.0
1285 5.0 5.846153846153846 8.0 0.8006407690254357 13 76.0
1286 5.0 5.6923076923076925 6.0 0.4803844614152614 13 74.0
1287 5.0 5.769230769230769 6.0 0.4385290096535146 13 75.0
1288 5.0 5.461538461538462 6.0 0.5188745216627708 13 71.0
1289 5.0 5.538461538461538 6.0 0.5188745216627708 13 72.0
1290 5.0 5.769230769230769 6.0 0.4385290096535146 13 75.0
1291 5.0 5.461538461538462 6.0 0.5188745216627708 13 71.0
1292 5.0 5.615384615384615 6.0 0.5063696835418333 13 73.0
1293 5.0 5.846153846153846 8.0 0.8006407690254357 13 76.0
1294 5.0 5.6923076923076925 7.0 0.6304251719561152 13 74.0
1295 5.0 5.769230769230769 8.0 0.8320502943378435 13 75.0
1296 5.0 5.6923076923076925 7.0 0.6304251719561152 13 74.0
1297 5.0 5.6923076923076925 7.0 0.6304251719561152 13 74.0
1298 5.0 5.769230769230769 8.0 0.8320502943378438 13 75.0
tot,4.0,5.746965121099087,43.0,0.9381494974662506,16887
