##bucket, min, mean, max, stddev, count,total
0 0.0 1.0408163265306125 20.0 2.9577524101465777 49 51.0
1 0.0 0.7346938775510204 18.0 2.6281767302010084 49 36.0
2 0.0 0.7346938775510204 18.0 2.6122747925585337 49 36.0
3 0.0 0.7346938775510204 19.0 2.7596460386258594 49 36.0
4 0.0 0.7959183673469387 18.0 2.6139018713787405 49 39.0
5 0.0 0.7346938775510204 19.0 2.789679717309868 49 36.0
6 0.0 0.7959183673469387 19.0 2.8282768004323677 49 39.0
7 0.0 0.8775510204081632 18.0 2.712875573547562 49 43.0
8 0.0 0.7551020408163266 18.0 2.6577764221627236 49 37.0
9 0.0 0.7346938775510204 18.0 2.6042874121667263 49 36.0
10 0.0 0.7959183673469387 18.0 2.629793970357871 49 39.0
11 0.0 0.7755102040816328 22.0 3.1837170762755767 49 38.0
12 0.0 0.7142857142857142 18.0 2.6457513110645903 49 35.0
13 0.0 0.7142857142857142 18.0 2.629955639676583 49 35.0
14 0.0 0.7959183673469387 18.0 2.6059194781363857 49 39.0
15 0.0 0.7142857142857142 18.0 2.6140645235596867 49 35.0
16 0.0 0.7551020408163266 18.0 2.5781987595097124 49 37.0
17 0.0 0.7551020408163267 18.0 2.6103209592316583 49 37.0
18 0.0 0.6122448979591837 18.0 2.596602961327647 49 30.0
19 0.0 0.653061224489796 17.0 2.4710913615256738 49 32.0
20 0.0 0.7142857142857142 19.0 2.7309949346956564 49 35.0
21 0.0 0.6734693877551021 18.0 2.609180547461539 49 33.0
22 0.0 0.6122448979591836 16.0 2.3346691997173474 49 30.0
23 0.0 0.7551020408163266 15.0 2.277888388443139 49 37.0
24 0.0 0.5714285714285715 15.0 2.1794494717703374 49 28.0
25 0.0 0.653061224489796 15.0 2.175153446772618 49 32.0
26 0.0 0.693877551020408 18.0 2.5997121766381266 49 34.0
27 0.0 0.7142857142857142 18.0 2.606082628518648 49 35.0
28 0.0 0.7346938775510204 18.0 2.6042874121667263 49 36.0
29 0.0 0.653061224489796 18.0 2.610483834529557 49 32.0
30 0.0 0.6122448979591837 18.0 2.588567223795596 49 30.0
31 0.0 0.7142857142857143 18.0 2.6140645235596867 49 35.0
32 0.0 0.6938775510204082 18.0 2.5836350493107987 49 34.0
33 0.0 0.7551020408163267 18.0 2.618289933691598 49 37.0
34 0.0 0.5918367346938774 18.0 2.58938833950976 49 29.0
35 0.0 0.6938775510204082 19.0 2.747757279678686 49 34.0
36 0.0 0.6938775510204082 18.0 2.6156904890857935 49 34.0
37 0.0 0.7142857142857143 18.0 2.6060826285186476 49 35.0
38 0.0 0.693877551020408 18.0 2.5836350493107987 49 34.0
39 0.0 1.3469387755102045 25.0 4.675071391648133 49 66.0
40 0.0 0.5510204081632654 15.0 2.1800346374331214 49 27.0
41 0.0 0.6734693877551021 15.0 2.202155715638286 49 33.0
42 0.0 0.5714285714285715 15.0 2.1889875894272834 49 28.0
43 0.0 0.6122448979591836 15.0 2.2062064587829284 49 30.0
44 0.0 0.6734693877551021 15.0 2.173589150671849 49 33.0
45 0.0 0.5714285714285715 15.0 2.1889875894272834 49 28.0
46 0.0 0.6326530612244898 15.0 2.2050498629190196 49 31.0
47 0.0 0.6122448979591836 16.0 2.325728618184455 49 30.0
48 0.0 0.6122448979591836 15.0 2.196743105624516 49 30.0
49 0.0 0.7142857142857143 15.0 2.19848432637882 49 35.0
50 0.0 0.6326530612244898 15.0 2.1860721773596254 49 31.0
51 0.0 0.5918367346938774 15.0 2.2071698256943844 49 29.0
52 0.0 0.6122448979591837 15.0 2.177693031346592 49 30.0
53 0.0 0.7346938775510206 15.0 2.215245567689972 49 36.0
54 0.0 0.6326530612244898 15.0 2.195581524629072 49 31.0
55 0.0 0.6734693877551021 15.0 2.202155715638286 49 33.0
56 0.0 0.6734693877551021 16.0 2.30387133522072 49 33.0
57 0.0 0.5510204081632654 15.0 2.1990644269192057 49 27.0
58 0.0 0.6734693877551021 18.0 2.593162122953049 49 33.0
59 0.0 0.6734693877551021 15.0 2.183152872014472 49 33.0
60 0.0 0.5306122448979591 15.0 2.170848920126318 49 26.0
61 0.0 0.5306122448979591 15.0 2.1804246606292703 49 26.0
62 0.0 0.6734693877551021 15.0 2.173589150671849 49 33.0
63 0.0 0.6938775510204082 15.0 2.2004174001070513 49 34.0
64 0.0 1.1224489795918362 30.0 4.733007558014005 49 55.0
65 0.0 0.693877551020408 15.0 2.2192724186154367 49 34.0
66 0.0 0.693877551020408 15.0 2.162214158687157 49 34.0
67 0.0 0.653061224489796 15.0 2.194225569612234 49 32.0
68 0.0 0.5306122448979591 15.0 2.1804246606292703 49 26.0
69 0.0 0.653061224489796 15.0 2.1942255696122337 49 32.0
70 0.0 0.6938775510204082 15.0 2.181399413532639 49 34.0
71 0.0 0.5510204081632654 15.0 2.189570206016429 49 27.0
72 0.0 0.653061224489796 15.0 2.175153446772618 49 32.0
73 0.0 0.6938775510204082 15.0 2.1909290422163856 49 34.0
74 0.0 0.5918367346938774 15.0 2.178669006401794 49 29.0
75 0.0 0.5918367346938774 15.0 2.197710620802728 49 29.0
76 0.0 0.5918367346938774 15.0 2.1882105260057694 49 29.0
77 0.0 0.6734693877551021 15.0 2.173589150671849 49 33.0
78 0.0 0.5714285714285715 15.0 2.188987589427284 49 28.0
79 0.0 0.6734693877551021 16.0 2.30387133522072 49 33.0
80 0.0 0.653061224489796 15.0 2.203699733858222 49 32.0
81 0.0 0.5510204081632654 15.0 2.1990644269192057 49 27.0
82 0.0 0.7142857142857142 16.0 2.3003622903070435 49 35.0
83 0.0 0.5714285714285716 15.0 2.1984843263788205 49 28.0
84 0.0 0.6734693877551021 15.0 2.1926748799700566 49 33.0
85 0.0 0.6938775510204082 16.0 2.329199447884876 49 34.0
86 0.0 0.653061224489796 15.0 2.175153446772618 49 32.0
87 0.0 0.5510204081632654 15.0 2.1800346374331214 49 27.0
88 0.0 0.693877551020408 16.0 2.3558798925300097 49 34.0
89 0.0 0.5918367346938774 15.0 2.1882105260057694 49 29.0
90 0.0 0.7142857142857143 15.0 2.207940216581962 49 35.0
91 0.0 0.5714285714285715 15.0 2.169869427715257 49 28.0
92 0.0 0.6122448979591836 15.0 2.215629392620114 49 30.0
93 0.0 0.653061224489796 15.0 2.1847103203110168 49 32.0
94 0.0 0.6938775510204082 16.0 2.338126757618987 49 34.0
95 0.0 0.6122448979591836 15.0 2.168105226253754 49 30.0
96 0.0 0.6326530612244898 15.0 2.195581524629072 49 31.0
97 0.0 0.6122448979591836 15.0 2.1872388085076984 49 30.0
98 0.0 0.5918367346938774 15.0 2.178669006401794 49 29.0
99 0.0 0.6938775510204082 15.0 2.181399413532639 49 34.0
100 0.0 0.5510204081632654 16.0 2.3189547258211323 49 27.0
101 0.0 0.7346938775510204 20.0 2.8706525840831727 49 36.0
102 0.0 0.6734693877551021 15.0 2.1926748799700566 49 33.0
103 0.0 0.7346938775510204 16.0 2.343212806917758 49 36.0
104 0.0 0.6122448979591836 15.0 2.1872388085076984 49 30.0
105 0.0 0.5918367346938774 15.0 2.2165886641689854 49 29.0
106 0.0 0.6734693877551021 16.0 2.3308417211925176 49 33.0
107 0.0 0.5714285714285715 15.0 2.1984843263788205 49 28.0
108 0.0 0.6938775510204082 15.0 2.181399413532639 49 34.0
109 0.0 0.6122448979591836 15.0 2.168105226253754 49 30.0
110 0.0 0.6326530612244898 15.0 2.195581524629072 49 31.0
111 0.0 0.6122448979591837 16.0 2.316753534318122 49 30.0
112 0.0 0.6122448979591836 15.0 2.1872388085076984 49 30.0
113 0.0 0.5714285714285715 15.0 2.1794494717703374 49 28.0
114 0.0 0.6734693877551021 16.0 2.312896408384597 49 33.0
115 0.0 0.653061224489796 15.0 2.1847103203110168 49 32.0
116 0.0 0.6734693877551021 15.0 2.173589150671849 49 33.0
117 0.0 0.5714285714285715 15.0 2.1984843263788205 49 28.0
118 0.0 0.7142857142857142 15.0 2.1698694277152564 49 35.0
119 0.0 0.5306122448979591 15.0 2.1804246606292703 49 26.0
120 0.0 0.6326530612244898 15.0 2.2050498629190196 49 31.0
121 0.0 0.653061224489796 15.0 2.203699733858222 49 32.0
122 0.0 0.693877551020408 15.0 2.1718279707872528 49 34.0
123 0.0 0.5714285714285715 15.0 2.1794494717703374 49 28.0
124 0.0 0.6734693877551021 16.0 2.3397627648798847 49 33.0
125 0.0 0.5714285714285715 15.0 2.1984843263788205 49 28.0
126 0.0 0.693877551020408 15.0 2.1909290422163856 49 34.0
127 0.0 0.6734693877551021 15.0 2.2021557156382854 49 33.0
128 0.0 0.6122448979591836 15.0 2.2062064587829284 49 30.0
129 0.0 0.673469387755102 15.0 2.1926748799700566 49 33.0
130 0.0 0.5714285714285715 15.0 2.1984843263788205 49 28.0
131 0.0 0.6734693877551021 15.0 2.1926748799700566 49 33.0
132 0.0 0.6326530612244898 15.0 2.1765212835989423 49 31.0
133 0.0 0.5918367346938774 16.0 2.3355795796309557 49 29.0
134 0.0 0.6326530612244898 15.0 2.186072177359625 49 31.0
135 0.0 0.6122448979591836 15.0 2.1967431056245155 49 30.0
136 0.0 0.6938775510204082 15.0 2.1718279707872528 49 34.0
137 0.0 0.5306122448979591 15.0 2.161230752915323 49 26.0
138 0.0 0.5918367346938774 15.0 2.207169825694385 49 29.0
139 0.0 0.693877551020408 16.0 2.311241383909062 49 34.0
140 0.0 0.5510204081632654 15.0 2.180034637433121 49 27.0
141 0.0 0.653061224489796 16.0 2.3143665476770963 49 32.0
142 0.0 0.5918367346938774 15.0 2.1882105260057694 49 29.0
143 0.0 0.653061224489796 15.0 2.1942255696122337 49 32.0
144 0.0 0.5714285714285715 16.0 2.309401076758504 49 28.0
145 0.0 0.5510204081632654 15.0 2.1990644269192057 49 27.0
146 0.0 0.5918367346938774 15.0 2.1690855153241686 49 29.0
147 0.0 0.693877551020408 16.0 2.3022098227631664 49 34.0
148 0.0 0.653061224489796 15.0 2.175153446772618 49 32.0
149 0.0 0.5918367346938774 15.0 2.1882105260057694 49 29.0
150 0.0 0.6326530612244898 15.0 2.1860721773596254 49 31.0
151 0.0 0.6122448979591836 15.0 2.177693031346592 49 30.0
152 0.0 0.653061224489796 15.0 2.203699733858222 49 32.0
153 0.0 0.5918367346938774 16.0 2.317670951506227 49 29.0
154 0.0 0.5918367346938774 15.0 2.1882105260057694 49 29.0
155 0.0 0.6122448979591836 15.0 2.196743105624516 49 30.0
156 0.0 0.5510204081632654 15.0 2.1800346374331214 49 27.0
157 0.0 0.653061224489796 15.0 2.194225569612234 49 32.0
158 0.0 0.489795918367347 15.0 2.1710447655793885 49 24.0
159 0.0 0.673469387755102 15.0 2.1926748799700566 49 33.0
160 0.0 0.653061224489796 15.0 2.1847103203110168 49 32.0
161 0.0 0.5918367346938774 16.0 2.326642496414618 49 29.0
162 0.0 0.6530612244897959 19.0 2.7275677535746277 49 32.0
163 0.0 0.693877551020408 16.0 2.338126757618987 49 34.0
164 0.0 0.5510204081632654 16.0 2.3009167058098448 49 27.0
165 0.0 0.6122448979591836 15.0 2.1872388085076984 49 30.0
166 0.0 0.6326530612244898 16.0 2.3246314900701677 49 31.0
167 0.0 0.7755102040816327 15.0 2.1819840562590525 49 38.0
168 0.0 0.5714285714285715 15.0 2.169869427715257 49 28.0
169 0.0 0.6326530612244898 15.0 2.2425234813989916 49 31.0
170 0.0 0.5918367346938774 15.0 2.178669006401794 49 29.0
171 0.0 0.7142857142857143 15.0 2.188987589427283 49 35.0
172 0.0 0.5918367346938774 15.0 2.197710620802728 49 29.0
173 0.0 0.6734693877551021 15.0 2.163983162885447 49 33.0
174 0.0 0.653061224489796 16.0 2.314366547677096 49 32.0
175 0.0 0.653061224489796 15.0 2.203699733858222 49 32.0
176 0.0 0.6326530612244898 15.0 2.195581524629072 49 31.0
177 0.0 0.653061224489796 16.0 2.3233508524700848 49 32.0
178 0.0 0.6938775510204082 15.0 2.1813994135326396 49 34.0
179 0.0 0.5714285714285715 15.0 2.1794494717703374 49 28.0
180 0.0 0.653061224489796 16.0 2.33230054888733 49 32.0
181 0.0 0.6122448979591836 15.0 2.1872388085076984 49 30.0
182 0.0 0.6122448979591836 15.0 2.1872388085076984 49 30.0
183 0.0 0.693877551020408 16.0 2.3470201109834026 49 34.0
184 0.0 0.5918367346938774 15.0 2.159459493975853 49 29.0
185 0.0 0.653061224489796 15.0 2.203699733858222 49 32.0
186 0.0 0.7142857142857142 16.0 2.318404623873926 49 35.0
187 0.0 0.6326530612244898 15.0 2.2050498629190196 49 31.0
188 0.0 0.6122448979591837 15.0 2.168105226253754 49 30.0
189 0.0 0.5918367346938774 15.0 2.178669006401794 49 29.0
190 0.0 0.5714285714285716 15.0 2.1889875894272834 49 28.0
191 0.0 0.6734693877551021 15.0 2.183152872014472 49 33.0
192 0.0 0.6326530612244898 15.0 2.1860721773596254 49 31.0
193 0.0 0.653061224489796 15.0 2.203699733858222 49 32.0
194 0.0 0.5714285714285715 15.0 2.1794494717703374 49 28.0
195 0.0 0.5714285714285715 15.0 2.169869427715257 49 28.0
196 0.0 0.6326530612244898 16.0 2.333576275010635 49 31.0
197 0.0 0.6326530612244898 15.0 2.195581524629072 49 31.0
198 0.0 0.6326530612244898 15.0 2.195581524629072 49 31.0
199 0.0 0.6326530612244898 15.0 2.1860721773596254 49 31.0
200 0.0 0.6122448979591836 16.0 2.307743545567584 49 30.0
201 0.0 0.6938775510204082 15.0 2.1909290422163856 49 34.0
202 0.0 0.5102040816326531 15.0 2.1806196460676786 49 25.0
203 0.0 0.653061224489796 15.0 2.203699733858222 49 32.0
204 0.0 0.5918367346938774 15.0 2.1690855153241686 49 29.0
205 0.0 0.5714285714285715 15.0 2.169869427715257 49 28.0
206 0.0 0.6326530612244898 15.0 2.176521283598942 49 31.0
207 0.0 0.5510204081632654 15.0 2.189570206016429 49 27.0
208 0.0 0.7142857142857142 15.0 2.188987589427283 49 35.0
209 0.0 0.653061224489796 15.0 2.1847103203110168 49 32.0
210 0.0 0.5918367346938774 15.0 2.197710620802728 49 29.0
211 0.0 0.5306122448979591 15.0 2.170848920126318 49 26.0
212 0.0 0.5918367346938774 15.0 2.197710620802728 49 29.0
213 0.0 0.7142857142857143 15.0 2.188987589427283 49 35.0
214 0.0 0.6734693877551021 16.0 2.3308417211925176 49 33.0
215 0.0 0.5918367346938774 15.0 2.1690855153241686 49 29.0
216 0.0 0.5918367346938774 15.0 2.1882105260057694 49 29.0
217 0.0 0.5714285714285715 15.0 2.1794494717703374 49 28.0
218 0.0 0.653061224489796 15.0 2.1847103203110168 49 32.0
219 0.0 0.6326530612244898 15.0 2.195581524629072 49 31.0
220 0.0 0.8367346938775512 25.0 3.584381273755102 49 41.0
221 0.0 0.6326530612244898 15.0 2.195581524629072 49 31.0
222 0.0 0.5918367346938774 16.0 2.326642496414618 49 29.0
223 0.0 0.5510204081632654 15.0 2.170457176205394 49 27.0
224 0.0 0.6734693877551021 15.0 2.211595908520595 49 33.0
225 0.0 0.6326530612244898 16.0 2.315652153921047 49 31.0
226 0.0 0.6326530612244898 15.0 2.195581524629072 49 31.0
227 0.0 0.5918367346938774 16.0 2.3086645431480757 49 29.0
228 0.0 0.5918367346938774 15.0 2.178669006401794 49 29.0
229 0.0 0.653061224489796 15.0 2.1847103203110168 49 32.0
230 0.0 0.5918367346938774 15.0 2.2071698256943844 49 29.0
231 0.0 0.653061224489796 16.0 2.3323005488873303 49 32.0
232 0.0 0.7142857142857142 15.0 2.207940216581962 49 35.0
233 0.0 0.6326530612244898 15.0 2.195581524629072 49 31.0
234 0.0 0.6938775510204082 15.0 2.2004174001070513 49 34.0
235 0.0 0.6122448979591836 15.0 2.1872388085076984 49 30.0
236 0.0 0.5714285714285715 15.0 2.1794494717703374 49 28.0
237 0.0 0.653061224489796 16.0 2.3412160338180685 49 32.0
238 0.0 0.6122448979591837 15.0 2.2250124206639486 49 30.0
239 0.0 0.6122448979591836 15.0 2.1872388085076984 49 30.0
240 0.0 0.6734693877551021 16.0 2.32188640173998 49 33.0
241 0.0 0.6530612244897959 15.0 2.175153446772618 49 32.0
242 0.0 0.653061224489796 15.0 2.1942255696122337 49 32.0
243 0.0 0.5714285714285715 16.0 2.3094010767585034 49 28.0
244 0.0 0.7551020408163266 15.0 2.203506790747591 49 37.0
245 0.0 0.6122448979591836 15.0 2.177693031346592 49 30.0
246 0.0 0.6530612244897959 16.0 2.3412160338180685 49 32.0
247 0.0 0.6326530612244898 15.0 2.1860721773596254 49 31.0
248 0.0 0.6734693877551021 15.0 2.192674879970057 49 33.0
249 0.0 0.6122448979591836 16.0 2.3167535343181216 49 30.0
250 0.0 0.6326530612244898 15.0 2.1765212835989423 49 31.0
251 0.0 0.6938775510204082 15.0 2.2004174001070513 49 34.0
252 0.0 0.6326530612244898 16.0 2.306637863057944 49 31.0
253 0.0 0.5918367346938773 15.0 2.159459493975853 49 29.0
254 0.0 0.6326530612244898 15.0 2.205049862919019 49 31.0
255 0.0 0.5714285714285715 15.0 2.1889875894272834 49 28.0
256 0.0 0.5714285714285715 15.0 2.169869427715257 49 28.0
257 0.0 0.6122448979591836 15.0 2.177693031346592 49 30.0
258 0.0 0.6326530612244898 15.0 2.195581524629072 49 31.0
259 0.0 0.6122448979591836 15.0 2.168105226253754 49 30.0
260 0.0 0.7755102040816327 16.0 2.31179319038318 49 38.0
261 0.0 0.5918367346938774 15.0 2.1882105260057694 49 29.0
262 0.0 0.5918367346938774 15.0 2.197710620802728 49 29.0
263 0.0 0.5306122448979591 16.0 2.301286241941001 49 26.0
264 0.0 0.6122448979591836 15.0 2.1967431056245155 49 30.0
265 0.0 0.7142857142857142 15.0 2.19848432637882 49 35.0
266 0.0 0.5918367346938774 16.0 2.2996228617150347 49 29.0
267 0.0 0.6530612244897959 15.0 2.194225569612234 49 32.0
268 0.0 0.6122448979591836 17.0 2.4648895050506505 49 30.0
269 0.0 0.6734693877551022 15.0 2.3128964083845975 49 33.0
270 0.0 0.6734693877551021 15.0 2.2857142857142865 49 33.0
271 0.0 0.7346938775510206 15.0 2.3073750436018696 49 36.0
272 0.0 0.7142857142857142 15.0 2.3003622903070435 49 35.0
273 0.0 0.6734693877551021 15.0 2.276581456757413 49 33.0
274 0.0 0.653061224489796 15.0 2.1847103203110168 49 32.0
275 0.0 0.6122448979591836 15.0 2.225012420663948 49 30.0
276 0.0 0.6326530612244898 16.0 2.315652153921047 49 31.0
277 0.0 0.7755102040816328 19.0 2.7708700959148866 49 38.0
278 0.0 0.6326530612244898 15.0 2.195581524629072 49 31.0
279 0.0 0.5918367346938774 16.0 2.3355795796309557 49 29.0
280 0.0 0.5918367346938774 15.0 2.197710620802728 49 29.0
281 0.0 0.6734693877551021 15.0 2.1926748799700566 49 33.0
282 0.0 0.6122448979591836 15.0 2.225012420663948 49 30.0
283 0.0 0.5714285714285715 15.0 2.1889875894272834 49 28.0
284 0.0 0.673469387755102 15.0 2.2209959768652676 49 33.0
285 0.0 0.6734693877551021 15.0 2.2021557156382854 49 33.0
286 0.0 0.5714285714285716 15.0 2.2173557826083456 49 28.0
287 0.0 0.653061224489796 16.0 2.3233508524700848 49 32.0
288 0.0 0.7142857142857142 15.0 2.179449471770337 49 35.0
289 0.0 0.6326530612244898 15.0 2.2238656054924992 49 31.0
290 0.0 0.6122448979591836 15.0 2.1872388085076984 49 30.0
291 0.0 0.6734693877551021 15.0 2.2303564279994283 49 33.0
292 0.0 0.5918367346938774 15.0 2.18821052600577 49 29.0
293 0.0 0.6122448979591836 15.0 2.225012420663948 49 30.0
294 0.0 0.5918367346938774 16.0 2.353351929933652 49 29.0
295 0.0 0.7346938775510204 15.0 2.1963559802173993 49 36.0
296 0.0 0.6326530612244898 15.0 2.2050498629190196 49 31.0
297 0.0 0.7959183673469387 16.0 2.3627278711686794 49 39.0
298 0.0 0.6326530612244898 15.0 2.2238656054924992 49 31.0
299 0.0 0.5510204081632654 15.0 2.2179309473188806 49 27.0
300 0.0 0.6122448979591836 16.0 2.316753534318122 49 30.0
301 0.0 0.6734693877551021 15.0 2.211595908520595 49 33.0
302 0.0 0.6734693877551021 15.0 2.2021557156382854 49 33.0
303 0.0 0.5510204081632654 15.0 2.189570206016429 49 27.0
304 0.0 0.7346938775510204 15.0 2.224630214628205 49 36.0
305 0.0 0.5510204081632654 15.0 2.189570206016429 49 27.0
306 0.0 0.6326530612244898 15.0 2.2238656054924992 49 31.0
307 0.0 0.6326530612244898 15.0 2.1765212835989423 49 31.0
308 0.0 0.5918367346938774 15.0 2.207169825694385 49 29.0
309 0.0 0.6326530612244898 16.0 2.3246314900701677 49 31.0
310 0.0 0.6326530612244898 15.0 2.1860721773596254 49 31.0
311 0.0 0.6122448979591836 15.0 2.196743105624516 49 30.0
312 0.0 0.653061224489796 16.0 2.3589459193334936 49 32.0
313 0.0 0.6326530612244898 15.0 2.195581524629072 49 31.0
314 0.0 0.6122448979591836 15.0 2.196743105624516 49 30.0
315 0.0 0.7142857142857142 16.0 2.327373340628157 49 35.0
316 0.0 0.6122448979591836 15.0 2.2062064587829284 49 30.0
317 0.0 0.653061224489796 15.0 2.2131333406899514 49 32.0
318 0.0 0.5510204081632654 16.0 2.3279213232140887 49 27.0
319 0.0 0.693877551020408 15.0 2.228640108831813 49 34.0
320 0.0 0.6734693877551021 15.0 2.192674879970057 49 33.0
321 0.0 0.6122448979591836 16.0 2.3346691997173474 49 30.0
322 0.0 0.6734693877551021 15.0 2.1926748799700566 49 33.0
323 0.0 0.6938775510204082 16.0 2.347020110983403 49 34.0
324 0.0 0.5918367346938774 15.0 2.207169825694385 49 29.0
325 0.0 0.6734693877551021 15.0 2.211595908520595 49 33.0
326 0.0 0.6734693877551021 16.0 2.348649923378329 49 33.0
327 0.0 0.6530612244897959 15.0 2.175153446772618 49 32.0
328 0.0 0.5714285714285715 15.0 2.1984843263788205 49 28.0
329 0.0 0.7346938775510204 16.0 2.3520869297647278 49 36.0
330 0.0 0.653061224489796 15.0 2.231880937014069 49 32.0
331 0.0 0.5918367346938774 15.0 2.2071698256943844 49 29.0
332 0.0 0.7346938775510204 16.0 2.343212806917758 49 36.0
333 0.0 0.7755102040816328 19.0 2.7330180671012845 49 38.0
334 0.0 0.653061224489796 16.0 2.350097696623158 49 32.0
335 0.0 0.5510204081632654 15.0 2.180034637433121 49 27.0
336 0.0 0.7142857142857142 15.0 2.29128784747792 49 35.0
337 0.0 0.6938775510204082 16.0 2.3558798925300097 49 34.0
338 0.0 0.5918367346938774 15.0 2.178669006401794 49 29.0
339 0.0 0.6938775510204082 15.0 2.2004174001070513 49 34.0
340 0.0 0.5714285714285715 15.0 2.1889875894272834 49 28.0
341 0.0 0.7551020408163266 15.0 2.314182831340417 49 37.0
342 0.0 0.6326530612244898 15.0 2.2144777182500284 49 31.0
343 0.0 0.7142857142857143 16.0 2.362907813126304 49 35.0
344 0.0 0.5510204081632654 15.0 2.1990644269192057 49 27.0
345 0.0 0.6734693877551021 15.0 2.220995976865267 49 33.0
346 0.0 0.6122448979591836 15.0 2.1872388085076984 49 30.0
347 0.0 0.6326530612244898 15.0 2.2332140286947837 49 31.0
348 0.0 0.5714285714285716 15.0 2.2173557826083456 49 28.0
349 0.0 0.6326530612244898 15.0 2.1860721773596254 49 31.0
350 0.0 0.5918367346938774 15.0 2.197710620802728 49 29.0
351 0.0 0.5714285714285716 15.0 2.1984843263788205 49 28.0
352 0.0 0.653061224489796 15.0 2.1942255696122337 49 32.0
353 0.0 0.6734693877551021 15.0 2.220995976865267 49 33.0
354 0.0 0.6326530612244898 15.0 2.195581524629072 49 31.0
355 0.0 0.6938775510204082 15.0 2.2192724186154367 49 34.0
356 0.0 0.5918367346938774 15.0 2.1977106208027286 49 29.0
357 0.0 0.653061224489796 15.0 2.203699733858222 49 32.0
358 0.0 0.5918367346938774 15.0 2.1882105260057694 49 29.0
359 0.0 0.6734693877551021 16.0 2.348649923378329 49 33.0
360 0.0 0.5918367346938774 15.0 2.197710620802728 49 29.0
361 0.0 0.7346938775510204 15.0 2.224630214628205 49 36.0
362 0.0 0.5714285714285715 16.0 2.3184046238739255 49 28.0
363 0.0 0.6326530612244898 15.0 2.233214028694784 49 31.0
364 0.0 0.6122448979591836 15.0 2.1872388085076984 49 30.0
365 0.0 0.653061224489796 16.0 2.3412160338180685 49 32.0
366 0.0 0.6734693877551021 15.0 2.211595908520595 49 33.0
367 0.0 0.5918367346938774 15.0 2.197710620802728 49 29.0
368 0.0 0.7142857142857143 16.0 2.318404623873926 49 35.0
369 0.0 0.5714285714285715 15.0 2.1794494717703374 49 28.0
370 0.0 0.6734693877551021 15.0 2.2303564279994283 49 33.0
371 0.0 0.5918367346938774 16.0 2.3266424964146184 49 29.0
372 0.0 0.6122448979591836 15.0 2.1872388085076984 49 30.0
373 0.0 0.693877551020408 19.0 2.7477572796786855 49 34.0
374 0.0 0.6938775510204082 15.0 2.2004174001070513 49 34.0
375 0.0 0.5714285714285715 15.0 2.1794494717703374 49 28.0
376 0.0 0.5918367346938774 15.0 2.18821052600577 49 29.0
377 0.0 0.6122448979591837 15.0 2.187238808507699 49 30.0
378 0.0 0.6326530612244898 15.0 2.2238656054924992 49 31.0
379 0.0 0.5918367346938774 15.0 2.18821052600577 49 29.0
380 0.0 0.6326530612244898 15.0 2.195581524629072 49 31.0
381 0.0 0.7551020408163267 15.0 2.2223355980148636 49 37.0
382 0.0 0.510204081632653 15.0 2.1901526676199983 49 25.0
383 0.0 0.5918367346938774 16.0 2.34448259525546 49 29.0
384 0.0 0.7755102040816327 15.0 2.2104421326442156 49 38.0
385 0.0 0.6326530612244898 15.0 2.1860721773596254 49 31.0
386 0.0 0.6326530612244898 16.0 2.333576275010635 49 31.0
387 0.0 0.693877551020408 20.0 2.8810015737634043 49 34.0
388 0.0 0.6734693877551021 19.0 2.756717213628986 49 33.0
389 0.0 0.7346938775510204 18.0 2.6122747925585337 49 36.0
390 0.0 0.6734693877551021 19.0 2.7491495283544864 49 33.0
391 0.0 0.7959183673469387 18.0 2.6218599619094736 49 39.0
392 0.0 0.6938775510204082 19.0 2.75532878885513 49 34.0
393 0.0 0.653061224489796 18.0 2.594473456600936 49 32.0
394 0.0 0.7755102040816328 18.0 2.6399598017966186 49 38.0
395 0.0 0.6122448979591837 18.0 2.604613907173609 49 30.0
396 0.0 0.7346938775510204 18.0 2.6042874121667263 49 36.0
397 0.0 0.7346938775510204 18.0 2.620237824798237 49 36.0
398 0.0 0.7142857142857143 18.0 2.6140645235596867 49 35.0
399 0.0 0.7142857142857142 19.0 2.7537852736430506 49 35.0
400 0.0 0.6734693877551021 18.0 2.6011836656770377 49 33.0
401 0.0 0.7142857142857142 19.0 2.7462095088806797 49 35.0
402 0.0 0.693877551020408 18.0 2.6315717865996384 49 34.0
403 0.0 0.6734693877551021 18.0 2.6011836656770373 49 33.0
404 0.0 0.6938775510204082 19.0 2.747757279678686 49 34.0
405 0.0 0.7346938775510204 18.0 2.6281767302010084 49 36.0
406 0.0 0.6530612244897959 19.0 2.7428013387180403 49 32.0
407 0.0 0.7346938775510204 18.0 2.6281767302010084 49 36.0
408 0.0 0.6530612244897959 19.0 2.7428013387180403 49 32.0
409 0.0 0.7142857142857143 18.0 2.606082628518648 49 35.0
410 0.0 0.653061224489796 18.0 2.6024909574623836 49 32.0
411 0.0 0.7142857142857143 19.0 2.7386127875258297 49 35.0
412 0.0 0.8163265306122449 17.0 2.4805364791693347 49 40.0
413 0.0 0.5510204081632654 15.0 2.189570206016429 49 27.0
414 0.0 0.6326530612244898 16.0 2.333576275010635 49 31.0
415 0.0 0.673469387755102 15.0 2.23967775864856 49 33.0
416 0.0 0.653061224489796 15.0 2.1942255696122337 49 32.0
417 0.0 0.6734693877551021 16.0 2.32188640173998 49 33.0
418 0.0 0.5714285714285715 15.0 2.1984843263788205 49 28.0
419 0.0 0.7959183673469387 16.0 2.3271906510921303 49 39.0
420 0.0 0.7142857142857143 15.0 2.217355782608345 49 35.0
421 0.0 0.6326530612244898 15.0 2.195581524629072 49 31.0
422 0.0 0.6122448979591836 15.0 2.196743105624516 49 30.0
423 0.0 0.7142857142857142 15.0 2.2267315359812314 49 35.0
424 0.0 0.5510204081632654 15.0 2.180034637433121 49 27.0
425 0.0 0.6938775510204082 15.0 2.2004174001070513 49 34.0
426 0.0 0.7142857142857143 15.0 2.179449471770337 49 35.0
427 0.0 0.5714285714285716 15.0 2.2360679774997907 49 28.0
428 0.0 0.5306122448979591 16.0 2.3193213879668053 49 26.0
429 0.0 0.6122448979591836 15.0 2.196743105624516 49 30.0
430 0.0 0.7142857142857143 16.0 2.3540744819709225 49 35.0
431 0.0 0.5714285714285715 15.0 2.1889875894272834 49 28.0
432 0.0 0.7142857142857142 16.0 2.336307628146031 49 35.0
433 0.0 0.6122448979591836 15.0 2.1967431056245155 49 30.0
434 0.0 0.6122448979591836 16.0 2.325728618184455 49 30.0
435 0.0 0.5918367346938774 15.0 2.2071698256943844 49 29.0
436 0.0 0.653061224489796 16.0 2.3323005488873303 49 32.0
437 0.0 0.5510204081632654 15.0 2.189570206016429 49 27.0
438 0.0 0.5714285714285715 15.0 2.1794494717703374 49 28.0
439 0.0 0.6938775510204082 15.0 2.2004174001070513 49 34.0
440 0.0 0.6734693877551021 19.0 2.771790599820213 49 33.0
441 0.0 0.5714285714285715 15.0 2.1889875894272834 49 28.0
442 0.0 0.6122448979591836 15.0 2.1872388085076984 49 30.0
443 0.0 0.693877551020408 16.0 2.3647064796066926 49 34.0
444 0.0 0.5306122448979591 15.0 2.1804246606292703 49 26.0
445 0.0 0.6326530612244898 15.0 2.2050498629190196 49 31.0
446 0.0 0.7142857142857143 15.0 2.179449471770337 49 35.0
447 0.0 0.6326530612244898 15.0 2.2050498629190196 49 31.0
448 0.0 0.6326530612244898 15.0 2.195581524629072 49 31.0
449 0.0 0.6326530612244898 15.0 2.1860721773596254 49 31.0
450 0.0 0.6122448979591836 16.0 2.3435756737889877 49 30.0
451 0.0 0.6122448979591836 15.0 2.177693031346592 49 30.0
452 0.0 0.6734693877551021 15.0 2.202155715638286 49 33.0
453 0.0 0.6326530612244898 15.0 2.195581524629072 49 31.0
454 0.0 0.6122448979591836 15.0 2.225012420663948 49 30.0
455 0.0 0.653061224489796 15.0 2.175153446772618 49 32.0
456 0.0 0.6122448979591836 15.0 2.215629392620114 49 30.0
457 0.0 0.6122448979591836 15.0 2.2156293926201136 49 30.0
458 0.0 0.693877551020408 15.0 2.1909290422163856 49 34.0
459 0.0 0.5918367346938774 15.0 2.1882105260057694 49 29.0
460 0.0 0.6734693877551021 16.0 2.348649923378329 49 33.0
461 0.0 0.6122448979591836 15.0 2.196743105624516 49 30.0
462 0.0 0.5510204081632654 15.0 2.1800346374331214 49 27.0
463 0.0 0.7142857142857142 16.0 2.327373340628157 49 35.0
464 0.0 0.6326530612244898 15.0 2.1860721773596254 49 31.0
465 0.0 0.5714285714285716 15.0 2.217355782608346 49 28.0
466 0.0 0.653061224489796 15.0 2.1942255696122337 49 32.0
467 0.0 0.6734693877551021 15.0 2.202155715638286 49 33.0
468 0.0 0.6122448979591836 15.0 2.177693031346592 49 30.0
469 0.0 0.6326530612244898 15.0 2.205049862919019 49 31.0
470 0.0 0.653061224489796 16.0 2.3589459193334936 49 32.0
471 0.0 0.653061224489796 15.0 2.2131333406899514 49 32.0
472 0.0 0.6530612244897959 21.0 3.0245593371057335 49 32.0
473 0.0 0.6530612244897959 18.0 2.6343169608724275 49 32.0
474 0.0 0.7551020408163266 18.0 2.6103209592316587 49 37.0
475 0.0 0.7142857142857143 18.0 2.598076211353315 49 35.0
476 0.0 0.6326530612244898 18.0 2.611623677196336 49 31.0
477 0.0 0.6938775510204082 18.0 2.6156904890857935 49 34.0
478 0.0 0.693877551020408 18.0 2.5997121766381266 49 34.0
479 0.0 0.6938775510204082 19.0 2.75532878885513 49 34.0
480 0.0 0.7755102040816328 18.0 2.592178187374865 49 38.0
481 0.0 0.6326530612244898 19.0 2.7362830441968495 49 31.0
482 0.0 0.653061224489796 18.0 2.6024909574623836 49 32.0
483 0.0 0.6938775510204082 18.0 2.6315717865996384 49 34.0
484 0.0 0.8775510204081634 19.0 3.045711828820593 49 43.0
485 0.0 0.7346938775510204 18.0 2.6042874121667263 49 36.0
486 0.0 0.6122448979591837 19.0 2.7448157689437327 49 30.0
487 0.0 0.7346938775510204 18.0 2.6122747925585337 49 36.0
488 0.0 0.6734693877551021 18.0 2.6251012290167077 49 33.0
489 0.0 0.6734693877551021 18.0 2.6171529943658935 49 33.0
490 0.0 0.7346938775510204 16.0 2.3520869297647278 49 36.0
491 0.0 0.6734693877551021 18.0 2.6171529943658935 49 33.0
492 0.0 0.6734693877551021 15.0 2.2021557156382854 49 33.0
493 0.0 0.6122448979591836 16.0 2.352448427796489 49 30.0
494 0.0 0.6734693877551021 15.0 2.1926748799700566 49 33.0
495 0.0 0.653061224489796 15.0 2.175153446772618 49 32.0
496 0.0 0.6122448979591836 16.0 2.3435756737889877 49 30.0
497 0.0 0.6122448979591836 15.0 2.1967431056245155 49 30.0
498 0.0 0.6326530612244898 15.0 2.195581524629072 49 31.0
499 0.0 0.5714285714285715 15.0 2.1889875894272834 49 28.0
500 0.0 0.693877551020408 16.0 2.338126757618987 49 34.0
501 0.0 0.653061224489796 15.0 2.203699733858222 49 32.0
502 0.0 0.6938775510204082 15.0 2.1909290422163856 49 34.0
503 0.0 0.6938775510204082 15.0 2.1909290422163856 49 34.0
504 0.0 0.6122448979591836 15.0 2.225012420663948 49 30.0
505 0.0 0.6122448979591836 15.0 2.196743105624516 49 30.0
506 0.0 0.6326530612244898 16.0 2.315652153921047 49 31.0
507 0.0 0.7142857142857142 15.0 2.188987589427283 49 35.0
508 0.0 0.5714285714285715 15.0 2.1889875894272834 49 28.0
509 0.0 0.5918367346938774 16.0 2.3355795796309557 49 29.0
510 0.0 0.693877551020408 15.0 2.181399413532639 49 34.0
511 0.0 0.6122448979591836 15.0 2.2062064587829284 49 30.0
512 0.0 0.6938775510204082 16.0 2.320237789831151 49 34.0
513 0.0 0.653061224489796 15.0 2.1847103203110168 49 32.0
514 0.0 0.653061224489796 15.0 2.1847103203110168 49 32.0
515 0.0 0.7142857142857143 15.0 2.2453655975512468 49 35.0
516 0.0 0.6326530612244898 16.0 2.333576275010635 49 31.0
517 0.0 0.6938775510204082 18.0 2.6077135709328223 49 34.0
518 0.0 0.7346938775510204 19.0 2.7671850182396667 49 36.0
519 0.0 0.7346938775510204 19.0 2.7445059528392473 49 36.0
520 0.0 0.653061224489796 18.0 2.610483834529557 49 32.0
521 0.0 0.7346938775510204 19.0 2.7596460386258594 49 36.0
522 0.0 0.693877551020408 19.0 2.7401648493038784 49 34.0
523 0.0 0.6326530612244898 16.0 2.3690177073967127 49 31.0
524 0.0 0.6734693877551021 15.0 2.1926748799700566 49 33.0
525 0.0 0.5918367346938774 16.0 2.326642496414618 49 29.0
526 0.0 0.6326530612244898 15.0 2.214477718250029 49 31.0
527 0.0 0.693877551020408 16.0 2.338126757618987 49 34.0
528 0.0 0.5918367346938774 15.0 2.18821052600577 49 29.0
529 0.0 0.6734693877551021 16.0 2.3575035799022013 49 33.0
530 0.0 0.7142857142857143 15.0 2.1698694277152564 49 35.0
531 0.0 0.693877551020408 16.0 2.3470201109834026 49 34.0
532 0.0 0.5714285714285715 15.0 2.1889875894272834 49 28.0
533 0.0 0.693877551020408 16.0 2.320237789831151 49 34.0
534 0.0 0.5918367346938774 15.0 2.207169825694385 49 29.0
535 0.0 0.6326530612244898 15.0 2.195581524629072 49 31.0
536 0.0 0.6734693877551021 15.0 2.220995976865267 49 33.0
537 0.0 0.653061224489796 16.0 2.3412160338180685 49 32.0
538 0.0 0.6122448979591836 15.0 2.1967431056245155 49 30.0
539 0.0 0.6530612244897959 16.0 2.3765435370877332 49 32.0
540 0.0 0.6326530612244898 15.0 2.233214028694784 49 31.0
541 0.0 0.7142857142857142 19.0 2.7309949346956564 49 35.0
542 0.0 0.9183673469387753 15.0 2.991910863017965 49 45.0
543 0.0 0.5510204081632654 15.0 2.170457176205394 49 27.0
544 0.0 0.6122448979591836 15.0 2.2062064587829284 49 30.0
545 0.0 0.5510204081632654 15.0 2.1800346374331214 49 27.0
546 0.0 0.693877551020408 15.0 2.1909290422163856 49 34.0
547 0.0 0.6530612244897959 16.0 2.3323005488873303 49 32.0
548 0.0 0.5714285714285715 15.0 2.2079402165819624 49 28.0
549 0.0 0.5918367346938774 16.0 2.317670951506227 49 29.0
550 0.0 0.6122448979591836 15.0 2.225012420663948 49 30.0
551 0.0 0.6122448979591836 16.0 2.325728618184455 49 30.0
552 0.0 0.5918367346938774 15.0 2.207169825694385 49 29.0
553 0.0 0.5918367346938774 16.0 2.3086645431480757 49 29.0
554 0.0 0.9591836734693876 15.0 2.9927633807338028 49 47.0
555 0.0 0.5510204081632654 16.0 2.3279213232140887 49 27.0
556 0.0 0.653061224489796 16.0 2.3233508524700848 49 32.0
557 0.0 0.5918367346938774 15.0 2.197710620802728 49 29.0
558 0.0 0.653061224489796 16.0 2.3053472298853666 49 32.0
559 0.0 0.6326530612244898 15.0 2.195581524629072 49 31.0
560 0.0 0.693877551020408 15.0 2.1718279707872528 49 34.0
561 0.0 0.5510204081632654 16.0 2.3189547258211323 49 27.0
562 0.0 0.6326530612244898 15.0 2.176521283598942 49 31.0
563 0.0 0.653061224489796 16.0 2.33230054888733 49 32.0
564 0.0 0.7346938775510204 16.0 2.3073750436018705 49 36.0
565 0.0 0.5918367346938774 15.0 2.2071698256943844 49 29.0
566 0.0 0.5510204081632654 15.0 2.1608372652920504 49 27.0
567 0.0 0.5918367346938774 16.0 2.326642496414618 49 29.0
568 0.0 0.6734693877551021 15.0 2.173589150671849 49 33.0
569 0.0 0.5918367346938774 15.0 2.18821052600577 49 29.0
570 0.0 0.6734693877551021 16.0 2.348649923378329 49 33.0
571 0.0 0.6938775510204082 18.0 2.5916860795038197 49 34.0
572 0.0 0.6326530612244898 15.0 2.195581524629072 49 31.0
573 0.0 0.6122448979591836 16.0 2.316753534318122 49 30.0
574 0.0 0.653061224489796 16.0 2.33230054888733 49 32.0
575 0.0 0.7346938775510204 15.0 2.1868500006104825 49 36.0
576 0.0 0.6326530612244898 16.0 2.315652153921047 49 31.0
577 0.0 0.653061224489796 15.0 2.203699733858222 49 32.0
578 0.0 0.5306122448979591 15.0 2.161230752915323 49 26.0
579 0.0 0.693877551020408 16.0 2.329199447884876 49 34.0
580 0.0 0.6122448979591836 16.0 2.325728618184455 49 30.0
581 0.0 0.693877551020408 15.0 2.209865018810095 49 34.0
582 0.0 0.6530612244897959 15.0 2.175153446772618 49 32.0
583 0.0 0.6326530612244898 16.0 2.333576275010635 49 31.0
584 0.0 0.5510204081632654 15.0 2.180034637433121 49 27.0
585 0.0 0.7346938775510204 16.0 2.325362966328067 49 36.0
586 0.0 0.653061224489796 16.0 2.305347229885366 49 32.0
587 0.0 0.6734693877551021 16.0 2.3308417211925176 49 33.0
588 0.0 0.6734693877551021 19.0 2.7263204377423604 49 33.0
589 0.0 0.7142857142857142 16.0 2.318404623873926 49 35.0
590 0.0 0.6122448979591836 15.0 2.196743105624516 49 30.0
591 0.0 0.5306122448979591 15.0 2.170848920126318 49 26.0
592 0.0 0.653061224489796 16.0 2.33230054888733 49 32.0
593 0.0 0.5714285714285715 16.0 2.3094010767585034 49 28.0
594 0.0 0.7142857142857143 15.0 2.207940216581962 49 35.0
595 0.0 0.6122448979591837 15.0 2.177693031346592 49 30.0
596 0.0 0.7142857142857143 16.0 2.3363076281460304 49 35.0
597 0.0 0.8979591836734693 16.0 2.740475156178697 49 44.0
598 0.0 0.5714285714285715 15.0 2.1984843263788205 49 28.0
599 0.0 0.653061224489796 15.0 2.1847103203110168 49 32.0
600 0.0 0.6326530612244898 16.0 2.3424869045437964 49 31.0
601 0.0 0.5918367346938774 16.0 2.326642496414618 49 29.0
602 0.0 0.6122448979591836 15.0 2.196743105624516 49 30.0
603 0.0 0.6734693877551021 16.0 2.312896408384597 49 33.0
604 0.0 0.673469387755102 16.0 2.3218864017399805 49 33.0
605 0.0 0.6122448979591836 16.0 2.3167535343181216 49 30.0
606 0.0 0.6122448979591836 15.0 2.2062064587829284 49 30.0
607 0.0 0.673469387755102 16.0 2.312896408384597 49 33.0
608 0.0 0.5918367346938774 16.0 2.326642496414618 49 29.0
609 0.0 0.6326530612244898 15.0 2.1860721773596254 49 31.0
610 0.0 0.653061224489796 15.0 2.1847103203110168 49 32.0
611 0.0 0.7755102040816328 16.0 2.320787457258572 49 38.0
612 0.0 0.5510204081632654 16.0 2.3099533228490774 49 27.0
613 0.0 0.6734693877551021 15.0 2.183152872014472 49 33.0
614 0.0 0.6122448979591836 15.0 2.196743105624516 49 30.0
615 0.0 0.5714285714285715 16.0 2.3184046238739255 49 28.0
616 0.0 0.6122448979591836 16.0 2.3346691997173474 49 30.0
617 0.0 0.6326530612244898 16.0 2.306637863057944 49 31.0
618 0.0 0.6938775510204082 16.0 2.320237789831151 49 34.0
619 0.0 0.6938775510204082 16.0 2.338126757618987 49 34.0
620 0.0 0.6734693877551021 16.0 2.312896408384597 49 33.0
621 0.0 0.5510204081632654 16.0 2.3099533228490774 49 27.0
622 0.0 0.6326530612244898 16.0 2.315652153921047 49 31.0
623 0.0 0.6122448979591837 15.0 2.187238808507699 49 30.0
624 0.0 0.6326530612244898 15.0 2.195581524629072 49 31.0
625 0.0 0.7142857142857142 16.0 2.3094010767585034 49 35.0
626 0.0 0.6326530612244898 16.0 2.306637863057944 49 31.0
627 0.0 0.6326530612244898 16.0 2.3246314900701677 49 31.0
628 0.0 0.6326530612244898 15.0 2.1765212835989423 49 31.0
629 0.0 0.6326530612244898 15.0 2.2050498629190196 49 31.0
630 0.0 0.6122448979591836 16.0 2.316753534318122 49 30.0
631 0.0 0.6326530612244898 16.0 2.3424869045437964 49 31.0
632 0.0 0.7346938775510204 16.0 2.3163864657054534 49 36.0
633 0.0 0.5918367346938774 15.0 2.178669006401794 49 29.0
634 0.0 0.8571428571428571 19.0 2.7309949346956564 49 42.0
635 0.0 0.5918367346938774 16.0 2.3086645431480757 49 29.0
636 0.0 0.6734693877551021 16.0 2.3397627648798847 49 33.0
637 0.0 0.6326530612244898 16.0 2.315652153921047 49 31.0
638 0.0 0.653061224489796 16.0 2.350097696623158 49 32.0
639 0.0 0.5918367346938774 16.0 2.3086645431480757 49 29.0
640 0.0 0.5510204081632654 15.0 2.1704571762053946 49 27.0
641 0.0 0.6734693877551021 15.0 2.163983162885447 49 33.0
642 0.0 0.6326530612244898 16.0 2.3246314900701677 49 31.0
643 0.0 0.6122448979591836 16.0 2.3435756737889877 49 30.0
644 0.0 0.653061224489796 16.0 2.314366547677096 49 32.0
645 0.0 0.7142857142857142 16.0 2.327373340628157 49 35.0
646 0.0 0.673469387755102 15.0 2.173589150671849 49 33.0
647 0.0 0.6122448979591836 15.0 2.1967431056245155 49 30.0
648 0.0 0.6326530612244898 16.0 2.333576275010635 49 31.0
649 0.0 0.5918367346938774 16.0 2.3176709515062273 49 29.0
650 0.0 0.653061224489796 16.0 2.3412160338180685 49 32.0
651 0.0 0.653061224489796 16.0 2.3143665476770963 49 32.0
652 0.0 0.7551020408163266 16.0 2.341034424537741 49 37.0
653 0.0 0.6122448979591836 15.0 2.1872388085076984 49 30.0
654 0.0 0.6326530612244898 15.0 2.1765212835989423 49 31.0
655 0.0 0.653061224489796 16.0 2.3143665476770963 49 32.0
656 0.0 0.653061224489796 16.0 2.314366547677096 49 32.0
657 0.0 0.7959183673469387 16.0 2.3271906510921303 49 39.0
658 0.0 0.6938775510204082 16.0 2.311241383909062 49 34.0
659 0.0 0.5510204081632654 16.0 2.3189547258211327 49 27.0
660 0.0 0.5714285714285715 15.0 2.169869427715257 49 28.0
661 0.0 0.653061224489796 15.0 2.203699733858222 49 32.0
662 0.0 0.5918367346938774 15.0 2.1882105260057694 49 29.0
663 0.0 0.6734693877551021 16.0 2.3218864017399805 49 33.0
664 0.0 0.6734693877551021 16.0 2.312896408384597 49 33.0
665 0.0 0.6326530612244898 16.0 2.3246314900701677 49 31.0
666 0.0 0.6122448979591836 16.0 2.3346691997173474 49 30.0
667 0.0 0.6530612244897959 16.0 2.3323005488873303 49 32.0
668 0.0 0.6122448979591836 15.0 2.196743105624516 49 30.0
669 0.0 0.7142857142857142 15.0 2.188987589427283 49 35.0
670 0.0 0.5918367346938774 15.0 2.178669006401794 49 29.0
671 0.0 0.6122448979591837 16.0 2.316753534318122 49 30.0
672 0.0 0.7346938775510204 18.0 2.6042874121667263 49 36.0
673 0.0 0.6122448979591837 16.0 2.316753534318122 49 30.0
674 0.0 0.653061224489796 15.0 2.222526906550319 49 32.0
675 0.0 0.7551020408163266 16.0 2.314182831340417 49 37.0
676 0.0 0.6122448979591836 16.0 2.3435756737889877 49 30.0
677 0.0 0.7755102040816327 19.0 2.7406302964407123 49 38.0
678 0.0 0.7346938775510204 16.0 2.3073750436018705 49 36.0
679 0.0 0.6122448979591836 16.0 2.3257286181844554 49 30.0
680 0.0 0.6122448979591836 16.0 2.307743545567584 49 30.0
681 0.0 0.6938775510204082 16.0 2.347020110983403 49 34.0
682 0.0 0.6734693877551021 16.0 2.312896408384597 49 33.0
683 0.0 0.7551020408163267 16.0 2.3321182453306446 49 37.0
684 0.0 0.653061224489796 16.0 2.3143665476770963 49 32.0
685 0.0 0.653061224489796 15.0 2.194225569612234 49 32.0
686 0.0 0.6326530612244898 15.0 2.1860721773596254 49 31.0
687 0.0 0.7551020408163266 16.0 2.3321182453306446 49 37.0
688 0.0 0.5306122448979591 16.0 2.3193213879668053 49 26.0
689 0.0 0.653061224489796 16.0 2.350097696623158 49 32.0
690 0.0 0.6530612244897959 16.0 2.3053472298853666 49 32.0
691 0.0 0.7346938775510204 16.0 2.3432128069177582 49 36.0
692 0.0 0.6326530612244898 16.0 2.315652153921047 49 31.0
693 0.0 0.7755102040816327 16.0 2.3386722205349857 49 38.0
694 0.0 0.6734693877551021 15.0 2.183152872014472 49 33.0
695 0.0 0.653061224489796 15.0 2.1942255696122337 49 32.0
696 0.0 0.5714285714285715 15.0 2.1794494717703374 49 28.0
697 0.0 0.7142857142857143 16.0 2.318404623873926 49 35.0
698 0.0 0.6326530612244898 16.0 2.315652153921047 49 31.0
699 0.0 0.693877551020408 16.0 2.329199447884876 49 34.0
700 0.0 0.6122448979591836 16.0 2.2986982414928185 49 30.0
701 0.0 0.6734693877551021 15.0 2.183152872014472 49 33.0
702 0.0 0.6938775510204082 16.0 2.3022098227631664 49 34.0
703 0.0 0.5918367346938774 15.0 2.178669006401794 49 29.0
704 0.0 0.693877551020408 15.0 2.1718279707872528 49 34.0
705 0.0 0.6122448979591837 16.0 2.307743545567584 49 30.0
706 0.0 0.5918367346938774 16.0 2.3086645431480757 49 29.0
707 0.0 0.693877551020408 16.0 2.320237789831151 49 34.0
708 0.0 0.6326530612244898 16.0 2.333576275010635 49 31.0
709 0.0 0.6326530612244898 16.0 2.3246314900701677 49 31.0
710 0.0 0.6734693877551021 16.0 2.3397627648798847 49 33.0
711 0.0 0.6326530612244898 16.0 2.306637863057944 49 31.0
712 0.0 0.6734693877551021 15.0 2.211595908520595 49 33.0
713 0.0 0.6734693877551021 15.0 2.183152872014472 49 33.0
714 0.0 0.6122448979591836 15.0 2.2062064587829284 49 30.0
715 0.0 0.6122448979591836 16.0 2.316753534318122 49 30.0
716 0.0 0.653061224489796 16.0 2.33230054888733 49 32.0
717 0.0 0.6938775510204082 16.0 2.311241383909062 49 34.0
718 0.0 0.693877551020408 16.0 2.3470201109834026 49 34.0
719 0.0 0.6734693877551021 16.0 2.312896408384597 49 33.0
720 0.0 0.7346938775510204 19.0 2.7445059528392473 49 36.0
721 0.0 0.6326530612244898 16.0 2.315652153921047 49 31.0
722 0.0 0.6734693877551021 15.0 2.173589150671849 49 33.0
723 0.0 0.6122448979591836 15.0 2.1872388085076984 49 30.0
724 0.0 0.653061224489796 15.0 2.1847103203110168 49 32.0
725 0.0 0.653061224489796 16.0 2.3412160338180685 49 32.0
726 0.0 0.6326530612244898 16.0 2.315652153921047 49 31.0
727 0.0 0.7142857142857143 16.0 2.336307628146031 49 35.0
728 0.0 0.5918367346938774 15.0 2.178669006401794 49 29.0
729 0.0 0.693877551020408 15.0 2.209865018810095 49 34.0
730 0.0 0.7142857142857142 15.0 2.179449471770337 49 35.0
731 0.0 0.653061224489796 15.0 2.1847103203110168 49 32.0
732 0.0 0.5306122448979591 15.0 2.1804246606292703 49 26.0
733 0.0 0.7142857142857143 16.0 2.327373340628157 49 35.0
734 0.0 0.6122448979591836 16.0 2.3167535343181216 49 30.0
735 0.0 0.6122448979591836 15.0 2.177693031346592 49 30.0
736 0.0 0.6326530612244898 16.0 2.333576275010635 49 31.0
737 0.0 0.6326530612244898 16.0 2.297588206059966 49 31.0
738 0.0 0.6326530612244898 16.0 2.333576275010635 49 31.0
739 0.0 0.6938775510204082 16.0 2.3022098227631664 49 34.0
740 0.0 0.7142857142857143 16.0 2.336307628146031 49 35.0
741 0.0 0.6122448979591836 16.0 2.3167535343181216 49 30.0
742 0.0 0.6326530612244898 16.0 2.333576275010635 49 31.0
743 0.0 0.6122448979591836 16.0 2.307743545567584 49 30.0
744 0.0 0.7346938775510204 16.0 2.3343049483383127 49 36.0
745 0.0 0.6326530612244898 16.0 2.3246314900701677 49 31.0
746 0.0 0.653061224489796 16.0 2.3412160338180685 49 32.0
747 0.0 0.7142857142857143 16.0 2.327373340628157 49 35.0
748 0.0 0.5918367346938774 16.0 2.3355795796309557 49 29.0
749 0.0 0.653061224489796 15.0 2.1847103203110168 49 32.0
750 0.0 0.6734693877551021 15.0 2.1926748799700566 49 33.0
751 0.0 0.6122448979591836 15.0 2.1872388085076984 49 30.0
752 0.0 0.6734693877551021 16.0 2.32188640173998 49 33.0
753 0.0 0.6734693877551021 16.0 2.3397627648798847 49 33.0
754 0.0 0.5306122448979591 15.0 2.189958530965127 49 26.0
755 0.0 0.6938775510204082 15.0 2.1718279707872528 49 34.0
756 0.0 0.653061224489796 15.0 2.175153446772618 49 32.0
757 0.0 0.653061224489796 15.0 2.194225569612234 49 32.0
758 0.0 0.5918367346938774 15.0 2.197710620802728 49 29.0
759 0.0 0.7346938775510204 15.0 2.1868500006104825 49 36.0
760 0.0 0.6734693877551021 16.0 2.3218864017399805 49 33.0
761 0.0 0.7142857142857143 19.0 2.7537852736430506 49 35.0
762 0.0 0.653061224489796 16.0 2.3143665476770963 49 32.0
763 0.0 0.7346938775510204 16.0 2.3343049483383123 49 36.0
764 0.0 0.6734693877551021 16.0 2.32188640173998 49 33.0
765 0.0 0.6326530612244898 16.0 2.351363766971381 49 31.0
766 0.0 0.5918367346938774 16.0 2.3086645431480757 49 29.0
767 0.0 0.653061224489796 16.0 2.3143665476770963 49 32.0
768 0.0 0.7346938775510204 16.0 2.3253629663280666 49 36.0
769 0.0 0.6734693877551021 15.0 2.173589150671849 49 33.0
770 0.0 0.6938775510204082 17.0 2.4681646490244282 49 34.0
771 0.0 0.653061224489796 15.0 2.1847103203110168 49 32.0
772 0.0 0.6326530612244898 16.0 2.333576275010635 49 31.0
773 0.0 0.7346938775510204 16.0 2.3163864657054534 49 36.0
774 0.0 0.7551020408163266 16.0 2.332118245330645 49 37.0
775 0.0 0.5918367346938774 16.0 2.326642496414618 49 29.0
776 0.0 0.653061224489796 16.0 2.3323005488873303 49 32.0
777 0.0 0.6734693877551021 16.0 2.3308417211925176 49 33.0
778 0.0 0.6122448979591836 16.0 2.352448427796489 49 30.0
779 0.0 0.6938775510204082 16.0 2.3022098227631664 49 34.0
780 0.0 0.653061224489796 16.0 2.3412160338180685 49 32.0
781 0.0 0.7346938775510204 16.0 2.439053011280552 49 36.0
782 0.0 0.7142857142857142 16.0 2.345207879911715 49 35.0
783 0.0 0.7142857142857143 16.0 2.327373340628157 49 35.0
784 0.0 0.6326530612244898 16.0 2.3424869045437964 49 31.0
785 0.0 0.653061224489796 16.0 2.33230054888733 49 32.0
786 0.0 0.6326530612244898 16.0 2.3246314900701672 49 31.0
787 0.0 0.6734693877551021 16.0 2.312896408384597 49 33.0
788 0.0 0.7142857142857143 16.0 2.336307628146031 49 35.0
789 0.0 0.6938775510204082 16.0 2.320237789831151 49 34.0
790 0.0 0.6734693877551021 16.0 2.348649923378329 49 33.0
791 0.0 0.653061224489796 16.0 2.3233508524700848 49 32.0
792 0.0 0.653061224489796 16.0 2.3412160338180685 49 32.0
793 0.0 0.6734693877551021 15.0 2.183152872014472 49 33.0
794 0.0 0.5918367346938774 15.0 2.197710620802728 49 29.0
795 0.0 0.653061224489796 15.0 2.1847103203110168 49 32.0
796 0.0 0.653061224489796 15.0 2.203699733858222 49 32.0
797 0.0 0.6734693877551021 15.0 2.183152872014472 49 33.0
798 0.0 0.6326530612244898 16.0 2.333576275010635 49 31.0
799 0.0 0.7142857142857143 16.0 2.327373340628157 49 35.0
800 0.0 0.693877551020408 16.0 2.347020110983402 49 34.0
801 0.0 0.7959183673469387 16.0 2.4322451205687745 49 39.0
802 0.0 0.693877551020408 19.0 2.7779194975185795 49 34.0
803 0.0 0.7142857142857142 16.0 2.3273733406281565 49 35.0
804 0.0 0.6122448979591836 16.0 2.3435756737889877 49 30.0
805 0.0 0.7142857142857143 16.0 2.309401076758503 49 35.0
806 0.0 0.7346938775510204 16.0 2.343212806917758 49 36.0
807 0.0 0.653061224489796 16.0 2.3233508524700848 49 32.0
808 0.0 0.6938775510204082 16.0 2.347020110983403 49 34.0
809 0.0 0.6326530612244898 16.0 2.3246314900701677 49 31.0
810 0.0 0.7346938775510204 16.0 2.3343049483383127 49 36.0
811 0.0 0.6734693877551021 16.0 2.312896408384597 49 33.0
812 0.0 0.6326530612244898 16.0 2.333576275010635 49 31.0
813 0.0 0.6734693877551021 16.0 2.3308417211925176 49 33.0
814 0.0 0.7142857142857142 16.0 2.345207879911715 49 35.0
815 0.0 0.653061224489796 16.0 2.3233508524700848 49 32.0
816 0.0 0.653061224489796 16.0 2.33230054888733 49 32.0
817 0.0 0.6938775510204082 16.0 2.320237789831151 49 34.0
818 0.0 0.7551020408163266 16.0 2.332118245330645 49 37.0
819 0.0 0.6938775510204082 16.0 2.329199447884876 49 34.0
820 0.0 0.6734693877551021 16.0 2.3397627648798847 49 33.0
821 0.0 0.5714285714285715 16.0 2.3363076281460304 49 28.0
822 0.0 0.7551020408163266 16.0 2.323167846613201 49 37.0
823 0.0 0.7755102040816327 16.0 2.31179319038318 49 38.0
824 0.0 0.653061224489796 16.0 2.3412160338180685 49 32.0
825 0.0 0.6734693877551021 16.0 2.312896408384597 49 33.0
826 0.0 0.6530612244897959 16.0 2.3412160338180685 49 32.0
827 0.0 0.7142857142857143 16.0 2.327373340628157 49 35.0
828 0.0 0.6734693877551021 16.0 2.3397627648798847 49 33.0
829 0.0 0.6122448979591836 16.0 2.3346691997173474 49 30.0
830 0.0 0.7142857142857143 16.0 2.3452078799117144 49 35.0
831 0.0 0.5918367346938774 16.0 2.3086645431480757 49 29.0
832 0.0 0.6734693877551021 16.0 2.3308417211925176 49 33.0
833 0.0 0.7755102040816328 16.0 2.3297470009499692 49 38.0
834 0.0 0.6122448979591836 16.0 2.325728618184455 49 30.0
835 0.0 0.6938775510204082 16.0 2.3470201109834026 49 34.0
836 0.0 0.7142857142857142 16.0 2.318404623873926 49 35.0
837 0.0 0.6734693877551021 16.0 2.348649923378329 49 33.0
838 0.0 0.653061224489796 16.0 2.3233508524700848 49 32.0
839 0.0 0.5714285714285715 16.0 2.33630762814603 49 28.0
840 0.0 0.7142857142857143 16.0 2.3273733406281565 49 35.0
841 0.0 0.7755102040816327 20.0 2.895868509060573 49 38.0
842 0.0 0.6122448979591836 16.0 2.325728618184455 49 30.0
843 0.0 0.7551020408163266 16.0 2.341034424537741 49 37.0
844 0.0 0.6326530612244898 17.0 2.463854344577315 49 31.0
845 0.0 0.6938775510204082 16.0 2.320237789831151 49 34.0
846 0.0 0.6734693877551021 16.0 2.3397627648798847 49 33.0
847 0.0 0.653061224489796 16.0 2.3143665476770963 49 32.0
848 0.0 0.6734693877551021 16.0 2.3397627648798847 49 33.0
849 0.0 0.7551020408163266 17.0 2.4624734537054582 49 37.0
850 0.0 0.6734693877551021 16.0 2.3397627648798847 49 33.0
851 0.0 0.7346938775510204 16.0 2.3253629663280666 49 36.0
852 0.0 0.7346938775510204 16.0 2.343212806917758 49 36.0
853 0.0 0.7346938775510204 16.0 2.3073750436018705 49 36.0
854 0.0 0.653061224489796 16.0 2.3412160338180685 49 32.0
855 0.0 0.6734693877551021 16.0 2.3308417211925176 49 33.0
856 0.0 0.7959183673469387 17.0 2.4662690431494454 49 39.0
857 0.0 0.6938775510204082 18.0 2.6077135709328223 49 34.0
858 0.0 0.7346938775510204 17.0 2.481393343500797 49 36.0
859 0.0 0.6122448979591837 17.0 2.4817360063959613 49 30.0
860 0.0 0.6734693877551021 16.0 2.348649923378329 49 33.0
861 0.0 0.7346938775510204 16.0 2.316386465705453 49 36.0
862 0.0 0.6122448979591836 16.0 2.3346691997173474 49 30.0
863 0.0 0.653061224489796 16.0 2.33230054888733 49 32.0
864 0.0 0.7142857142857143 16.0 2.3452078799117144 49 35.0
865 0.0 0.6326530612244898 16.0 2.3246314900701677 49 31.0
866 0.0 0.693877551020408 16.0 2.347020110983403 49 34.0
867 0.0 0.7959183673469387 16.0 2.3092169653796666 49 39.0
868 0.0 0.6122448979591836 16.0 2.3435756737889877 49 30.0
869 0.0 0.7346938775510204 17.0 2.456076734381494 49 36.0
870 0.0 0.6122448979591836 16.0 2.3346691997173474 49 30.0
871 0.0 0.6122448979591836 16.0 2.325728618184455 49 30.0
872 0.0 0.7755102040816328 17.0 2.4771060578361817 49 38.0
873 0.0 0.5918367346938774 16.0 2.326642496414618 49 29.0
874 0.0 0.7142857142857143 16.0 2.327373340628157 49 35.0
875 0.0 0.653061224489796 16.0 2.350097696623158 49 32.0
876 0.0 0.6326530612244898 16.0 2.3246314900701677 49 31.0
877 0.0 0.6326530612244898 16.0 2.3246314900701677 49 31.0
878 0.0 0.8367346938775512 20.0 2.8747966506020783 49 41.0
879 0.0 0.6734693877551021 16.0 2.3397627648798847 49 33.0
880 0.0 0.6938775510204082 16.0 2.329199447884876 49 34.0
881 0.0 0.653061224489796 16.0 2.350097696623158 49 32.0
882 0.0 0.653061224489796 16.0 2.3233508524700848 49 32.0
883 0.0 0.6734693877551021 16.0 2.348649923378329 49 33.0
884 0.0 0.7551020408163266 16.0 2.323167846613201 49 37.0
885 0.0 0.6122448979591836 16.0 2.3346691997173474 49 30.0
886 0.0 0.653061224489796 16.0 2.33230054888733 49 32.0
887 0.0 0.693877551020408 16.0 2.347020110983402 49 34.0
888 0.0 0.5918367346938774 16.0 2.3355795796309557 49 29.0
889 0.0 0.7346938775510204 16.0 2.3343049483383127 49 36.0
890 0.0 0.7551020408163266 16.0 2.3231678466132006 49 37.0
891 0.0 0.7142857142857142 16.0 2.345207879911715 49 35.0
892 0.0 0.7142857142857143 16.0 2.318404623873926 49 35.0
893 0.0 0.653061224489796 16.0 2.358945919333493 49 32.0
894 0.0 0.6938775510204082 16.0 2.3202377898311513 49 34.0
895 0.0 0.6938775510204082 16.0 2.338126757618987 49 34.0
896 0.0 0.7551020408163266 16.0 2.323167846613201 49 37.0
897 0.0 0.7142857142857142 16.0 2.345207879911715 49 35.0
898 0.0 0.6326530612244898 16.0 2.3424869045437964 49 31.0
899 0.0 0.6938775510204082 16.0 2.329199447884876 49 34.0
900 0.0 0.7142857142857142 17.0 2.466441431158123 49 35.0
901 0.0 0.6938775510204082 16.0 2.3291994478848763 49 34.0
902 0.0 0.5918367346938774 16.0 2.3355795796309557 49 29.0
903 0.0 0.6734693877551021 16.0 2.348649923378329 49 33.0
904 0.0 0.7346938775510204 16.0 2.325362966328067 49 36.0
905 0.0 0.653061224489796 16.0 2.3412160338180685 49 32.0
906 0.0 0.7346938775510204 16.0 2.325362966328067 49 36.0
907 0.0 0.6938775510204082 16.0 2.329199447884876 49 34.0
908 0.0 0.653061224489796 16.0 2.3233508524700848 49 32.0
909 0.0 0.6122448979591837 16.0 2.3257286181844554 49 30.0
910 0.0 0.693877551020408 16.0 2.3470201109834026 49 34.0
911 0.0 0.6734693877551021 16.0 2.32188640173998 49 33.0
912 0.0 0.7755102040816328 16.0 2.3475635075049 49 38.0
913 0.0 0.7142857142857143 17.0 2.466441431158123 49 35.0
914 0.0 1.0612244897959182 16.0 3.1911868433840977 49 52.0
915 0.0 0.6326530612244898 19.0 2.7362830441968495 49 31.0
916 0.0 0.693877551020408 16.0 2.338126757618987 49 34.0
917 0.0 0.5714285714285715 16.0 2.318404623873926 49 28.0
918 0.0 0.6530612244897959 16.0 2.3323005488873303 49 32.0
919 0.0 0.7346938775510206 16.0 2.3432128069177582 49 36.0
920 0.0 0.653061224489796 16.0 2.33230054888733 49 32.0
921 0.0 0.6122448979591836 16.0 2.3346691997173474 49 30.0
922 0.0 0.6938775510204082 16.0 2.320237789831151 49 34.0
923 0.0 0.7755102040816327 16.0 2.3386722205349857 49 38.0
924 0.0 0.7346938775510204 16.0 2.325362966328067 49 36.0
925 0.0 0.6122448979591836 17.0 2.473327099025826 49 30.0
926 0.0 0.5918367346938773 16.0 2.317670951506227 49 29.0
927 0.0 0.693877551020408 16.0 2.3202377898311504 49 34.0
928 0.0 0.6938775510204082 16.0 2.320237789831151 49 34.0
929 0.0 0.7142857142857143 17.0 2.466441431158123 49 35.0
930 0.0 0.6938775510204082 16.0 2.347020110983403 49 34.0
931 0.0 0.5918367346938774 16.0 2.317670951506227 49 29.0
932 0.0 0.7142857142857143 17.0 2.474873734152916 49 35.0
933 0.0 0.6326530612244898 16.0 2.333576275010635 49 31.0
934 0.0 0.6734693877551021 16.0 2.3308417211925176 49 33.0
935 0.0 0.6938775510204082 16.0 2.320237789831151 49 34.0
936 0.0 0.653061224489796 16.0 2.3412160338180685 49 32.0
937 0.0 0.5918367346938774 16.0 2.326642496414618 49 29.0
938 0.0 0.7346938775510204 16.0 2.3343049483383123 49 36.0
939 0.0 0.6734693877551021 17.0 2.4697145170886374 49 33.0
940 0.0 0.7551020408163266 16.0 2.323167846613201 49 37.0
941 0.0 0.6326530612244898 16.0 2.3424869045437964 49 31.0
942 0.0 0.6326530612244898 16.0 2.315652153921047 49 31.0
943 0.0 0.6734693877551021 16.0 2.3397627648798847 49 33.0
944 0.0 0.7346938775510204 16.0 2.3253629663280666 49 36.0
945 0.0 0.6734693877551021 16.0 2.3218864017399805 49 33.0
946 0.0 0.6938775510204082 17.0 2.4849889472645974 49 34.0
947 0.0 0.653061224489796 16.0 2.3233508524700848 49 32.0
948 0.0 0.8571428571428572 16.0 2.327373340628157 49 42.0
949 0.0 0.5714285714285715 16.0 2.3273733406281556 49 28.0
950 0.0 0.7551020408163267 17.0 2.4793363715997514 49 37.0
951 0.0 0.7551020408163266 19.0 2.7426463212629915 49 37.0
952 0.0 0.7142857142857143 17.0 2.4579802006254368 49 35.0
953 0.0 0.6326530612244898 16.0 2.315652153921047 49 31.0
954 0.0 0.6734693877551021 16.0 2.348649923378329 49 33.0
955 0.0 0.8367346938775512 16.0 2.312528727528862 49 41.0
956 0.0 0.693877551020408 16.0 2.338126757618987 49 34.0
957 0.0 0.653061224489796 16.0 2.3765435370877332 49 32.0
958 0.0 0.8163265306122449 17.0 2.4636817755457927 49 40.0
959 0.0 0.6122448979591836 16.0 2.325728618184455 49 30.0
960 0.0 0.7551020408163266 16.0 2.341034424537741 49 37.0
961 0.0 0.6530612244897959 17.0 2.4710913615256738 49 32.0
962 0.0 0.7959183673469387 16.0 2.34502657977771 49 39.0
963 0.0 0.653061224489796 16.0 2.3323005488873303 49 32.0
964 0.0 0.7346938775510204 17.0 2.4560767343814938 49 36.0
965 0.0 0.6734693877551021 16.0 2.348649923378329 49 33.0
966 0.0 0.6734693877551021 16.0 2.312896408384597 49 33.0
967 0.0 0.653061224489796 16.0 2.3412160338180685 49 32.0
968 0.0 0.693877551020408 16.0 2.3291994478848754 49 34.0
969 0.0 0.6734693877551021 16.0 2.3218864017399805 49 33.0
970 0.0 0.6122448979591836 16.0 2.3435756737889877 49 30.0
971 0.0 0.7142857142857142 16.0 2.3273733406281565 49 35.0
972 0.0 0.7551020408163266 16.0 2.341034424537741 49 37.0
973 0.0 0.6326530612244898 16.0 2.351363766971381 49 31.0
974 0.0 0.693877551020408 16.0 2.338126757618987 49 34.0
975 0.0 0.693877551020408 16.0 2.3202377898311504 49 34.0
976 0.0 0.6734693877551021 17.0 2.469714517088638 49 33.0
977 0.0 0.6326530612244898 16.0 2.315652153921047 49 31.0
978 0.0 0.693877551020408 16.0 2.3470201109834026 49 34.0
979 0.0 0.7142857142857142 16.0 2.345207879911715 49 35.0
980 0.0 0.7959183673469387 17.0 2.4493161616794077 49 39.0
981 0.0 0.5918367346938774 16.0 2.3355795796309557 49 29.0
982 0.0 0.7142857142857142 16.0 2.327373340628157 49 35.0
983 0.0 0.7346938775510204 16.0 2.343212806917758 49 36.0
984 0.0 0.653061224489796 16.0 2.33230054888733 49 32.0
985 0.0 0.6122448979591836 16.0 2.3435756737889877 49 30.0
986 0.0 0.7755102040816328 20.0 2.874205006913861 49 38.0
987 0.0 0.653061224489796 16.0 2.3412160338180685 49 32.0
988 0.0 0.7142857142857143 16.0 2.336307628146031 49 35.0
989 0.0 0.7142857142857143 17.0 2.466441431158123 49 35.0
990 0.0 0.6326530612244898 16.0 2.351363766971381 49 31.0
991 0.0 0.7755102040816327 16.0 2.31179319038318 49 38.0
992 0.0 0.653061224489796 16.0 2.3233508524700848 49 32.0
993 0.0 0.5918367346938774 16.0 2.326642496414618 49 29.0
994 0.0 0.7551020408163267 16.0 2.3321182453306446 49 37.0
995 0.0 0.653061224489796 16.0 2.3412160338180685 49 32.0
996 0.0 0.6734693877551021 16.0 2.3308417211925176 49 33.0
997 0.0 0.7755102040816327 17.0 2.4771060578361817 49 38.0
998 0.0 0.6326530612244898 16.0 2.315652153921047 49 31.0
999 0.0 0.653061224489796 16.0 2.3412160338180685 49 32.0
1000 0.0 0.8163265306122449 17.0 2.472123491620743 49 40.0
1001 0.0 0.6734693877551021 16.0 2.348649923378329 49 33.0
1002 0.0 0.653061224489796 16.0 2.323350852470085 49 32.0
1003 0.0 0.6530612244897959 16.0 2.3143665476770963 49 32.0
1004 0.0 0.653061224489796 16.0 2.3143665476770963 49 32.0
1005 0.0 0.653061224489796 16.0 2.33230054888733 49 32.0
1006 0.0 0.7959183673469387 17.0 2.466269043149445 49 39.0
1007 0.0 0.6122448979591836 16.0 2.3346691997173474 49 30.0
1008 0.0 0.8367346938775511 17.0 2.4861863262795882 49 41.0
1009 0.0 0.6734693877551021 16.0 2.3308417211925176 49 33.0
1010 0.0 0.6326530612244898 16.0 2.315652153921047 49 31.0
1011 0.0 0.693877551020408 17.0 2.4681646490244282 49 34.0
1012 0.0 0.653061224489796 16.0 2.323350852470085 49 32.0
1013 0.0 0.6734693877551021 16.0 2.312896408384597 49 33.0
1014 0.0 0.7142857142857143 16.0 2.3717082451262845 49 35.0
1015 0.0 0.653061224489796 16.0 2.3233508524700848 49 32.0
1016 0.0 0.7755102040816327 17.0 2.4517451787999316 49 38.0
1017 0.0 0.6734693877551021 16.0 2.3308417211925176 49 33.0
1018 0.0 0.5918367346938774 16.0 2.326642496414618 49 29.0
1019 0.0 0.7346938775510204 17.0 2.464544499869444 49 36.0
1020 0.0 0.816326530612245 20.0 2.877162008731834 49 40.0
1021 0.0 0.693877551020408 16.0 2.3470201109834026 49 34.0
1022 0.0 0.5714285714285715 16.0 2.318404623873926 49 28.0
1023 0.0 0.7142857142857143 16.0 2.3094010767585034 49 35.0
1024 0.0 0.6122448979591836 17.0 2.4648895050506505 49 30.0
1025 0.0 0.6326530612244898 16.0 2.351363766971381 49 31.0
1026 0.0 0.7142857142857142 17.0 2.4748737341529154 49 35.0
1027 0.0 0.653061224489796 16.0 2.33230054888733 49 32.0
1028 0.0 0.7142857142857143 16.0 2.318404623873926 49 35.0
1029 0.0 0.6326530612244898 17.0 2.4722954714109675 49 31.0
1030 0.0 0.693877551020408 16.0 2.3202377898311504 49 34.0
1031 0.0 0.7346938775510204 17.0 2.481393343500797 49 36.0
1032 0.0 0.6938775510204082 16.0 2.329199447884876 49 34.0
1033 0.0 0.653061224489796 17.0 2.471091361525674 49 32.0
1034 0.0 0.7142857142857142 16.0 2.3094010767585034 49 35.0
1035 0.0 0.653061224489796 16.0 2.3412160338180685 49 32.0
1036 0.0 0.7551020408163265 16.0 2.3141828313404167 49 37.0
1037 0.0 0.6122448979591836 16.0 2.325728618184455 49 30.0
1038 0.0 0.7755102040816327 17.0 2.4517451787999316 49 38.0
1039 0.0 0.6326530612244898 16.0 2.333576275010635 49 31.0
1040 0.0 0.693877551020408 16.0 2.329199447884876 49 34.0
1041 0.0 0.6734693877551021 16.0 2.3218864017399805 49 33.0
1042 0.0 0.5714285714285715 16.0 2.3184046238739255 49 28.0
1043 0.0 0.7142857142857143 17.0 2.4579802006254368 49 35.0
1044 0.0 0.693877551020408 16.0 2.3558798925300097 49 34.0
1045 0.0 0.7346938775510204 17.0 2.4645444998694446 49 36.0
1046 0.0 0.6326530612244898 16.0 2.3424869045437964 49 31.0
1047 0.0 0.7959183673469387 17.0 2.457807219155036 49 39.0
1048 0.0 0.653061224489796 16.0 2.3412160338180685 49 32.0
1049 0.0 0.7142857142857142 17.0 2.466441431158123 49 35.0
1050 0.0 0.7755102040816327 16.0 2.3297470009499692 49 38.0
1051 0.0 0.6938775510204082 16.0 2.329199447884876 49 34.0
1052 0.0 0.693877551020408 16.0 2.364706479606692 49 34.0
1053 0.0 0.7142857142857143 19.0 2.7462095088806797 49 35.0
1054 0.0 0.6326530612244898 16.0 2.3246314900701677 49 31.0
1055 0.0 0.6122448979591836 16.0 2.3167535343181216 49 30.0
1056 0.0 0.7551020408163267 17.0 2.4793363715997514 49 37.0
1057 0.0 0.6938775510204082 16.0 2.329199447884876 49 34.0
1058 0.0 0.7142857142857142 17.0 2.4748737341529154 49 35.0
1059 0.0 0.6734693877551021 16.0 2.3308417211925176 49 33.0
1060 0.0 0.7346938775510204 17.0 2.481393343500797 49 36.0
1061 0.0 0.653061224489796 16.0 2.3233508524700848 49 32.0
1062 0.0 0.6530612244897959 17.0 2.4541717918013557 49 32.0
1063 0.0 0.7142857142857143 16.0 2.3273733406281565 49 35.0
1064 0.0 0.7142857142857143 17.0 2.466441431158123 49 35.0
1065 0.0 0.6326530612244898 16.0 2.3246314900701677 49 31.0
1066 0.0 0.7551020408163267 16.0 2.462473453705458 49 37.0
1067 0.0 0.857142857142857 16.0 2.908321394435858 49 42.0
1068 0.0 0.7142857142857142 16.0 2.3540744819709225 49 35.0
1069 0.0 0.7346938775510204 17.0 2.481393343500797 49 36.0
1070 0.0 0.653061224489796 16.0 2.33230054888733 49 32.0
1071 0.0 0.7142857142857143 17.0 2.474873734152916 49 35.0
1072 0.0 0.7346938775510204 16.0 2.3609276972912006 49 36.0
1073 0.0 0.816326530612245 17.0 2.472123491620743 49 40.0
1074 0.0 0.6734693877551021 16.0 2.3218864017399805 49 33.0
1075 0.0 0.6734693877551021 17.0 2.469714517088638 49 33.0
1076 0.0 0.7346938775510204 16.0 2.3520869297647278 49 36.0
1077 0.0 0.693877551020408 17.0 2.459709346249514 49 34.0
1078 0.0 0.693877551020408 16.0 2.338126757618987 49 34.0
1079 0.0 0.653061224489796 16.0 2.3412160338180685 49 32.0
1080 0.0 0.693877551020408 16.0 2.3291994478848754 49 34.0
1081 0.0 0.7142857142857143 16.0 2.327373340628157 49 35.0
1082 0.0 0.6530612244897959 17.0 2.479507851101398 49 32.0
1083 0.0 0.6326530612244898 16.0 2.3424869045437964 49 31.0
1084 0.0 0.6734693877551021 16.0 2.3218864017399805 49 33.0
1085 0.0 0.7959183673469387 20.0 2.893812305569238 49 39.0
1086 0.0 0.653061224489796 16.0 2.350097696623158 49 32.0
1087 0.0 0.7142857142857143 16.0 2.354074481970922 49 35.0
1088 0.0 0.6326530612244898 16.0 2.315652153921047 49 31.0
1089 0.0 0.6326530612244898 16.0 2.342486904543797 49 31.0
1090 0.0 0.7346938775510204 16.0 2.3343049483383123 49 36.0
1091 0.0 0.6122448979591836 16.0 2.325728618184455 49 30.0
1092 0.0 0.6530612244897959 16.0 2.3143665476770963 49 32.0
1093 0.0 0.6734693877551021 16.0 2.348649923378329 49 33.0
1094 0.0 0.7755102040816327 16.0 2.3386722205349857 49 38.0
1095 0.0 0.7142857142857143 16.0 2.3452078799117144 49 35.0
1096 0.0 0.6326530612244898 16.0 2.3246314900701677 49 31.0
1097 0.0 0.7142857142857143 16.0 2.3452078799117144 49 35.0
1098 0.0 0.653061224489796 16.0 2.33230054888733 49 32.0
1099 0.0 0.6326530612244898 16.0 2.351363766971381 49 31.0
1100 0.0 0.6734693877551021 16.0 2.30387133522072 49 33.0
1101 0.0 0.7142857142857142 17.0 2.4832774042918895 49 35.0
1102 0.0 0.7346938775510206 16.0 2.3253629663280666 49 36.0
1103 0.0 0.6734693877551021 16.0 2.348649923378329 49 33.0
1104 0.0 0.7142857142857143 16.0 2.327373340628157 49 35.0
1105 0.0 0.693877551020408 16.0 2.338126757618987 49 34.0
1106 0.0 0.7142857142857142 17.0 2.466441431158123 49 35.0
1107 0.0 0.7346938775510204 16.0 2.3343049483383123 49 36.0
1108 0.0 0.6122448979591836 17.0 2.4817360063959613 49 30.0
1109 0.0 0.7755102040816327 16.0 2.3297470009499692 49 38.0
1110 0.0 0.7346938775510204 17.0 2.456076734381494 49 36.0
1111 0.0 0.693877551020408 16.0 2.364706479606692 49 34.0
1112 0.0 0.7142857142857143 17.0 2.4579802006254368 49 35.0
1113 0.0 0.6122448979591836 16.0 2.3435756737889877 49 30.0
1114 0.0 0.7142857142857142 17.0 2.4579802006254368 49 35.0
1115 0.0 0.7346938775510204 17.0 2.4729832709711963 49 36.0
1116 0.0 0.6122448979591836 16.0 2.325728618184455 49 30.0
1117 0.0 0.8163265306122449 19.0 2.7437312595241177 49 40.0
1118 0.0 0.653061224489796 16.0 2.3412160338180685 49 32.0
1119 0.0 0.653061224489796 16.0 2.3412160338180685 49 32.0
1120 0.0 0.7551020408163266 16.0 2.323167846613201 49 37.0
1121 0.0 0.7346938775510204 17.0 2.481393343500797 49 36.0
1122 0.0 0.6938775510204082 16.0 2.329199447884876 49 34.0
1123 0.0 0.653061224489796 17.0 2.4795078511013986 49 32.0
1124 0.0 0.6122448979591837 16.0 2.307743545567584 49 30.0
1125 0.0 0.7346938775510204 17.0 2.481393343500797 49 36.0
1126 0.0 0.6734693877551021 16.0 2.3308417211925176 49 33.0
1127 0.0 0.6734693877551021 17.0 2.4865283286646256 49 33.0
1128 0.0 0.6938775510204082 17.0 2.476591084810035 49 34.0
1129 0.0 0.7346938775510204 16.0 2.3432128069177582 49 36.0
1130 0.0 0.6734693877551021 17.0 2.4697145170886374 49 33.0
1131 0.0 0.6326530612244898 16.0 2.3690177073967127 49 31.0
1132 0.0 0.7346938775510204 17.0 2.464544499869444 49 36.0
1133 0.0 0.6938775510204082 17.0 2.459709346249514 49 34.0
1134 0.0 0.7142857142857143 16.0 2.318404623873926 49 35.0
1135 0.0 0.7346938775510204 17.0 2.539484119233024 49 36.0
1136 0.0 0.6326530612244898 16.0 2.333576275010635 49 31.0
1137 0.0 0.7755102040816327 17.0 2.4432330537838673 49 38.0
1138 0.0 0.653061224489796 16.0 2.3500976966231586 49 32.0
1139 0.0 0.7142857142857142 17.0 2.466441431158123 49 35.0
1140 0.0 0.693877551020408 16.0 2.347020110983403 49 34.0
1141 0.0 0.693877551020408 16.0 2.3291994478848754 49 34.0
1142 0.0 0.6938775510204082 17.0 2.476591084810035 49 34.0
1143 0.0 0.6938775510204082 16.0 2.320237789831151 49 34.0
1144 0.0 0.6938775510204082 17.0 2.476591084810035 49 34.0
1145 0.0 0.6938775510204082 16.0 2.329199447884876 49 34.0
1146 0.0 0.7346938775510204 16.0 2.3343049483383127 49 36.0
1147 0.0 0.6734693877551021 19.0 2.7415609536512275 49 33.0
1148 0.0 0.693877551020408 16.0 2.3647064796066926 49 34.0
1149 0.0 0.693877551020408 17.0 2.4681646490244282 49 34.0
1150 0.0 0.673469387755102 16.0 2.3218864017399805 49 33.0
1151 0.0 0.6734693877551021 17.0 2.4697145170886374 49 33.0
1152 0.0 0.6122448979591837 17.0 2.4648895050506505 49 30.0
1153 0.0 0.6122448979591836 16.0 2.325728618184455 49 30.0
1154 0.0 0.7959183673469387 17.0 2.466269043149445 49 39.0
1155 0.0 0.7142857142857142 16.0 2.3273733406281565 49 35.0
1156 0.0 0.7346938775510204 17.0 2.4729832709711963 49 36.0
1157 0.0 0.6734693877551021 16.0 2.3308417211925176 49 33.0
1158 0.0 0.7142857142857142 16.0 2.345207879911715 49 35.0
1159 0.0 0.8163265306122449 17.0 2.455211034613889 49 40.0
1160 0.0 0.653061224489796 16.0 2.350097696623158 49 32.0
1161 0.0 0.6938775510204082 17.0 2.476591084810035 49 34.0
1162 0.0 0.653061224489796 16.0 2.3412160338180685 49 32.0
1163 0.0 0.6734693877551021 17.0 2.4612645386572525 49 33.0
1164 0.0 0.7346938775510204 17.0 2.489775008276196 49 36.0
1165 0.0 0.6734693877551021 16.0 2.312896408384597 49 33.0
1166 0.0 0.7142857142857142 17.0 2.466441431158123 49 35.0
1167 0.0 0.693877551020408 16.0 2.3470201109834026 49 34.0
1168 0.0 0.7346938775510204 17.0 2.481393343500797 49 36.0
1169 0.0 0.7346938775510204 17.0 2.489775008276196 49 36.0
1170 0.0 0.653061224489796 16.0 2.33230054888733 49 32.0
1171 0.0 0.7346938775510204 16.0 2.3073750436018705 49 36.0
1172 0.0 0.7551020408163267 17.0 2.4793363715997514 49 37.0
1173 0.0 0.7346938775510204 16.0 2.4475796735762043 49 36.0
1174 0.0 0.7346938775510204 17.0 2.4981285512365847 49 36.0
1175 0.0 0.6938775510204082 16.0 2.3470201109834026 49 34.0
1176 0.0 0.7142857142857143 16.0 2.345207879911715 49 35.0
1177 0.0 0.8979591836734694 25.0 3.589596646091684 49 44.0
1178 0.0 0.6122448979591836 16.0 2.3435756737889877 49 30.0
1179 0.0 0.6122448979591837 16.0 2.316753534318122 49 30.0
1180 0.0 0.7755102040816327 17.0 2.48550218033205 49 38.0
1181 0.0 0.693877551020408 16.0 2.320237789831151 49 34.0
1182 0.0 0.653061224489796 16.0 2.3677610768417505 49 32.0
1183 0.0 0.6734693877551021 17.0 2.469714517088638 49 33.0
1184 0.0 0.7755102040816328 16.0 2.3386722205349857 49 38.0
1185 0.0 0.7346938775510204 17.0 2.4645444998694446 49 36.0
1186 0.0 0.7551020408163267 17.0 2.4793363715997514 49 37.0
1187 0.0 0.693877551020408 16.0 2.3291994478848754 49 34.0
1188 0.0 0.7551020408163266 17.0 2.479336371599751 49 37.0
1189 0.0 0.6122448979591836 17.0 2.4901165177776 49 30.0
1190 0.0 0.7551020408163266 16.0 2.3321182453306446 49 37.0
1191 0.0 0.693877551020408 17.0 2.4512248777622476 49 34.0
1192 0.0 0.6734693877551021 16.0 2.3575035799022013 49 33.0
1193 0.0 0.6938775510204082 16.0 2.320237789831151 49 34.0
1194 0.0 0.7142857142857143 17.0 2.5 49 35.0
1195 0.0 0.6326530612244898 17.0 2.4722954714109675 49 31.0
1196 0.0 0.7551020408163266 16.0 2.341034424537741 49 37.0
1197 0.0 0.6734693877551021 17.0 2.4697145170886374 49 33.0
1198 0.0 0.7142857142857143 17.0 2.4748737341529154 49 35.0
1199 0.0 0.5510204081632654 16.0 2.3189547258211323 49 27.0
1200 0.0 0.653061224489796 17.0 2.4626461074096984 49 32.0
1201 0.0 0.7346938775510204 17.0 2.4560767343814938 49 36.0
1202 0.0 0.6326530612244898 16.0 2.3246314900701677 49 31.0
1203 0.0 0.7755102040816327 17.0 2.460227852950896 49 38.0
1204 0.0 0.6326530612244898 17.0 2.463854344577315 49 31.0
1205 0.0 0.7346938775510204 16.0 2.325362966328067 49 36.0
1206 0.0 0.7755102040816328 20.0 2.874205006913861 49 38.0
1207 0.0 0.6734693877551021 17.0 2.469714517088638 49 33.0
1208 0.0 0.6122448979591837 16.0 2.3257286181844554 49 30.0
1209 0.0 0.6326530612244898 17.0 2.455384198985129 49 31.0
1210 0.0 0.7346938775510204 16.0 2.3163864657054534 49 36.0
1211 0.0 0.7959183673469387 16.0 2.4578072191550366 49 39.0
1212 0.0 0.5918367346938774 17.0 2.465751806810473 49 29.0
1213 0.0 0.6734693877551021 17.0 2.478135682844067 49 33.0
1214 0.0 0.8163265306122449 16.0 2.31546853958829 49 40.0
1215 0.0 0.6326530612244898 16.0 2.351363766971381 49 31.0
1216 0.0 0.6938775510204082 17.0 2.4681646490244282 49 34.0
1217 0.0 0.6938775510204082 16.0 2.338126757618987 49 34.0
1218 0.0 0.7755102040816327 17.0 2.4517451787999316 49 38.0
1219 0.0 0.7142857142857142 17.0 2.4832774042918895 49 35.0
1220 0.0 0.7551020408163266 16.0 2.341034424537741 49 37.0
1221 0.0 0.7142857142857142 17.0 2.4832774042918895 49 35.0
1222 0.0 0.7346938775510204 17.0 2.464544499869444 49 36.0
1223 0.0 0.7959183673469387 16.0 2.3538938647548693 49 39.0
1224 0.0 0.6734693877551021 17.0 2.4697145170886374 49 33.0
1225 0.0 0.7346938775510204 17.0 2.4729832709711963 49 36.0
1226 0.0 0.6734693877551021 16.0 2.3308417211925176 49 33.0
1227 0.0 0.8367346938775511 17.0 2.4609190252788884 49 41.0
1228 0.0 0.7142857142857143 17.0 2.4999999999999996 49 35.0
1229 0.0 0.6734693877551021 16.0 2.3308417211925176 49 33.0
1230 0.0 0.7959183673469387 17.0 2.491482087673375 49 39.0
1231 0.0 0.7142857142857143 17.0 2.4832774042918895 49 35.0
1232 0.0 0.7142857142857143 16.0 2.3452078799117144 49 35.0
1233 0.0 0.6326530612244898 16.0 2.333576275010635 49 31.0
1234 0.0 0.7142857142857143 17.0 2.4999999999999996 49 35.0
1235 0.0 0.7551020408163266 20.0 2.883361841705631 49 37.0
1236 0.0 0.7755102040816327 17.0 2.4517451787999316 49 38.0
1237 0.0 0.7959183673469385 17.0 2.491482087673375 49 39.0
1238 0.0 0.9183673469387752 16.0 2.8492450366564777 49 45.0
1239 0.0 0.6326530612244898 16.0 2.351363766971381 49 31.0
1240 0.0 0.7959183673469387 17.0 2.466269043149445 49 39.0
1241 0.0 0.7142857142857142 16.0 2.362907813126304 49 35.0
1242 0.0 0.7142857142857143 16.0 2.327373340628157 49 35.0
1243 0.0 0.7142857142857143 17.0 2.4999999999999996 49 35.0
1244 0.0 0.7755102040816327 17.0 2.5598283318291823 49 38.0
1245 0.0 0.7551020408163267 16.0 2.358765675136911 49 37.0
1246 0.0 0.7142857142857143 17.0 2.466441431158123 49 35.0
1247 0.0 0.7551020408163267 17.0 2.4793363715997514 49 37.0
1248 0.0 0.7959183673469387 17.0 2.491482087673375 49 39.0
1249 0.0 0.7755102040816327 16.0 2.3475635075049 49 38.0
1250 0.0 0.7142857142857142 17.0 2.4999999999999996 49 35.0
1251 0.0 0.7346938775510204 17.0 2.481393343500797 49 36.0
1252 0.0 0.7755102040816327 17.0 2.4771060578361817 49 38.0
1253 0.0 0.6734693877551021 16.0 2.348649923378329 49 33.0
1254 0.0 0.816326530612245 17.0 2.488921029513887 49 40.0
1255 0.0 0.6938775510204082 17.0 2.4681646490244282 49 34.0
1256 0.0 0.6326530612244898 17.0 2.4722954714109675 49 31.0
1257 0.0 0.7959183673469387 16.0 2.353893864754869 49 39.0
1258 0.0 0.7959183673469387 17.0 2.4747019335394613 49 39.0
1259 0.0 0.7755102040816327 17.0 2.493870035728013 49 38.0
1260 0.0 0.653061224489796 16.0 2.350097696623158 49 32.0
1261 0.0 0.7346938775510204 17.0 2.498128551236585 49 36.0
1262 0.0 0.7551020408163267 17.0 2.4793363715997514 49 37.0
1263 0.0 0.8367346938775511 20.0 2.8892540759937093 49 41.0
1264 0.0 0.6938775510204082 17.0 2.459709346249514 49 34.0
1265 0.0 0.693877551020408 16.0 2.3647064796066926 49 34.0
1266 0.0 0.7142857142857143 16.0 2.362907813126304 49 35.0
1267 0.0 0.6938775510204082 17.0 2.4681646490244282 49 34.0
1268 0.0 0.7346938775510204 17.0 2.498128551236585 49 36.0
1269 0.0 0.7346938775510204 16.0 2.3432128069177582 49 36.0
1270 0.0 0.816326530612245 16.0 2.3333940711239634 49 40.0
1271 0.0 0.6938775510204082 17.0 2.4849889472645974 49 34.0
1272 0.0 0.7551020408163266 17.0 2.4877249667525723 49 37.0
1273 0.0 0.7142857142857143 16.0 2.3273733406281565 49 35.0
1274 0.0 0.816326530612245 17.0 2.472123491620743 49 40.0
1275 0.0 0.7346938775510204 17.0 2.498128551236585 49 36.0
1276 0.0 0.6938775510204082 17.0 2.4681646490244287 49 34.0
1277 0.0 0.693877551020408 16.0 2.3558798925300097 49 34.0
1278 0.0 0.693877551020408 16.0 2.347020110983402 49 34.0
1279 0.0 0.7551020408163266 17.0 2.4793363715997514 49 37.0
1280 0.0 0.693877551020408 16.0 2.3470201109834026 49 34.0
1281 0.0 0.7959183673469387 16.0 2.3361256372886454 49 39.0
1282 0.0 0.6938775510204082 16.0 2.3470201109834026 49 34.0
1283 0.0 0.6734693877551021 17.0 2.4865283286646256 49 33.0
1284 0.0 0.7142857142857143 17.0 2.4999999999999996 49 35.0
1285 0.0 0.7142857142857143 16.0 2.3273733406281565 49 35.0
1286 0.0 0.7959183673469387 16.0 2.3361256372886454 49 39.0
1287 0.0 0.7551020408163266 17.0 2.479336371599751 49 37.0
1288 0.0 0.6530612244897959 17.0 2.4878958680660537 49 32.0
1289 0.0 0.6734693877551021 16.0 2.3218864017399805 49 33.0
1290 0.0 0.7755102040816327 19.0 2.7557916748372038 49 38.0
1291 0.0 0.7142857142857143 17.0 2.4832774042918895 49 35.0
1292 0.0 0.8571428571428572 16.0 2.309401076758503 49 42.0
1293 0.0 0.653061224489796 16.0 2.358945919333493 49 32.0
1294 0.0 0.7755102040816327 17.0 2.4771060578361817 49 38.0
1295 0.0 0.7551020408163266 17.0 2.479336371599751 49 37.0
1296 0.0 0.7551020408163266 17.0 2.4793363715997514 49 37.0
1297 0.0 0.7142857142857143 18.0 2.622022120425379 49 35.0
1298 0.0 0.9183673469387754 18.0 2.9214489462556466 49 45.0
tot,0.0,0.66976166910191,30.0,2.3288767197679134,63651
