##ver, min, mean, max, stddev, count, total
0 0.0 2.9795918367346927 76.0 11.008500117179075 49 146.0
1 0.0 2.7142857142857153 42.0 7.5083287088405966 49 133.0
2 0.0 2.0612244897959178 36.0 5.632525200658614 49 101.0
3 0.0 2.367346938775509 47.0 7.140535336930916 49 116.0
4 0.0 2.387755102040818 43.0 6.6232429321877895 49 117.0
5 0.0 2.9183673469387754 46.0 7.2710520063407325 49 143.0
6 0.0 2.632653061224491 41.0 6.836464356519319 49 129.0
7 0.0 2.408163265306122 45.0 6.9997570414590555 49 118.0
8 0.0 2.448979591836736 48.0 7.3401329020943535 49 120.0
9 0.0 2.2040816326530632 44.0 6.604858034800136 49 108.0
10 0.0 2.5102040816326543 50.0 7.547412495295961 49 123.0
11 0.0 2.1632653061224505 41.0 6.3289906342938735 49 106.0
12 0.0 2.183673469387754 52.0 7.543411776145443 49 107.0
13 0.0 2.7755102040816344 78.0 11.232885697292364 49 136.0
14 0.0 2.0816326530612232 52.0 7.554901098773219 49 102.0
15 0.0 2.4285714285714275 53.0 7.737893770271073 49 119.0
16 0.0 1.9387755102040818 30.0 4.849433657935854 49 95.0
17 0.0 2.0 41.0 6.174544517614234 49 98.0
18 0.0 2.367346938775509 49.0 7.378724702229542 49 116.0
19 0.0 2.0 44.0 6.4839545546423025 49 98.0
20 0.0 2.2448979591836724 37.0 6.029547427201374 49 110.0
21 0.0 2.040816326530613 39.0 5.97550271132574 49 100.0
22 0.0 1.897959183673468 46.0 6.727570444196982 49 93.0
23 0.0 2.265306122448982 41.0 6.3369797952313265 49 111.0
24 0.0 2.2448979591836724 32.0 5.210288748575973 49 110.0
25 0.0 2.387755102040818 35.0 5.6855677176609944 49 117.0
26 0.0 2.102040816326532 42.0 6.322067495287124 49 103.0
27 0.0 1.8775510204081638 28.0 4.41886416901648 49 92.0
28 0.0 1.9387755102040818 35.0 5.297043842501945 49 95.0
29 0.0 2.204081632653063 32.0 5.184028323597777 49 108.0
30 0.0 2.2448979591836724 40.0 6.159446039231452 49 110.0
31 0.0 2.367346938775509 28.0 4.872088350795706 49 116.0
32 0.0 2.5714285714285725 32.0 5.488624600025041 49 126.0
33 0.0 2.204081632653063 33.0 5.212083683761288 49 108.0
34 0.0 1.7551020408163274 35.0 5.336707053686823 49 86.0
35 0.0 2.1020408163265323 44.0 6.574080727749395 49 103.0
36 0.0 1.7551020408163274 33.0 5.088920204084297 49 86.0
37 0.0 1.6326530612244912 29.0 4.4846677578120735 49 80.0
38 0.0 1.7346938775510186 39.0 5.812255407771591 49 85.0
39 0.0 1.6122448979591826 36.0 5.322187545747416 49 79.0
40 0.0 1.9387755102040818 33.0 5.297043842501946 49 95.0
41 0.0 2.1224489795918364 40.0 6.005666258699729 49 104.0
42 0.0 1.591836734693877 33.0 4.957815241897299 49 78.0
43 0.0 2.040816326530613 34.0 5.427396489391692 49 100.0
44 0.0 1.7142857142857135 36.0 5.36966789786234 49 84.0
45 0.0 1.959183673469387 38.0 5.9229749833222485 49 96.0
46 0.0 1.9387755102040818 39.0 5.917516945706292 49 95.0
47 0.0 1.7755102040816317 33.0 5.087833961694184 49 87.0
48 0.0 1.979591836734695 46.0 6.7623029728487225 49 97.0
49 0.0 1.9591836734693868 41.0 6.1676548206262725 49 96.0
50 0.0 2.2857142857142865 43.0 6.554260700745227 49 112.0
51 0.0 2.183673469387754 44.0 6.569098965953375 49 107.0
52 0.0 2.020408163265305 42.0 6.193039762232975 49 99.0
53 0.0 2.1632653061224505 40.0 6.172340651296413 49 106.0
54 0.0 2.040816326530613 49.0 7.161701333230438 49 100.0
55 0.0 1.8979591836734682 37.0 5.683473475639637 49 93.0
56 0.0 2.1632653061224505 45.0 6.675037261991844 49 106.0
57 0.0 1.8571428571428583 40.0 6.044970361107372 49 91.0
58 0.0 2.1020408163265323 41.0 6.198941098953863 49 103.0
59 0.0 2.6122448979591817 39.0 6.692085893459686 49 128.0
60 0.0 2.040816326530613 40.0 6.1608954424711095 49 100.0
61 0.0 2.1632653061224505 44.0 6.6594135714525375 49 106.0
62 0.0 2.448979591836736 42.0 6.940404720697113 49 120.0
63 0.0 2.816326530612246 42.0 6.836402164722547 49 138.0
64 0.0 2.734693877551018 38.0 6.31392479037432 49 134.0
65 0.0 2.3877551020408183 56.0 8.479918254643852 49 117.0
66 0.0 2.4693877551020407 43.0 6.913459218607349 49 121.0
67 0.0 2.020408163265305 41.0 6.243295723942497 49 99.0
68 0.0 2.816326530612246 61.0 9.166682127383373 49 138.0
69 0.0 3.142857142857141 49.0 7.921489758877432 49 154.0
70 0.0 2.6530612244897958 51.0 7.909780392042504 49 130.0
71 0.0 2.6734693877551 40.0 6.568192785126289 49 131.0
72 0.0 2.489795918367346 57.0 8.404171704624817 49 122.0
73 0.0 2.020408163265305 36.0 5.77887602940791 49 99.0
74 0.0 2.1632653061224505 37.0 5.832191336222854 49 106.0
75 0.0 1.9591836734693866 41.0 6.344154736426898 49 96.0
76 0.0 1.9387755102040818 37.0 5.800172997654562 49 95.0
77 0.0 1.6938775510204094 28.0 4.533229540628538 49 83.0
78 0.0 2.020408163265305 37.0 5.746338674605364 49 99.0
79 0.0 1.7755102040816317 34.0 5.2411246650983285 49 87.0
80 0.0 1.9183673469387763 34.0 5.399987402353658 49 94.0
81 0.0 1.9183673469387765 38.0 5.9576167448831026 49 94.0
82 0.0 1.7755102040816317 29.0 4.831603021265517 49 87.0
83 0.0 1.857142857142858 34.0 5.423713365090987 49 91.0
84 0.0 2.040816326530613 33.0 5.733524162304362 49 100.0
85 0.0 2.3469387755102047 32.0 5.732040868399909 49 115.0
86 0.0 1.979591836734695 40.0 6.186308120621323 49 97.0
87 0.0 2.102040816326532 37.0 6.148322596310261 49 103.0
88 0.0 2.1632653061224505 45.0 6.8870256605431335 49 106.0
89 0.0 2.326530612244899 30.0 5.639842473797621 49 114.0
90 0.0 2.2244897959183683 46.0 7.057104299104221 49 109.0
91 0.0 2.2040816326530632 35.0 6.22488149765632 49 108.0
92 0.0 3.0408163265306127 36.0 7.1237840590326655 49 149.0
93 0.0 3.183673469387754 37.0 7.790682119760524 49 156.0
94 0.0 2.816326530612246 37.0 7.244749447553247 49 138.0
95 0.0 2.6530612244897953 39.0 6.817719011297459 49 130.0
96 0.0 3.1428571428571423 43.0 7.950366867845369 49 154.0
97 0.0 3.0408163265306127 44.0 7.727006707196601 49 149.0
98 0.0 2.9591836734693873 35.0 6.806734360400826 49 145.0
99 0.0 2.7551020408163276 41.0 6.678730581246016 49 135.0
100 0.0 2.3469387755102047 38.0 6.31648313412404 49 115.0
101 0.0 2.6734693877551003 36.0 6.992221139422366 49 131.0
102 0.0 2.5918367346938775 36.0 6.541273981887815 49 127.0
103 0.0 2.7551020408163276 46.0 7.862173714069417 49 135.0
104 0.0 2.408163265306123 32.0 5.722464385162723 49 118.0
105 0.0 2.6530612244897958 41.0 7.078579837580894 49 130.0
106 0.0 2.6938775510204094 35.0 6.218936409710841 49 132.0
107 0.0 2.775510204081632 37.0 6.446140014647163 49 136.0
108 0.0 2.4897959183673457 38.0 6.370905381038836 49 122.0
109 0.0 2.5102040816326543 39.0 6.487560047826126 49 123.0
110 0.0 2.0816326530612237 30.0 5.345702069162193 49 102.0
111 0.0 2.5714285714285725 37.0 6.383572667401855 49 126.0
112 0.0 2.591836734693877 41.0 6.745116651286007 49 127.0
113 0.0 2.836734693877551 40.0 6.847587588509759 49 139.0
114 0.0 3.102040816326532 31.0 6.229114764418722 49 152.0
115 0.0 2.6734693877551003 34.0 6.011751530343302 49 131.0
116 0.0 2.734693877551018 42.0 7.085123823324251 49 134.0
117 0.0 2.7959183673469368 34.0 6.241592985223992 49 137.0
118 0.0 2.6938775510204094 40.0 6.538998654332367 49 132.0
119 0.0 2.897959183673468 36.0 6.718273891531412 49 142.0
120 0.0 3.3469387755102042 39.0 7.290264685433129 49 164.0
121 0.0 2.326530612244899 34.0 5.917445095865698 49 114.0
122 0.0 2.714285714285714 42.0 7.123903424387496 49 133.0
123 0.0 2.4285714285714275 44.0 6.806859285554041 49 119.0
124 0.0 2.448979591836736 39.0 6.739378138009087 49 120.0
125 0.0 2.408163265306123 41.0 6.831051552002982 49 118.0
126 0.0 2.2244897959183683 35.0 5.895850610536937 49 109.0
127 0.0 2.489795918367346 33.0 6.127541816053394 49 122.0
128 0.0 2.2653061224489814 33.0 6.156891498570529 49 111.0
129 0.0 2.6122448979591817 38.0 6.861171931391078 49 128.0
130 0.0 2.183673469387754 28.0 5.953547504736683 49 107.0
131 0.0 8.224489795918362 307.0 43.777974535395806 49 403.0
132 0.0 2.7142857142857135 43.0 7.065172798075542 49 133.0
133 0.0 3.1224489795918364 57.0 9.066037017952468 49 153.0
134 0.0 2.9387755102040822 54.0 8.67085194599629 49 144.0
135 0.0 2.7959183673469368 47.0 7.753976377308861 49 137.0
136 0.0 2.4693877551020402 47.0 7.3798770338003346 49 121.0
137 0.0 2.6734693877551 40.0 6.878068270179621 49 131.0
138 0.0 2.6530612244897953 33.0 6.060634662888605 49 130.0
139 0.0 2.7551020408163276 38.0 6.404850415391245 49 135.0
140 0.0 2.367346938775509 39.0 6.4539841620990925 49 116.0
141 0.0 2.367346938775509 39.0 6.728960660059312 49 116.0
142 0.0 2.5306122448979593 37.0 6.33476532325233 49 124.0
143 0.0 2.0 30.0 4.958158260214505 49 98.0
144 0.0 2.5306122448979593 45.0 7.294695677957628 49 124.0
145 0.0 2.7551020408163276 35.0 6.421093534349951 49 135.0
146 0.0 2.816326530612246 38.0 6.842494274104761 49 138.0
147 0.0 2.7551020408163276 39.0 7.04607045405717 49 135.0
148 0.0 2.408163265306123 35.0 6.654942922829796 49 118.0
149 0.0 2.9387755102040822 35.0 6.935440875391725 49 144.0
150 0.0 2.6734693877551003 31.0 6.631326397932646 49 131.0
151 0.0 2.408163265306123 35.0 6.251394402274514 49 118.0
152 0.0 2.714285714285714 38.0 6.819090848492921 49 133.0
153 0.0 2.7346938775510177 40.0 6.809232427998288 49 134.0
154 0.0 3.285714285714284 46.0 7.786205751198722 49 161.0
155 0.0 2.775510204081633 33.0 5.799659853971496 49 136.0
156 0.0 3.10204081632653 42.0 7.295103660330399 49 152.0
157 0.0 3.0204081632653064 44.0 7.209628388245724 49 148.0
158 0.0 2.7551020408163276 44.0 7.134220969632032 49 135.0
159 0.0 3.367346938775509 44.0 7.9416986993522105 49 165.0
160 0.0 2.9183673469387745 39.0 7.999574818633275 49 143.0
161 0.0 2.7959183673469363 39.0 6.806796823264028 49 137.0
162 0.0 3.183673469387754 37.0 6.945242584519494 49 156.0
163 0.0 3.0 36.0 6.843488389215937 49 147.0
164 0.0 2.2857142857142865 29.0 5.601339125602018 49 112.0
165 0.0 2.5510204081632644 32.0 6.31486745865724 49 125.0
166 0.0 2.8367346938775504 36.0 6.558540674747157 49 139.0
167 0.0 2.5714285714285725 37.0 6.585969936159747 49 126.0
168 0.0 2.775510204081633 41.0 7.1625917856901005 49 136.0
169 0.0 2.816326530612246 44.0 8.082062106365951 49 138.0
170 0.0 2.7346938775510177 35.0 7.152434055981936 49 134.0
171 0.0 2.612244897959182 31.0 6.405779703161995 49 128.0
172 0.0 2.448979591836736 30.0 5.958401716937876 49 120.0
173 0.0 2.1020408163265323 33.0 5.397703593347145 49 103.0
174 0.0 2.591836734693878 36.0 6.648678964485283 49 127.0
175 0.0 2.6938775510204094 40.0 6.764503189544713 49 132.0
176 0.0 2.6122448979591817 29.0 6.42202047168767 49 128.0
177 0.0 2.5102040816326543 31.0 5.941108373652434 49 123.0
178 0.0 2.489795918367346 29.0 5.962111094862534 49 122.0
179 0.0 2.448979591836736 44.0 7.141607033462992 49 120.0
180 0.0 2.285714285714286 33.0 5.979130371550697 49 112.0
181 0.0 2.102040816326532 26.0 4.748880999593413 49 103.0
182 0.0 2.2857142857142865 37.0 6.191391873668902 49 112.0
183 0.0 2.9387755102040822 41.0 7.321225316574699 49 144.0
184 0.0 2.7551020408163276 36.0 7.321573750012408 49 135.0
185 0.0 2.2244897959183683 37.0 6.3942203920234695 49 109.0
186 0.0 2.7346938775510177 37.0 6.654495692775681 49 134.0
187 0.0 2.040816326530613 29.0 4.903056800241518 49 100.0
188 0.0 3.5306122448979615 43.0 8.259091053742752 49 173.0
189 0.0 3.0612244897959178 38.0 7.306983427018373 49 150.0
190 0.0 3.0612244897959178 36.0 7.016077261266048 49 150.0
191 0.0 2.5714285714285725 29.0 5.923118547972291 49 126.0
192 0.0 3.1224489795918364 41.0 7.827921853481791 49 153.0
193 0.0 2.7142857142857144 38.0 6.828250141873826 49 133.0
194 0.0 3.183673469387754 36.0 7.406847815219575 49 156.0
195 0.0 3.142857142857143 39.0 7.427426651719067 49 154.0
196 0.0 2.9387755102040822 36.0 6.162413499275626 49 144.0
197 0.0 2.734693877551018 44.0 7.105677044343031 49 134.0
198 0.0 2.448979591836736 39.0 6.341205276108127 49 120.0
199 0.0 2.8571428571428585 35.0 6.321260422837623 49 140.0
200 0.0 2.632653061224491 33.0 5.97108964633976 49 129.0
201 0.0 2.5510204081632644 31.0 6.295041780672163 49 125.0
202 0.0 2.9183673469387763 43.0 7.758964532219805 49 143.0
203 0.0 2.489795918367346 43.0 6.751920865512987 49 122.0
204 0.0 2.489795918367346 34.0 6.468263706293181 49 122.0
205 0.0 2.632653061224491 39.0 6.827316083056293 49 129.0
206 0.0 2.4897959183673457 32.0 6.010832058942944 49 122.0
207 0.0 2.8367346938775513 43.0 7.036650892456782 49 139.0
208 0.0 2.591836734693877 33.0 6.314396142107003 49 127.0
209 0.0 2.5714285714285725 40.0 6.422616289332568 49 126.0
210 0.0 2.8775510204081636 40.0 6.82712925595752 49 141.0
211 0.0 2.734693877551018 42.0 7.333642541409432 49 134.0
212 0.0 2.6122448979591817 36.0 6.399271854836991 49 128.0
213 0.0 2.5918367346938784 37.0 6.441785361175565 49 127.0
214 0.0 3.1428571428571432 39.0 7.55535130442876 49 154.0
215 0.0 3.4897959183673453 37.0 7.719354595699671 49 171.0
216 0.0 3.7551020408163276 41.0 7.964846232677951 49 184.0
217 0.0 3.3469387755102025 45.0 8.156160811538317 49 164.0
218 0.0 2.408163265306123 29.0 5.484517478574492 49 118.0
219 0.0 2.4897959183673457 43.0 6.91050664139876 49 122.0
220 0.0 2.897959183673468 33.0 6.602540224411055 49 142.0
221 0.0 2.4693877551020407 37.0 6.181632877647586 49 121.0
222 0.0 2.7551020408163276 39.0 7.113750218897958 49 135.0
223 0.0 2.9387755102040822 37.0 6.427182389615825 49 144.0
224 0.0 2.7755102040816317 44.0 6.964987754602921 49 136.0
225 0.0 2.734693877551018 39.0 6.682612731946249 49 134.0
226 0.0 2.6938775510204094 38.0 6.856274746636149 49 132.0
227 0.0 2.8775510204081636 37.0 6.8666848292474985 49 141.0
228 0.0 2.7142857142857135 35.0 6.617527232030604 49 133.0
229 0.0 2.510204081632654 34.0 6.198529560103998 49 123.0
230 0.0 2.816326530612246 37.0 6.654176224333843 49 138.0
231 0.0 2.6734693877551003 44.0 7.018985429717391 49 131.0
232 0.0 2.367346938775509 34.0 6.061125712106561 49 116.0
233 0.0 2.734693877551018 32.0 6.294096143093413 49 134.0
234 0.0 3.0408163265306127 41.0 6.828125608080736 49 149.0
235 0.0 2.6530612244897958 44.0 7.0046146111217364 49 130.0
236 0.0 2.7755102040816317 38.0 6.3877007669767485 49 136.0
237 0.0 2.918367346938775 37.0 6.915672824262648 49 143.0
238 0.0 2.714285714285714 35.0 6.133922073192645 49 133.0
239 0.0 2.83673469387755 35.0 6.063370002095605 49 139.0
240 0.0 3.1224489795918364 36.0 6.966086458278979 49 153.0
241 0.0 3.3265306122449 36.0 6.634467308125425 49 163.0
242 0.0 2.632653061224491 40.0 6.460436896832847 49 129.0
243 0.0 2.571428571428572 32.0 5.841660722773964 49 126.0
244 0.0 2.897959183673469 41.0 6.925932241580618 49 142.0
245 0.0 2.265306122448982 35.0 5.7943057903287025 49 111.0
246 0.0 2.7142857142857135 29.0 5.816642788871712 49 133.0
247 0.0 2.8775510204081636 39.0 6.878810014158293 49 141.0
248 0.0 2.7959183673469363 38.0 7.011834020178354 49 137.0
249 0.0 2.4285714285714275 49.0 7.508328708840595 49 119.0
250 0.0 2.8775510204081636 39.0 7.007830896757647 49 141.0
251 0.0 2.5306122448979593 40.0 6.883258799484465 49 124.0
252 0.0 2.5714285714285725 39.0 6.5351613088992195 49 126.0
253 0.0 2.3469387755102047 38.0 6.369036493092194 49 115.0
254 0.0 2.591836734693877 36.0 6.082482933757875 49 127.0
255 0.0 3.10204081632653 37.0 7.332135028873422 49 152.0
256 0.0 2.7755102040816317 32.0 6.215790731819137 49 136.0
257 0.0 3.0816326530612237 38.0 7.390412524271661 49 151.0
258 0.0 2.1632653061224505 30.0 5.486145196369327 49 106.0
259 0.0 2.4489795918367356 29.0 5.2084115640383315 49 120.0
260 0.0 2.4897959183673457 34.0 6.614763944451556 49 122.0
261 0.0 2.5918367346938784 41.0 7.631945927445742 49 127.0
262 0.0 2.9795918367346936 40.0 7.36967264062197 49 146.0
263 0.0 2.571428571428572 29.0 5.6752386146604765 49 126.0
264 0.0 2.632653061224491 37.0 6.233959006759608 49 129.0
265 0.0 3.2040816326530637 41.0 7.560807914934137 49 157.0
266 0.0 2.408163265306123 34.0 6.357142857142858 49 118.0
267 0.0 2.8775510204081636 34.0 6.734960569858675 49 141.0
268 0.0 2.367346938775509 33.0 5.714360118563226 49 116.0
269 0.0 2.244897959183673 24.0 4.423095693086926 49 110.0
270 0.0 3.3265306122449 43.0 8.394908563880751 49 163.0
271 0.0 2.7959183673469368 39.0 6.879860681234559 49 137.0
272 0.0 2.489795918367346 34.0 6.268713481048797 49 122.0
273 0.0 2.408163265306123 37.0 6.201204074434989 49 118.0
274 0.0 2.551020408163264 39.0 6.318165690061857 49 125.0
275 0.0 2.489795918367346 30.0 5.719566012745163 49 122.0
276 0.0 2.591836734693877 41.0 6.595195117618264 49 127.0
277 0.0 2.7346938775510186 39.0 6.528066042749827 49 134.0
278 0.0 2.8367346938775513 44.0 7.512065125448494 49 139.0
279 0.0 3.0 43.0 7.874007874011811 49 147.0
280 0.0 2.6734693877551003 36.0 6.414137234467708 49 131.0
281 0.0 2.7959183673469363 41.0 6.686365454654516 49 137.0
282 0.0 2.448979591836736 36.0 6.429298900637733 49 120.0
283 0.0 2.9591836734693877 36.0 6.373640978257861 49 145.0
284 0.0 2.9795918367346936 32.0 6.75922146625867 49 146.0
285 0.0 2.2244897959183683 31.0 5.646773806499491 49 109.0
286 0.0 2.9387755102040822 37.0 6.584097518723005 49 144.0
287 0.0 2.89795918367347 39.0 7.733166928774991 49 142.0
288 0.0 2.6938775510204094 36.0 7.257766189953167 49 132.0
289 0.0 2.5306122448979598 35.0 6.874172801194359 49 124.0
290 0.0 2.6530612244897958 33.0 6.309883188327671 49 130.0
291 0.0 2.5306122448979593 35.0 6.225291294443995 49 124.0
292 0.0 3.2653061224489823 38.0 7.876059479534801 49 160.0
293 0.0 2.714285714285715 34.0 6.416125518306715 49 133.0
294 0.0 2.897959183673469 35.0 6.548679567793241 49 142.0
295 0.0 3.3061224489795906 38.0 7.430803236171292 49 162.0
296 0.0 3.0 37.0 6.673954350058642 49 147.0
297 0.0 2.6734693877551003 29.0 5.767682070172127 49 131.0
298 0.0 3.1632653061224487 38.0 6.98017113799126 49 155.0
299 0.0 3.183673469387754 38.0 6.945242584519496 49 156.0
300 0.0 3.428571428571427 44.0 7.721722605740249 49 168.0
301 0.0 3.2857142857142847 46.0 8.064841391290143 49 161.0
302 0.0 2.5306122448979593 38.0 6.171513998526904 49 124.0
303 0.0 2.6122448979591817 35.0 6.620096696582976 49 128.0
304 0.0 2.6734693877551003 33.0 6.2061386112932615 49 131.0
305 0.0 2.5306122448979598 39.0 6.573627996320871 49 124.0
306 0.0 2.7755102040816326 39.0 7.115901518554669 49 136.0
307 0.0 2.6530612244897958 38.0 7.324476717395817 49 130.0
308 0.0 2.6938775510204094 36.0 7.059875121749249 49 132.0
309 0.0 2.612244897959182 33.0 6.623242932187788 49 128.0
310 0.0 2.897959183673469 40.0 7.380280307343748 49 142.0
311 0.0 2.571428571428573 38.0 6.680194607943694 49 126.0
312 0.0 2.816326530612246 43.0 7.59296129481046 49 138.0
313 0.0 3.020408163265307 36.0 6.728328779367527 49 148.0
314 0.0 3.1224489795918364 33.0 6.77197857923008 49 153.0
315 0.0 2.918367346938775 44.0 7.313904379940415 49 143.0
316 0.0 3.2244897959183665 40.0 7.153860572336831 49 158.0
317 0.0 3.1020408163265305 43.0 7.979778865877132 49 152.0
318 0.0 3.1224489795918364 40.0 8.058723671331862 49 153.0
319 0.0 3.1632653061224487 39.0 7.206325169528469 49 155.0
320 0.0 3.0204081632653064 36.0 7.619847428258126 49 148.0
321 0.0 2.5306122448979593 36.0 6.500327045670871 49 124.0
322 0.0 2.8775510204081636 38.0 6.753494937996998 49 141.0
323 0.0 2.612244897959182 31.0 6.187407664397279 49 128.0
324 0.0 3.0204081632653055 40.0 7.0931005089405 49 148.0
325 0.0 2.8571428571428577 40.0 7.112196097783953 49 140.0
326 0.0 2.9795918367346945 35.0 7.051860853462629 49 146.0
327 0.0 3.2857142857142847 42.0 7.678432999859632 49 161.0
328 0.0 3.428571428571427 39.0 7.8342198079962 49 168.0
329 0.0 2.9795918367346936 41.0 7.701433297116324 49 146.0
330 0.0 2.6938775510204094 36.0 6.828872776773673 49 132.0
331 0.0 2.6938775510204094 39.0 6.850194892703946 49 132.0
332 0.0 2.775510204081632 43.0 7.414134322704302 49 136.0
333 0.0 2.5306122448979593 31.0 6.205179425341397 49 124.0
334 0.0 2.8775510204081636 49.0 8.328246746918051 49 141.0
335 0.0 2.9387755102040822 36.0 7.180436857837248 49 144.0
336 0.0 3.1632653061224487 43.0 8.471390427923438 49 155.0
337 0.0 2.5714285714285725 40.0 6.617527232030609 49 126.0
338 0.0 2.8979591836734695 42.0 7.641021141289465 49 142.0
339 0.0 2.7346938775510177 40.0 6.909460634413043 49 134.0
340 0.0 2.6530612244897953 33.0 6.070938355559778 49 130.0
341 0.0 3.0408163265306114 42.0 7.640242098240601 49 149.0
342 0.0 2.5510204081632644 33.0 5.798926712798512 49 125.0
343 0.0 2.8775510204081636 38.0 6.775054283488638 49 141.0
344 0.0 2.632653061224491 33.0 5.858376757369958 49 129.0
345 0.0 2.632653061224491 33.0 5.603919303900251 49 129.0
346 0.0 3.0 39.0 7.01486516857832 49 147.0
347 0.0 2.836734693877551 41.0 6.653153822234456 49 139.0
348 0.0 2.5306122448979593 37.0 6.758026218308636 49 124.0
349 0.0 3.040816326530612 43.0 7.3851178722072275 49 149.0
350 0.0 2.632653061224491 35.0 5.8583767573699586 49 129.0
351 0.0 2.734693877551018 40.0 6.492866310434095 49 134.0
352 0.0 2.6938775510204094 45.0 6.9618127477470955 49 132.0
353 0.0 2.632653061224491 32.0 5.600200433730851 49 129.0
354 0.0 2.918367346938775 35.0 6.670322127072394 49 143.0
355 0.0 2.591836734693877 42.0 6.695515810808686 49 127.0
356 0.0 3.0 36.0 6.949220579796461 49 147.0
357 0.0 2.5510204081632635 36.0 6.298350394117083 49 125.0
358 0.0 2.5306122448979593 37.0 6.225291294443995 49 124.0
359 0.0 2.6734693877551003 34.0 6.6092982327363385 49 131.0
360 0.0 2.6734693877551003 38.0 6.740387461359449 49 131.0
361 0.0 2.530612244897959 27.0 5.784685387643267 49 124.0
362 0.0 2.591836734693878 42.0 7.14702259495442 49 127.0
363 0.0 3.591836734693879 41.0 7.8817256130530025 49 176.0
364 0.0 3.1224489795918364 42.0 7.543299049104298 49 153.0
365 0.0 3.020408163265305 31.0 6.391693163520809 49 148.0
366 0.0 2.5714285714285725 41.0 6.72061505121865 49 126.0
367 0.0 2.897959183673469 32.0 6.465436624722211 49 142.0
368 0.0 2.9183673469387754 43.0 7.49676801109951 49 143.0
369 0.0 2.469387755102041 35.0 6.324891437857272 49 121.0
370 0.0 2.5510204081632635 45.0 7.240111717858694 49 125.0
371 0.0 2.6938775510204094 43.0 7.340538359096058 49 132.0
372 0.0 2.2448979591836724 30.0 5.218279618501743 49 110.0
373 0.0 2.653061224489796 37.0 6.495354174357253 49 130.0
374 0.0 2.632653061224491 40.0 6.854724275852324 49 129.0
375 0.0 2.591836734693877 32.0 6.0687669235841595 49 127.0
376 0.0 2.6938775510204094 29.0 5.428336461080304 49 132.0
377 0.0 3.0 33.0 6.4031242374328485 49 147.0
378 0.0 3.3265306122449 41.0 8.011418296984106 49 163.0
379 0.0 3.142857142857142 46.0 7.820912137766713 49 154.0
380 0.0 3.285714285714285 42.0 7.7055175037112225 49 161.0
381 0.0 3.3469387755102042 37.0 7.400875568719787 49 164.0
382 0.0 3.224489795918367 33.0 6.7028144154851415 49 158.0
383 0.0 3.795918367346936 40.0 7.708165561696933 49 186.0
384 0.0 3.816326530612246 37.0 7.487972214902804 49 187.0
385 0.0 3.469387755102039 37.0 7.3402487492373405 49 170.0
386 0.0 3.653061224489796 40.0 7.589880929040112 49 179.0
387 0.0 4.0 34.0 7.2944042480063676 49 196.0
388 0.0 3.7142857142857153 39.0 7.724420150837645 49 182.0
389 0.0 3.653061224489797 35.0 7.787679961559378 49 179.0
390 0.0 3.89795918367347 38.0 8.30723805374762 49 191.0
391 0.0 3.857142857142857 44.0 8.304115445568742 49 189.0
392 0.0 3.224489795918368 28.0 6.586809122918982 49 158.0
393 0.0 3.0816326530612237 46.0 7.6807029156784505 49 151.0
394 0.0 2.857142857142857 43.0 7.239935542991155 49 140.0
395 0.0 2.8775510204081636 35.0 6.233754396633787 49 141.0
396 0.0 3.653061224489796 44.0 7.712411588926437 49 179.0
397 0.0 4.204081632653065 47.0 8.677028081464913 49 206.0
398 0.0 3.714285714285715 36.0 7.222649560006818 49 182.0
399 0.0 5.346938775510201 114.0 16.725169431638257 49 262.0
400 0.0 3.428571428571427 46.0 7.783529619223744 49 168.0
401 0.0 3.1020408163265305 39.0 6.721374171127457 49 152.0
402 0.0 3.2448979591836724 36.0 7.301628278007856 49 159.0
403 0.0 3.5510204081632635 39.0 7.673170858283311 49 174.0
404 0.0 3.428571428571427 32.0 6.733003292241388 49 168.0
405 0.0 3.3877551020408188 42.0 7.454909809790379 49 166.0
406 0.0 2.6530612244897953 33.0 5.804276513945576 49 130.0
407 0.0 2.632653061224491 33.0 5.7289247011365525 49 129.0
408 0.0 3.530612244897962 46.0 7.989842616348181 49 173.0
409 0.0 3.448979591836736 34.0 7.234354453145184 49 169.0
410 0.0 3.367346938775509 44.0 7.669457492632226 49 165.0
411 0.0 3.183673469387754 30.0 6.473257389019055 49 156.0
412 0.0 3.224489795918367 29.0 6.442907295760875 49 158.0
413 0.0 3.4081632653061207 43.0 8.002391224260563 49 167.0
414 0.0 3.3265306122449 38.0 7.295511619887832 49 163.0
415 0.0 3.4693877551020385 42.0 7.892776340892144 49 170.0
416 0.0 3.4897959183673453 36.0 6.931577649242846 49 171.0
417 0.0 3.7346938775510177 45.0 8.405790440236423 49 183.0
418 0.0 3.1632653061224487 33.0 6.789535265071255 49 155.0
419 0.0 3.8979591836734704 45.0 8.69685023911718 49 191.0
420 0.0 3.5102040816326547 43.0 7.762415992512664 49 172.0
421 0.0 3.7142857142857157 41.0 8.68187767709267 49 182.0
422 0.0 2.8979591836734695 37.0 6.934950426280343 49 142.0
423 0.0 2.7959183673469368 34.0 6.177848842965541 49 137.0
424 0.0 3.183673469387754 39.0 7.049448765056482 49 156.0
425 0.0 2.7551020408163276 29.0 6.193177066487826 49 135.0
426 0.0 3.428571428571427 43.0 8.271436795785037 49 168.0
427 0.0 3.408163265306121 49.0 8.213095151816342 49 167.0
428 0.0 3.3877551020408183 45.0 8.136380047177543 49 166.0
429 0.0 3.632653061224491 44.0 8.293305225579594 49 178.0
430 0.0 3.3469387755102042 48.0 7.870173177912927 49 164.0
431 0.0 3.3061224489795906 39.0 6.705731633065392 49 162.0
432 0.0 2.897959183673469 39.0 6.813726641735732 49 142.0
433 0.0 2.979591836734695 36.0 6.108361059231191 49 146.0
434 0.0 3.10204081632653 48.0 7.486779731520044 49 152.0
435 0.0 3.8979591836734704 38.0 7.397197943476023 49 191.0
436 0.0 3.163265306122449 32.0 6.905151877328951 49 155.0
437 0.0 3.0 32.0 6.60807586719967 49 147.0
438 0.0 2.8571428571428585 32.0 6.110100926607783 49 140.0
439 0.0 3.081632653061224 32.0 6.2744081218001435 49 151.0
440 0.0 3.3877551020408183 34.0 7.175816813351322 49 166.0
441 0.0 3.2857142857142847 37.0 6.958208581716036 49 161.0
442 0.0 3.0408163265306123 46.0 7.449718069814986 49 149.0
443 0.0 3.6122448979591812 42.0 7.6316673760571785 49 177.0
444 0.0 3.0816326530612232 45.0 7.356507138507476 49 151.0
445 0.0 3.7346938775510177 39.0 7.546454769746965 49 183.0
446 0.0 3.4081632653061225 35.0 6.939975886566355 49 167.0
447 0.0 3.8571428571428577 37.0 7.569125885243729 49 189.0
448 0.0 2.7142857142857144 31.0 5.507570547286098 49 133.0
449 0.0 3.4897959183673457 31.0 6.598997553226016 49 171.0
450 0.0 3.367346938775509 39.0 6.750598360981973 49 165.0
451 0.0 3.591836734693879 35.0 6.7079504052620855 49 176.0
452 0.0 3.265306122448982 34.0 6.483233215392611 49 160.0
453 0.0 3.918367346938775 36.0 7.2710520063407325 49 192.0
454 0.0 3.7551020408163276 52.0 8.322986774201764 49 184.0
455 0.0 4.020408163265308 42.0 7.679761812491234 49 197.0
456 0.0 3.918367346938775 37.0 7.181680208157763 49 192.0
457 0.0 2.89795918367347 39.0 6.523179496863422 49 142.0
458 0.0 2.428571428571428 34.0 5.61619681516475 49 119.0
459 0.0 2.632653061224491 32.0 5.685119016458016 49 129.0
460 0.0 2.9795918367346945 44.0 6.884432305082631 49 146.0
461 0.0 3.183673469387754 45.0 7.454510573549167 49 156.0
462 0.0 2.204081632653063 31.0 5.070254726657952 49 108.0
463 0.0 2.2653061224489814 37.0 5.858667049068135 49 111.0
464 0.0 2.6530612244897958 36.0 5.83292029635872 49 130.0
465 0.0 3.0408163265306114 35.0 6.461292387729248 49 149.0
466 0.0 3.10204081632653 33.0 6.5709109526989735 49 152.0
467 0.0 3.5102040816326543 46.0 7.340306672123199 49 172.0
468 0.0 2.7959183673469363 42.0 6.898005725802002 49 137.0
469 0.0 2.7142857142857135 27.0 5.338539126015652 49 133.0
470 0.0 2.8775510204081636 33.0 5.808157528644612 49 141.0
471 0.0 3.4693877551020385 46.0 7.810521858408705 49 170.0
472 0.0 3.0 48.0 7.73789377027108 49 147.0
473 0.0 2.6734693877551003 38.0 6.494830492726636 49 131.0
474 0.0 2.857142857142857 35.0 6.354132513569414 49 140.0
475 0.0 3.3265306122449 39.0 6.615599478700704 49 163.0
476 0.0 2.8775510204081636 35.0 5.808157528644611 49 141.0
477 0.0 3.10204081632653 39.0 6.6056948220177905 49 152.0
478 0.0 3.2040816326530632 47.0 7.144285571457139 49 157.0
479 0.0 2.7551020408163276 33.0 5.771808686209555 49 135.0
480 0.0 3.2244897959183683 37.0 6.148391748126936 49 158.0
481 0.0 2.7551020408163276 40.0 6.703638975228609 49 135.0
482 0.0 3.1224489795918364 35.0 6.310152708998756 49 153.0
483 0.0 3.2040816326530637 35.0 6.467803567919891 49 157.0
484 0.0 3.2448979591836724 40.0 6.514505008840201 49 159.0
485 0.0 2.83673469387755 37.0 6.239480943875023 49 139.0
486 0.0 2.8979591836734686 31.0 5.579892837826966 49 142.0
487 0.0 3.367346938775509 43.0 7.192860689458626 49 165.0
488 0.0 3.0612244897959178 37.0 6.296189863935254 49 150.0
489 0.0 3.3265306122448997 34.0 6.269595132801774 49 163.0
490 0.0 3.2448979591836724 40.0 6.520897855628274 49 159.0
491 0.0 2.306122448979591 34.0 5.272586658180895 49 113.0
492 0.0 2.6122448979591817 37.0 5.98545572802179 49 128.0
493 0.0 2.7142857142857144 40.0 6.519202405202645 49 133.0
494 0.0 2.8367346938775513 32.0 5.94189552659584 49 139.0
495 0.0 3.224489795918367 35.0 6.172065112675177 49 158.0
496 0.0 3.3265306122449 39.0 6.884123507214629 49 163.0
497 0.0 3.6122448979591812 40.0 7.308147070594717 49 177.0
498 0.0 3.4897959183673453 43.0 7.533598213391546 49 171.0
499 0.0 3.816326530612246 30.0 7.160870144367214 49 187.0
500 0.0 3.4081632653061207 40.0 7.216642707851701 49 167.0
501 0.0 3.9183673469387745 35.0 8.265986366565393 49 192.0
502 0.0 3.8367346938775517 45.0 8.073482671621928 49 188.0
503 0.0 3.9591836734693886 35.0 7.485984637066432 49 194.0
504 0.0 4.0 45.0 8.563488385776752 49 196.0
505 0.0 3.5918367346938784 35.0 6.918930454879262 49 176.0
506 0.0 3.6938775510204094 30.0 6.786027561690801 49 181.0
507 0.0 3.795918367346936 38.0 7.664799388102987 49 186.0
508 0.0 3.571428571428573 39.0 7.23129771663888 49 175.0
509 0.0 3.4081632653061216 36.0 7.1673983173433164 49 167.0
510 0.0 4.183673469387754 43.0 8.922521760008388 49 205.0
511 0.0 3.408163265306122 26.0 6.629851579997031 49 167.0
512 0.0 3.979591836734693 38.0 7.752660285127853 49 195.0
513 0.0 3.8367346938775517 39.0 7.877570846966692 49 188.0
514 0.0 3.204081632653064 42.0 7.205263099049936 49 157.0
515 0.0 3.0 35.0 6.41287766919033 49 147.0
516 0.0 3.9387755102040822 37.0 7.706620971782706 49 193.0
517 0.0 3.9183673469387754 36.0 7.812481292494612 49 192.0
518 0.0 4.10204081632653 40.0 8.520184118607176 49 201.0
519 0.0 3.7346938775510177 39.0 7.669679236567638 49 183.0
520 0.0 3.4081632653061207 36.0 6.939975886566355 49 167.0
521 0.0 3.5102040816326543 31.0 6.785776942066621 49 172.0
522 0.0 3.2857142857142847 34.0 7.017834423809102 49 161.0
523 0.0 2.9387755102040822 40.0 6.675228345861118 49 144.0
524 0.0 2.4693877551020407 32.0 5.295839722588563 49 121.0
525 0.0 3.0408163265306127 36.0 6.44191736362148 49 149.0
526 0.0 3.5918367346938793 39.0 7.268420184110786 49 176.0
527 0.0 3.0612244897959178 33.0 6.345628952493285 49 150.0
528 0.0 2.9183673469387754 39.0 6.71390576432563 49 143.0
529 0.0 2.2244897959183683 30.0 5.0796378894991525 49 109.0
530 0.0 3.0408163265306123 48.0 7.610188301638444 49 149.0
531 0.0 2.4693877551020407 35.0 5.594275499771789 49 121.0
532 0.0 2.9591836734693886 46.0 7.1062155413221175 49 145.0
533 0.0 3.1632653061224483 38.0 7.442409272696098 49 155.0
534 0.0 3.2448979591836724 31.0 6.0191728814572825 49 159.0
535 0.0 3.0204081632653046 39.0 6.7838343260478675 49 148.0
536 0.0 3.0612244897959178 37.0 6.697039654657453 49 150.0
537 0.0 3.1428571428571423 45.0 7.271519786124496 49 154.0
538 0.0 2.5306122448979598 41.0 6.281925264917877 49 124.0
539 0.0 2.551020408163264 38.0 6.007152765973368 49 125.0
540 0.0 2.4897959183673457 35.0 5.668342089254694 49 122.0
541 0.0 2.7142857142857135 36.0 5.784317879692755 49 133.0
542 0.0 2.714285714285714 43.0 6.531972647421805 49 133.0
543 0.0 2.7346938775510186 32.0 5.5331407228176825 49 134.0
544 0.0 6.285714285714287 172.0 25.00999800079958 49 308.0
545 0.0 3.0204081632653055 40.0 6.345896954983221 49 148.0
546 0.0 2.7959183673469368 34.0 5.6678170100898635 49 137.0
547 0.0 2.816326530612246 32.0 5.510117472234431 49 138.0
548 0.0 2.7346938775510177 42.0 7.198887385689323 49 134.0
549 0.0 2.714285714285715 45.0 7.094598884597581 49 133.0
550 0.0 2.734693877551018 42.0 6.787781639964324 49 134.0
551 0.0 3.4897959183673457 39.0 7.240287888439448 49 171.0
552 0.0 4.1224489795918355 45.0 8.318234621052982 49 202.0
553 0.0 3.6734693877550995 43.0 7.914616633961819 49 180.0
554 0.0 3.795918367346936 42.0 7.643024030220667 49 186.0
555 0.0 3.9387755102040822 39.0 7.638739433705951 49 193.0
556 0.0 3.5102040816326543 35.0 6.445678296927566 49 172.0
557 0.0 3.9387755102040822 37.0 7.717426609264753 49 193.0
558 0.0 3.9591836734693886 39.0 8.167412849431656 49 194.0
559 0.0 3.3265306122449 33.0 6.593518771939485 49 163.0
560 0.0 2.8775510204081636 38.0 6.437625898643414 49 141.0
561 0.0 2.8979591836734695 37.0 6.272442699217428 49 142.0
562 0.0 3.346938775510203 35.0 6.644393063604341 49 164.0
563 0.0 3.020408163265306 33.0 5.846971423731434 49 148.0
564 0.0 3.653061224489798 39.0 6.926853002410749 49 179.0
565 0.0 3.959183673469389 38.0 7.0621030380282575 49 194.0
566 0.0 4.0816326530612255 47.0 8.1133550774168 49 200.0
567 0.0 3.571428571428573 39.0 7.118052168020875 49 175.0
568 0.0 3.6938775510204094 45.0 8.0187386831114 49 181.0
569 0.0 3.040816326530612 36.0 6.454840508207356 49 149.0
570 0.0 3.183673469387754 39.0 6.8211480869784475 49 156.0
571 0.0 3.1632653061224483 39.0 6.659413571452536 49 155.0
572 0.0 4.469387755102038 39.0 8.902485703480812 49 219.0
573 0.0 3.9183673469387745 42.0 8.741273588303839 49 192.0
574 0.0 4.4489795918367365 44.0 9.398717165323227 49 218.0
575 0.0 4.10204081632653 46.0 8.687262941511898 49 201.0
576 0.0 3.9387755102040822 35.0 8.267426451807983 49 193.0
577 0.0 3.9387755102040822 41.0 7.641466273086665 49 193.0
578 0.0 4.387755102040819 43.0 8.455314715536936 49 215.0
579 0.0 3.795918367346936 36.0 7.085723886322219 49 186.0
580 0.0 3.4081632653061216 34.0 6.301184965765497 49 167.0
581 0.0 3.6938775510204094 38.0 7.569687580609066 49 181.0
582 0.0 4.0816326530612255 44.0 9.105485376715418 49 200.0
583 0.0 4.408163265306126 40.0 8.35892329426797 49 216.0
584 0.0 4.1224489795918355 46.0 8.489288969689067 49 202.0
585 0.0 4.142857142857143 37.0 8.278989471346527 49 203.0
586 0.0 3.448979591836736 33.0 7.009104865844725 49 169.0
587 0.0 3.9183673469387745 34.0 7.653530597851227 49 192.0
588 0.0 3.571428571428573 44.0 7.966073897054516 49 175.0
589 0.0 4.816326530612246 42.0 8.830990576250386 49 236.0
590 0.0 4.306122448979591 37.0 8.419234133896063 49 211.0
591 0.0 3.653061224489797 46.0 8.358007688259612 49 179.0
592 0.0 3.1632653061224487 38.0 6.905151877328951 49 155.0
593 0.0 3.102040816326532 28.0 5.997377544807895 49 152.0
594 0.0 3.469387755102039 37.0 6.448843697440155 49 170.0
595 0.0 2.8775510204081636 37.0 6.230411480061683 49 141.0
596 0.0 3.6326530612244916 36.0 7.554507146815897 49 178.0
597 0.0 3.5102040816326547 41.0 7.9690088493373095 49 172.0
598 0.0 3.6326530612244916 37.0 8.204911835680653 49 178.0
599 0.0 3.4897959183673457 35.0 7.6270419369164975 49 171.0
600 0.0 4.224489795918365 41.0 9.710958814063385 49 207.0
601 0.0 3.4285714285714275 33.0 6.442049363362565 49 168.0
602 0.0 3.3061224489795906 33.0 6.239003932361897 49 162.0
603 0.0 3.7551020408163276 47.0 8.201957622637263 49 184.0
604 0.0 3.102040816326531 28.0 5.767166035552701 49 152.0
605 0.0 3.8775510204081636 38.0 7.93103779742713 49 190.0
606 0.0 3.346938775510204 37.0 6.947874436377895 49 164.0
607 0.0 2.8367346938775495 37.0 6.104461956824112 49 139.0
608 0.0 3.0204081632653046 46.0 7.584220999105006 49 148.0
609 0.0 3.8979591836734704 42.0 8.377163645787231 49 191.0
610 0.0 3.836734693877552 33.0 6.755698023321713 49 188.0
611 0.0 2.9795918367346954 39.0 6.675483115845024 49 146.0
612 0.0 3.816326530612246 52.0 8.748031848621135 49 187.0
613 0.0 3.3061224489795906 37.0 7.051016716381675 49 162.0
614 0.0 3.3469387755102034 34.0 6.139187719099342 49 164.0
615 0.0 2.7755102040816317 35.0 6.148391748126931 49 136.0
616 0.0 3.7142857142857157 36.0 6.885976086704534 49 182.0
617 0.0 3.5102040816326547 39.0 7.018197919752359 49 172.0
618 0.0 3.3877551020408188 42.0 7.210571887081879 49 166.0
619 0.0 3.5102040816326543 35.0 6.4907705275118435 49 172.0
620 0.0 3.9387755102040822 39.0 7.6360116205639486 49 193.0
621 0.0 3.285714285714285 43.0 7.126827251075103 49 161.0
622 0.0 4.224489795918367 44.0 7.794937743290115 49 207.0
623 0.0 3.204081632653064 50.0 7.818193503608366 49 157.0
624 0.0 3.2244897959183665 36.0 6.5008502845219205 49 158.0
625 0.0 3.2653061224489823 47.0 7.609685468215491 49 160.0
626 0.0 3.6938775510204094 38.0 7.408340124573148 49 181.0
627 0.0 3.204081632653064 38.0 6.64573670306992 49 157.0
628 0.0 4.183673469387754 38.0 8.207398769270519 49 205.0
629 0.0 3.7551020408163276 40.0 7.016440848241418 49 184.0
630 0.0 3.6530612244897966 42.0 7.287406432813173 49 179.0
631 0.0 3.7755102040816326 47.0 7.861470669565294 49 185.0
632 0.0 3.2040816326530637 39.0 6.904043476581722 49 157.0
633 0.0 3.346938775510204 32.0 6.336241723898601 49 164.0
634 0.0 3.7755102040816326 37.0 6.988876000838909 49 185.0
635 0.0 4.0 44.0 8.162413858657255 49 196.0
636 0.0 3.285714285714286 37.0 6.50960828314577 49 161.0
637 0.0 3.428571428571427 46.0 7.574628703771558 49 168.0
638 0.0 3.9183673469387745 32.0 7.196170088705399 49 192.0
639 0.0 3.897959183673471 38.0 7.649196302987168 49 191.0
640 0.0 4.428571428571427 36.0 7.839536550927821 49 217.0
641 0.0 4.5510204081632635 41.0 8.636311964822804 49 223.0
642 0.0 4.632653061224492 42.0 8.373305494125916 49 227.0
643 0.0 4.265306122448982 37.0 7.923529070128419 49 209.0
644 0.0 3.5510204081632635 50.0 8.137007088219942 49 174.0
645 0.0 3.6734693877550995 47.0 8.350119148606112 49 180.0
646 0.0 3.5102040816326547 49.0 8.396731628485954 49 172.0
647 0.0 3.9387755102040822 46.0 8.201646590942637 49 193.0
648 0.0 4.204081632653064 34.0 7.455366053601751 49 206.0
649 0.0 3.6122448979591812 41.0 7.769642651935511 49 177.0
650 0.0 3.591836734693878 31.0 7.002732702747008 49 176.0
651 0.0 3.6938775510204094 44.0 8.185872183302184 49 181.0
652 0.0 3.5510204081632635 47.0 7.989736187994043 49 174.0
653 0.0 3.6326530612244916 40.0 7.587527807612469 49 178.0
654 0.0 3.6326530612244916 38.0 6.918254469008722 49 178.0
655 0.0 3.6734693877550995 47.0 8.32012558774917 49 180.0
656 0.0 3.3877551020408188 36.0 6.9964762753909815 49 166.0
657 0.0 3.2653061224489823 39.0 7.014198428319281 49 160.0
658 0.0 3.979591836734693 38.0 7.899076412041179 49 195.0
659 0.0 4.775510204081635 44.0 9.005242237447147 49 234.0
660 0.0 4.469387755102039 38.0 8.575891695173565 49 219.0
661 0.0 4.285714285714285 37.0 7.973915809270456 49 210.0
662 0.0 3.734693877551018 40.0 7.844253496998299 49 183.0
663 0.0 4.408163265306126 39.0 8.154544661687474 49 216.0
664 0.0 3.3877551020408188 43.0 7.521680681344351 49 166.0
665 0.0 3.6938775510204094 47.0 8.406852566093159 49 181.0
666 0.0 4.0 43.0 8.233569497287714 49 196.0
667 0.0 3.5510204081632635 39.0 7.566541549506502 49 174.0
668 0.0 3.3877551020408183 31.0 6.422020471687673 49 166.0
669 0.0 4.163265306122449 37.0 7.903972995629866 49 204.0
670 0.0 2.979591836734694 40.0 7.224062211106159 49 146.0
671 0.0 3.102040816326531 38.0 7.101187981478825 49 152.0
672 0.0 3.2040816326530637 35.0 6.477459609538084 49 157.0
673 0.0 3.530612244897962 41.0 7.320354160422401 49 173.0
674 0.0 3.2448979591836724 45.0 7.50980085245523 49 159.0
675 0.0 3.836734693877552 46.0 8.327531994273347 49 188.0
676 0.0 4.0 46.0 8.06225774829855 49 196.0
677 0.0 2.7755102040816317 40.0 6.45905471064474 49 136.0
678 0.0 4.040816326530611 42.0 8.418628113875084 49 198.0
679 0.0 3.3877551020408188 41.0 7.236528652522253 49 166.0
680 0.0 5.040816326530609 94.0 14.174447643079219 49 247.0
681 0.0 3.5510204081632635 33.0 6.711498915076635 49 174.0
682 0.0 3.285714285714286 37.0 7.023769168568496 49 161.0
683 0.0 3.7755102040816335 32.0 6.892826301436059 49 185.0
684 0.0 4.142857142857143 41.0 7.648529270389176 49 203.0
685 0.0 4.0816326530612255 43.0 7.957796844117407 49 200.0
686 0.0 3.346938775510204 29.0 6.568710618049291 49 164.0
687 0.0 3.816326530612246 38.0 7.443323264811877 49 187.0
688 0.0 4.040816326530612 46.0 8.652935878632633 49 198.0
689 0.0 3.9387755102040822 37.0 7.89622315642449 49 193.0
690 0.0 3.3265306122449 40.0 7.030847966586372 49 163.0
691 0.0 3.714285714285715 37.0 7.530493565054906 49 182.0
692 0.0 3.5102040816326547 40.0 7.294753962550738 49 172.0
693 0.0 3.3061224489795906 45.0 7.6844108471649974 49 162.0
694 0.0 3.897959183673471 48.0 8.51284543586725 49 191.0
695 0.0 3.3265306122449005 37.0 6.826381896430815 49 163.0
696 0.0 3.653061224489797 40.0 7.403690015819148 49 179.0
697 0.0 3.4489795918367365 39.0 7.009104865844724 49 169.0
698 0.0 3.7346938775510177 45.0 8.025416682339305 49 183.0
699 0.0 4.020408163265307 41.0 7.531848478069553 49 197.0
700 0.0 11.306122448979592 316.0 45.36390088386757 49 554.0
701 0.0 3.285714285714286 40.0 7.053367989832945 49 161.0
702 0.0 3.3469387755102047 46.0 7.565136648931513 49 164.0
703 0.0 4.163265306122448 47.0 8.34502581076373 49 204.0
704 0.0 4.1224489795918355 42.0 8.599013153315003 49 202.0
705 0.0 3.9183673469387754 39.0 7.574179643955615 49 192.0
706 0.0 3.7755102040816335 40.0 7.56710343670342 49 185.0
707 0.0 3.571428571428573 32.0 6.766954016887265 49 175.0
708 0.0 3.6938775510204094 38.0 7.580688407703736 49 181.0
709 0.0 4.0816326530612255 35.0 7.052885741234689 49 200.0
710 0.0 4.387755102040819 44.0 8.707794225411439 49 215.0
711 0.0 4.142857142857143 36.0 8.085480814398114 49 203.0
712 0.0 3.8979591836734704 38.0 7.497902200947001 49 191.0
713 0.0 4.0816326530612255 37.0 7.905263896854529 49 200.0
714 0.0 4.326530612244901 38.0 8.130159272481585 49 212.0
715 0.0 4.489795918367345 37.0 8.344465353802866 49 220.0
716 0.0 4.530612244897962 38.0 8.850852220775897 49 222.0
717 0.0 3.265306122448982 33.0 6.313924790374315 49 160.0
718 0.0 3.448979591836736 35.0 7.056501802385858 49 169.0
719 0.0 3.5102040816326547 39.0 7.092021482446525 49 172.0
720 0.0 3.5918367346938784 33.0 6.981876441147878 49 176.0
721 0.0 3.7346938775510177 46.0 7.970715960638042 49 183.0
722 0.0 3.7346938775510177 39.0 6.9963547359919325 49 183.0
723 0.0 3.4693877551020376 44.0 7.743551190120297 49 170.0
724 0.0 3.0204081632653046 37.0 6.352459484058018 49 148.0
725 0.0 3.8775510204081636 46.0 7.980791139409955 49 190.0
726 0.0 3.591836734693879 36.0 6.738936511507022 49 176.0
727 0.0 4.285714285714284 53.0 8.717797887081344 49 210.0
728 0.0 3.6734693877550995 39.0 7.442523527848945 49 180.0
729 0.0 3.040816326530613 29.0 5.859320152804526 49 149.0
730 0.0 4.0 46.0 8.033782836663352 49 196.0
731 0.0 3.8571428571428563 41.0 7.596600116718883 49 189.0
732 0.0 3.4081632653061225 35.0 7.103163518657665 49 167.0
733 0.0 4.061224489795919 35.0 7.717426609264763 49 199.0
734 0.0 3.6734693877550995 44.0 7.548144791663607 49 180.0
735 0.0 3.530612244897961 33.0 6.646120550166613 49 173.0
736 0.0 3.204081632653064 45.0 7.651197051869119 49 157.0
737 0.0 2.4897959183673457 39.0 6.413275453371409 49 122.0
738 0.0 3.836734693877552 41.0 7.956514466082465 49 188.0
739 0.0 4.224489795918366 39.0 8.45149224033457 49 207.0
740 0.0 3.795918367346936 37.0 7.065112619522111 49 186.0
741 0.0 3.469387755102039 37.0 6.934521254853405 49 170.0
742 0.0 4.408163265306126 42.0 7.9449102348268035 49 216.0
743 0.0 4.1224489795918355 35.0 7.241755809945848 49 202.0
744 0.0 4.897959183673471 38.0 8.907498942742903 49 240.0
745 0.0 4.326530612244901 41.0 7.589432771684475 49 212.0
746 0.0 3.9387755102040822 33.0 7.027944706862816 49 193.0
747 0.0 2.8775510204081636 45.0 7.186888098768321 49 141.0
748 0.0 4.061224489795919 40.0 8.488738037505211 49 199.0
749 0.0 3.469387755102039 42.0 7.911231575046562 49 170.0
750 0.0 3.0 44.0 7.234178138070235 49 147.0
751 0.0 3.16326530612245 33.0 6.2893658224800095 49 155.0
752 0.0 3.3469387755102042 44.0 7.479279768155493 49 164.0
753 0.0 3.632653061224491 37.0 7.172557300662887 49 178.0
754 0.0 3.183673469387754 37.0 6.197020350498277 49 156.0
755 0.0 2.9183673469387768 37.0 6.48021583582766 49 143.0
756 0.0 3.1224489795918364 40.0 6.966086458278977 49 153.0
757 0.0 2.7959183673469368 37.0 6.241592985223992 49 137.0
758 0.0 2.3469387755102047 29.0 4.930986295898634 49 115.0
759 0.0 4.510204081632654 37.0 7.585958654480196 49 221.0
760 0.0 3.9795918367346945 35.0 7.395070982075291 49 195.0
761 0.0 3.7755102040816335 43.0 7.583604316007573 49 185.0
762 0.0 3.2040816326530637 40.0 6.934153372488767 49 157.0
763 0.0 3.367346938775509 42.0 7.532412953228151 49 165.0
764 0.0 3.0 46.0 7.5360245930242735 49 147.0
765 0.0 3.2857142857142856 38.0 6.751543033509701 49 161.0
766 0.0 3.3469387755102047 38.0 7.06089884625228 49 164.0
767 0.0 3.836734693877551 42.0 7.776425214431514 49 188.0
768 0.0 3.0408163265306127 40.0 6.922063708634485 49 149.0
769 0.0 4.387755102040819 42.0 8.845470419303625 49 215.0
770 0.0 3.632653061224491 36.0 7.299240478613225 49 178.0
771 0.0 3.9387755102040822 44.0 8.135334871373622 49 193.0
772 0.0 3.0612244897959178 37.0 7.281277827601495 49 150.0
773 0.0 3.7959183673469363 35.0 7.164669077717217 49 186.0
774 0.0 3.8775510204081636 32.0 7.034535796877506 49 190.0
775 0.0 3.6530612244897975 45.0 8.024833903805952 49 179.0
776 0.0 4.285714285714285 35.0 8.013010254163744 49 210.0
777 0.0 3.7755102040816335 33.0 7.422559380368879 49 185.0
778 0.0 3.816326530612246 44.0 7.482405666483412 49 187.0
779 0.0 3.163265306122449 38.0 6.637478621357627 49 155.0
780 0.0 4.1224489795918355 38.0 7.227357323223413 49 202.0
781 0.0 4.816326530612246 39.0 8.821549064147206 49 236.0
782 0.0 4.061224489795919 44.0 7.693092581620725 49 199.0
783 0.0 4.040816326530611 33.0 6.800610216717903 49 198.0
784 0.0 3.8571428571428568 38.0 6.988085097745545 49 189.0
785 0.0 3.8775510204081636 31.0 6.6195186540174005 49 190.0
786 0.0 4.530612244897962 42.0 8.155013899478055 49 222.0
787 0.0 4.183673469387754 43.0 7.841326071387618 49 205.0
788 0.0 4.0816326530612255 38.0 7.265319259714488 49 200.0
789 0.0 3.857142857142857 37.0 7.176350047203662 49 189.0
790 0.0 4.775510204081635 36.0 8.379700934705372 49 234.0
791 0.0 4.469387755102038 34.0 7.555632669341039 49 219.0
792 0.0 4.4489795918367365 35.0 7.987128250320937 49 218.0
793 0.0 4.204081632653064 32.0 7.005889165066583 49 206.0
794 0.0 4.795918367346935 37.0 8.514643249124651 49 235.0
795 0.0 4.755102040816327 38.0 8.38284610639712 49 233.0
796 0.0 4.428571428571427 37.0 8.11634154037396 49 217.0
797 0.0 4.591836734693875 40.0 8.136641320151035 49 225.0
798 0.0 4.938775510204081 50.0 9.254296667101237 49 242.0
799 0.0 4.367346938775508 38.0 7.9311986209289875 49 214.0
800 0.0 3.4897959183673457 33.0 6.5259815640369085 49 171.0
801 0.0 3.2448979591836724 39.0 6.780888007987648 49 159.0
802 0.0 3.8775510204081636 35.0 7.299065730915003 49 190.0
803 0.0 4.469387755102038 42.0 8.416506700170421 49 219.0
804 0.0 4.061224489795919 52.0 8.773559148718066 49 199.0
805 0.0 3.8775510204081636 37.0 7.476721242912414 49 190.0
806 0.0 3.7142857142857153 40.0 7.794228634059948 49 182.0
807 0.0 3.8775510204081636 38.0 7.928410551778402 49 190.0
808 0.0 3.5510204081632635 48.0 8.218528924757454 49 174.0
809 0.0 4.4489795918367365 47.0 8.94674341238614 49 218.0
810 0.0 4.142857142857144 36.0 7.536024593024272 49 203.0
811 0.0 4.387755102040819 51.0 9.100861512632132 49 215.0
812 0.0 4.265306122448982 34.0 7.454795744474613 49 209.0
813 0.0 4.265306122448982 34.0 7.647917772734188 49 209.0
814 0.0 3.816326530612246 41.0 7.406847815219582 49 187.0
815 0.0 3.530612244897961 41.0 7.351592913603616 49 173.0
816 0.0 3.8775510204081636 42.0 7.537773358949208 49 190.0
817 0.0 3.9387755102040822 43.0 8.204186338046428 49 193.0
818 0.0 3.8775510204081636 44.0 8.012055117813684 49 190.0
819 0.0 4.040816326530611 37.0 8.296483149688262 49 198.0
820 0.0 3.1632653061224487 42.0 6.965231925952851 49 155.0
821 0.0 3.2857142857142865 38.0 7.282971005480298 49 161.0
822 0.0 3.3265306122448997 31.0 6.631326397932646 49 163.0
823 0.0 3.2857142857142856 40.0 7.15017482303755 49 161.0
824 0.0 3.0816326530612232 40.0 7.102924088869658 49 151.0
825 0.0 4.244897959183673 36.0 8.084271282983446 49 208.0
826 0.0 3.4489795918367365 41.0 7.49183228725845 49 169.0
827 0.0 3.7755102040816344 41.0 7.961535933585223 49 185.0
828 0.0 3.632653061224491 30.0 6.660498847530803 49 178.0
829 0.0 3.979591836734693 37.0 7.487461173851389 49 195.0
830 0.0 4.632653061224492 34.0 8.577329318109022 49 227.0
831 0.0 3.632653061224491 36.0 7.3106482770881875 49 178.0
832 0.0 3.8367346938775517 44.0 7.795155917767962 49 188.0
833 0.0 3.081632653061223 37.0 6.689035601558087 49 151.0
834 0.0 4.387755102040819 48.0 9.048057633479988 49 215.0
835 0.0 3.8571428571428568 36.0 7.538788585265762 49 189.0
836 0.0 4.489795918367345 44.0 8.94222765166207 49 220.0
837 0.0 3.7551020408163276 40.0 7.6281567570550175 49 184.0
838 0.0 3.8367346938775517 42.0 8.20910809907586 49 188.0
839 0.0 4.0 31.0 7.041543391425869 49 196.0
840 0.0 4.020408163265307 41.0 7.920147820375491 49 197.0
841 0.0 4.10204081632653 44.0 8.372188328923684 49 201.0
842 0.0 4.285714285714284 50.0 8.967534034876401 49 210.0
843 0.0 4.020408163265307 34.0 7.739212373572991 49 197.0
844 0.0 3.8979591836734704 39.0 7.816235501503641 49 191.0
845 0.0 4.408163265306126 39.0 8.306419122549482 49 216.0
846 0.0 3.9795918367346927 38.0 8.068688957730288 49 195.0
847 0.0 4.0 38.0 8.11377429642539 49 196.0
848 0.0 4.040816326530611 39.0 7.929268523623596 49 198.0
849 0.0 3.9183673469387754 46.0 8.004781734203933 49 192.0
850 0.0 4.10204081632653 38.0 8.005843953948014 49 201.0
851 0.0 4.530612244897962 36.0 8.142230552333125 49 222.0
852 0.0 4.836734693877553 41.0 9.04697679424714 49 237.0
853 0.0 4.5510204081632635 39.0 8.51239592322523 49 223.0
854 0.0 3.9387755102040822 42.0 7.709323801046863 49 193.0
855 0.0 3.6122448979591817 34.0 7.114586912729049 49 177.0
856 0.0 3.3877551020408188 39.0 7.418491329471388 49 166.0
857 0.0 3.6122448979591817 33.0 6.78176576849831 49 177.0
858 0.0 3.9183673469387754 44.0 7.9656469048185246 49 192.0
859 0.0 4.1020408163265305 50.0 8.839411976010204 49 201.0
860 0.0 4.0 41.0 7.897784499465657 49 196.0
861 0.0 3.8367346938775513 33.0 6.908168289470533 49 188.0
862 0.0 3.6122448979591817 31.0 6.676502098562451 49 177.0
863 0.0 3.1224489795918364 35.0 6.129276238748287 49 153.0
864 0.0 3.836734693877552 37.0 7.051438797553745 49 188.0
865 0.0 4.0816326530612255 46.0 8.72934880802944 49 200.0
866 0.0 3.081632653061225 31.0 5.904929913124421 49 151.0
867 0.0 4.489795918367345 37.0 8.35693935446164 49 220.0
868 0.0 3.4897959183673453 36.0 6.755005702500649 49 171.0
869 0.0 4.938775510204081 55.0 10.069359801036063 49 242.0
870 0.0 4.306122448979591 37.0 7.531058141768253 49 211.0
871 0.0 4.510204081632655 43.0 8.512545763410003 49 221.0
872 0.0 4.285714285714284 51.0 8.895223437328598 49 210.0
873 0.0 4.489795918367345 44.0 8.592929382588324 49 220.0
874 0.0 3.6326530612244916 46.0 8.230263962836133 49 178.0
875 0.0 3.428571428571427 34.0 6.670832032063171 49 168.0
876 0.0 4.530612244897962 48.0 8.911841468930367 49 222.0
877 0.0 4.306122448979591 40.0 8.377062138245558 49 211.0
878 0.0 4.040816326530611 37.0 7.653863903484387 49 198.0
879 0.0 4.408163265306126 42.0 8.13151883964218 49 216.0
880 0.0 3.8775510204081636 36.0 7.08470374898516 49 190.0
881 0.0 3.734693877551018 34.0 7.595984438625232 49 183.0
882 0.0 4.489795918367345 41.0 8.088372438722331 49 220.0
883 0.0 4.16326530612245 48.0 8.977627142828227 49 204.0
884 0.0 3.979591836734693 38.0 7.292946923564712 49 195.0
885 0.0 4.591836734693875 36.0 8.351442907633139 49 225.0
886 0.0 3.9795918367346945 28.0 6.463003029804747 49 195.0
887 0.0 4.306122448979591 49.0 8.24925269754947 49 211.0
888 0.0 4.489795918367345 53.0 9.467317573675043 49 220.0
889 0.0 4.285714285714285 43.0 8.164965809277259 49 210.0
890 0.0 3.9183673469387754 38.0 7.612590269562979 49 192.0
891 0.0 3.6938775510204094 40.0 7.294987096266437 49 181.0
892 0.0 4.755102040816327 35.0 8.457074484923103 49 233.0
893 0.0 4.142857142857144 34.0 7.667572410265626 49 203.0
894 0.0 4.632653061224492 43.0 9.196226303832054 49 227.0
895 0.0 4.591836734693874 41.0 8.693671949917896 49 225.0
896 0.0 4.367346938775508 35.0 7.529646620611921 49 214.0
897 0.0 4.183673469387754 45.0 7.80671043981756 49 205.0
898 0.0 4.10204081632653 46.0 7.858766066096677 49 201.0
899 0.0 5.0 45.0 8.916277250063503 49 245.0
900 0.0 3.6326530612244916 43.0 7.474104956311435 49 178.0
901 0.0 3.959183673469389 36.0 7.1907324142302285 49 194.0
902 0.0 4.469387755102038 37.0 8.505150500374087 49 219.0
903 0.0 3.979591836734695 45.0 8.637345743722353 49 195.0
904 0.0 4.0816326530612255 39.0 7.161345121244911 49 200.0
905 0.0 4.591836734693876 32.0 7.656474295617785 49 225.0
906 0.0 4.244897959183673 36.0 7.224179919562088 49 208.0
907 0.0 6.0 83.0 13.3588297890696 49 294.0
908 0.0 4.408163265306124 36.0 7.135353201217332 49 216.0
909 0.0 4.46938775510204 32.0 6.964499386221546 49 219.0
910 0.0 4.6530612244897975 40.0 7.6254809149111065 49 228.0
911 0.0 3.9591836734693873 33.0 6.204699776760182 49 194.0
912 0.0 4.6530612244897975 36.0 7.795701327249112 49 228.0
913 0.0 5.387755102040819 49.0 9.595607342534858 49 264.0
914 0.0 5.061224489795919 43.0 8.404879939815983 49 248.0
915 0.0 4.816326530612246 38.0 8.001753634328528 49 236.0
916 0.0 4.0816326530612255 37.0 7.1263499735543645 49 200.0
917 0.0 4.142857142857142 38.0 7.196642735794702 49 203.0
918 0.0 4.591836734693876 35.0 7.239700636498894 49 225.0
919 0.0 4.204081632653064 42.0 7.527670046337757 49 206.0
920 0.0 4.469387755102039 44.0 8.817837132805316 49 219.0
921 0.0 5.1020408163265305 40.0 8.827619766862371 49 250.0
922 0.0 4.387755102040818 31.0 7.410061646534538 49 215.0
923 0.0 3.897959183673469 34.0 6.807608788331333 49 191.0
924 0.0 4.4489795918367365 40.0 7.981909818692607 49 218.0
925 0.0 3.9183673469387745 33.0 6.772606387419219 49 192.0
926 0.0 3.9387755102040822 33.0 6.989301834665205 49 193.0
927 0.0 4.0816326530612255 39.0 7.667128794117018 49 200.0
928 0.0 4.346938775510202 40.0 7.8090519601938135 49 213.0
929 0.0 3.6122448979591812 40.0 7.367768563509723 49 177.0
930 0.0 3.020408163265306 37.0 6.675483115845024 49 148.0
931 0.0 3.9387755102040822 39.0 7.4032880174546545 49 193.0
932 0.0 4.204081632653065 45.0 8.38396185144772 49 206.0
933 0.0 4.1224489795918355 37.0 7.4011053596214795 49 202.0
934 0.0 3.7551020408163276 43.0 7.709654694615325 49 184.0
935 0.0 4.510204081632655 35.0 8.01592802118484 49 221.0
936 0.0 3.653061224489797 43.0 7.9544301608395225 49 179.0
937 0.0 3.6938775510204094 37.0 7.191441909290089 49 181.0
938 0.0 3.8367346938775513 36.0 7.53421898953786 49 188.0
939 0.0 3.9795918367346936 30.0 7.066616929615756 49 195.0
940 0.0 3.8979591836734704 35.0 6.943956898985328 49 191.0
941 0.0 3.836734693877552 39.0 7.453597953269249 49 188.0
942 0.0 4.489795918367345 42.0 8.70852659031077 49 220.0
943 0.0 4.183673469387754 36.0 6.993072373748881 49 205.0
944 0.0 4.836734693877553 34.0 7.711860288908653 49 237.0
945 0.0 3.3469387755102042 37.0 6.511371528616187 49 164.0
946 0.0 3.4897959183673457 26.0 6.228705219183433 49 171.0
947 0.0 3.6938775510204094 36.0 6.973772537254176 49 181.0
948 0.0 3.591836734693879 39.0 7.254074623234569 49 176.0
949 0.0 3.224489795918368 30.0 5.95211904185689 49 158.0
950 0.0 3.4489795918367365 40.0 6.943405818021982 49 169.0
951 0.0 3.795918367346936 44.0 7.708165561696932 49 186.0
952 0.0 3.897959183673471 55.0 8.7897783863777 49 191.0
953 0.0 3.3061224489795906 34.0 6.442709321501363 49 162.0
954 0.0 4.061224489795919 49.0 8.300120890849792 49 199.0
955 0.0 3.7346938775510177 48.0 8.24058935545086 49 183.0
956 0.0 4.020408163265307 37.0 7.453997238390417 49 197.0
957 0.0 4.4081632653061265 40.0 9.101095097447836 49 216.0
958 0.0 3.795918367346936 40.0 7.535968174463755 49 186.0
959 0.0 4.408163265306126 50.0 8.999811033541521 49 216.0
960 0.0 3.3877551020408183 34.0 6.657753395260964 49 166.0
961 0.0 3.6122448979591812 39.0 7.052825457841379 49 177.0
962 0.0 4.367346938775508 46.0 8.413020359218553 49 214.0
963 0.0 4.612244897959181 42.0 8.066949874153732 49 226.0
964 0.0 4.326530612244901 38.0 7.674057366386113 49 212.0
965 0.0 4.0816326530612255 43.0 7.691544964802477 49 200.0
966 0.0 3.8571428571428568 38.0 7.14142842854285 49 189.0
967 0.0 4.061224489795919 36.0 6.986320452812609 49 199.0
968 0.0 4.3469387755102025 41.0 7.4876315247440015 49 213.0
969 0.0 4.183673469387754 28.0 6.537307898349528 49 205.0
970 0.0 4.0816326530612255 32.0 6.70769686844237 49 200.0
971 0.0 3.836734693877552 39.0 7.177357158614365 49 188.0
972 0.0 4.714285714285716 36.0 8.278989471346534 49 231.0
973 0.0 3.9387755102040822 33.0 6.866003699585449 49 193.0
974 0.0 4.53061224489796 39.0 7.855735804748887 49 222.0
975 0.0 4.795918367346935 51.0 8.99532191344649 49 235.0
976 0.0 4.020408163265307 40.0 7.267191674225469 49 197.0
977 0.0 4.204081632653064 44.0 8.386446386473676 49 206.0
978 0.0 4.653061224489798 43.0 8.489088634850047 49 228.0
979 0.0 4.836734693877552 29.0 7.72535581374603 49 237.0
980 0.0 4.489795918367346 32.0 7.447377751541122 49 220.0
981 0.0 5.142857142857144 46.0 9.009254501159717 49 252.0
982 0.0 4.530612244897961 33.0 8.276729529269415 49 222.0
983 0.0 4.714285714285716 48.0 9.311730952585208 49 231.0
984 0.0 4.571428571428573 53.0 9.305016568138567 49 224.0
985 0.0 4.469387755102038 37.0 7.826509547728174 49 219.0
986 0.0 3.6122448979591812 40.0 7.330917196284204 49 177.0
987 0.0 4.183673469387754 39.0 7.259113436994663 49 205.0
988 0.0 4.326530612244901 39.0 7.757758898628626 49 212.0
989 0.0 3.0816326530612232 37.0 6.412347251897046 49 151.0
990 0.0 3.7346938775510177 43.0 7.9314130471921604 49 183.0
991 0.0 3.428571428571427 36.0 6.797671169844372 49 168.0
992 0.0 3.8775510204081636 42.0 7.899453180076312 49 190.0
993 0.0 3.7755102040816344 34.0 7.419752090766602 49 185.0
994 0.0 4.5510204081632635 38.0 7.711088402666739 49 223.0
995 0.0 3.775510204081634 35.0 7.329351114191627 49 185.0
996 0.0 3.7551020408163276 38.0 7.587079511261507 49 184.0
997 0.0 4.040816326530612 43.0 8.487636065854531 49 198.0
998 0.0 4.183673469387754 41.0 8.577279748915533 49 205.0
999 0.0 4.061224489795919 34.0 7.877732761993633 49 199.0
1000 0.0 4.367346938775508 43.0 9.317756072751234 49 214.0
1001 0.0 4.204081632653064 34.0 7.958170832119486 49 206.0
1002 0.0 3.8775510204081636 37.0 7.715332821351116 49 190.0
1003 0.0 6.326530612244894 136.0 20.04826234687816 49 310.0
1004 0.0 3.918367346938774 38.0 8.097933724861235 49 192.0
1005 0.0 4.224489795918364 39.0 8.547088456804188 49 207.0
1006 0.0 4.183673469387754 34.0 8.084639420396137 49 205.0
1007 0.0 3.6938775510204094 38.0 7.481098631530923 49 181.0
1008 0.0 4.326530612244901 36.0 7.789918043808396 49 212.0
1009 0.0 3.9387755102040822 38.0 8.021866374856561 49 193.0
1010 0.0 3.7346938775510177 36.0 6.900409137036978 49 183.0
1011 0.0 4.0 38.0 7.277247648206933 49 196.0
1012 0.0 4.469387755102038 34.0 7.646082986341018 49 219.0
1013 0.0 3.89795918367347 31.0 6.465436624722213 49 191.0
1014 0.0 3.8367346938775526 43.0 7.405929321540019 49 188.0
1015 0.0 4.10204081632653 38.0 7.635566170776028 49 201.0
1016 0.0 4.061224489795919 33.0 6.947446063318602 49 199.0
1017 0.0 3.3265306122449 39.0 6.625040110262354 49 163.0
1018 0.0 4.6530612244897975 34.0 8.340541100572567 49 228.0
1019 0.0 4.8775510204081645 42.0 8.59174180308536 49 239.0
1020 0.0 4.5510204081632635 39.0 7.924280263031769 49 223.0
1021 0.0 3.5102040816326547 36.0 7.059634223821351 49 172.0
1022 0.0 3.6530612244897984 44.0 7.507082823374657 49 179.0
1023 0.0 4.285714285714284 44.0 9.1195760135363 49 210.0
1024 0.0 4.040816326530611 36.0 7.743166836189263 49 198.0
1025 0.0 3.7755102040816344 39.0 7.7062347759310255 49 185.0
1026 0.0 4.1224489795918355 38.0 7.9310377974271296 49 202.0
1027 0.0 4.163265306122448 43.0 8.30749395319147 49 204.0
1028 0.0 3.6326530612244916 30.0 6.725863877447949 49 178.0
1029 0.0 3.795918367346936 43.0 8.002550613806237 49 186.0
1030 0.0 3.9387755102040822 43.0 8.290074796770794 49 193.0
1031 0.0 4.040816326530611 34.0 7.24844576349955 49 198.0
1032 0.0 3.6530612244897975 33.0 6.799359713752966 49 179.0
1033 0.0 4.163265306122447 36.0 8.011312155257684 49 204.0
1034 0.0 4.204081632653064 40.0 7.783474994704959 49 206.0
1035 0.0 3.9387755102040822 31.0 7.284138485050081 49 193.0
1036 0.0 3.5510204081632635 33.0 6.723903951852786 49 174.0
1037 0.0 3.6734693877551 41.0 7.306925239975095 49 180.0
1038 0.0 3.8979591836734704 45.0 8.026635082542326 49 191.0
1039 0.0 3.857142857142857 37.0 7.196642735794704 49 189.0
1040 0.0 3.9795918367346927 43.0 7.671619222602141 49 195.0
1041 0.0 4.040816326530613 39.0 7.76734398961841 49 198.0
1042 0.0 3.5102040816326543 34.0 6.435974573247089 49 172.0
1043 0.0 3.9591836734693895 36.0 7.407651403766782 49 194.0
1044 0.0 3.9591836734693895 42.0 7.483201141204743 49 194.0
1045 0.0 3.89795918367347 38.0 7.608232651649959 49 191.0
1046 0.0 3.8367346938775517 36.0 7.306808864498432 49 188.0
1047 0.0 4.020408163265305 42.0 8.143222631730756 49 197.0
1048 0.0 3.857142857142857 38.0 7.399324293474373 49 189.0
1049 0.0 3.571428571428573 43.0 7.257180352359081 49 175.0
1050 0.0 3.9591836734693886 33.0 7.393575994496482 49 194.0
1051 0.0 4.224489795918366 39.0 7.940574355072525 49 207.0
1052 0.0 3.775510204081634 37.0 7.080681776620715 49 185.0
1053 0.0 3.8775510204081636 35.0 7.1636601825382815 49 190.0
1054 0.0 3.530612244897961 43.0 7.388341155767889 49 173.0
1055 0.0 4.204081632653064 42.0 7.796846562972154 49 206.0
1056 0.0 5.020408163265308 39.0 8.644578734478541 49 246.0
1057 0.0 4.04081632653061 40.0 7.634786571109541 49 198.0
1058 0.0 4.204081632653064 35.0 7.288631535471115 49 206.0
1059 0.0 4.632653061224492 36.0 7.801425824678412 49 227.0
1060 0.0 4.0 44.0 7.960841664045329 49 196.0
1061 0.0 4.673469387755099 39.0 8.749732746161543 49 229.0
1062 0.0 3.816326530612246 33.0 6.993072373748876 49 187.0
1063 0.0 4.1224489795918355 36.0 7.267601200594625 49 202.0
1064 0.0 4.5510204081632635 42.0 8.258988095023597 49 223.0
1065 0.0 3.571428571428573 42.0 7.112196097783957 49 175.0
1066 0.0 3.571428571428573 40.0 7.248563075994213 49 175.0
1067 0.0 3.285714285714285 36.0 6.331139971074195 49 161.0
1068 0.0 3.6530612244897966 39.0 7.218468848516755 49 179.0
1069 0.0 3.428571428571427 32.0 6.642665127793213 49 168.0
1070 0.0 4.836734693877552 39.0 8.561899465012399 49 237.0
1071 0.0 4.693877551020409 40.0 8.972653085980786 49 230.0
1072 0.0 4.061224489795919 39.0 7.956674774639707 49 199.0
1073 0.0 4.061224489795919 38.0 7.42576641180701 49 199.0
1074 0.0 3.9183673469387745 43.0 7.788444257075882 49 192.0
1075 0.0 3.836734693877551 36.0 7.246685848186941 49 188.0
1076 0.0 3.367346938775509 35.0 6.479756546195172 49 165.0
1077 0.0 3.53061224489796 42.0 7.222943885103006 49 173.0
1078 0.0 3.265306122448982 33.0 6.267560364700926 49 160.0
1079 0.0 2.8571428571428585 35.0 5.863019699779282 49 140.0
1080 0.0 3.6938775510204094 42.0 7.629995854172781 49 181.0
1081 0.0 3.6938775510204094 35.0 7.174039080928806 49 181.0
1082 0.0 4.428571428571427 39.0 7.834219807996197 49 217.0
1083 0.0 3.4693877551020407 28.0 6.545042783207272 49 170.0
1084 0.0 3.7551020408163276 46.0 7.816997005044253 49 184.0
1085 0.0 3.795918367346936 45.0 7.516591625189165 49 186.0
1086 0.0 3.551020408163264 35.0 6.506603134796333 49 174.0
1087 0.0 3.6734693877550995 39.0 7.682197372014411 49 180.0
1088 0.0 3.5918367346938793 38.0 6.8917776109981785 49 176.0
1089 0.0 3.857142857142857 46.0 8.175165645620483 49 189.0
1090 0.0 4.163265306122448 39.0 7.744210038192803 49 204.0
1091 0.0 3.6122448979591817 31.0 6.51222032838587 49 177.0
1092 0.0 3.46938775510204 30.0 6.377375507788994 49 170.0
1093 0.0 3.7755102040816344 43.0 7.602810078414123 49 185.0
1094 0.0 3.7755102040816344 35.0 6.868604013075391 49 185.0
1095 0.0 3.2653061224489823 36.0 6.629402657241198 49 160.0
1096 0.0 3.5510204081632635 34.0 6.692848249219075 49 174.0
1097 0.0 2.8367346938775504 32.0 6.018537124222649 49 139.0
1098 0.0 3.367346938775509 37.0 6.644840973614484 49 165.0
1099 0.0 3.6938775510204094 38.0 6.674591378356224 49 181.0
1100 0.0 3.3877551020408183 33.0 6.45115082282034 49 166.0
1101 0.0 3.46938775510204 32.0 5.972513571968416 49 170.0
1102 0.0 3.285714285714286 35.0 6.442049363362565 49 161.0
1103 0.0 3.591836734693879 41.0 7.2770139461725005 49 176.0
1104 0.0 3.571428571428573 37.0 7.497221707628323 49 175.0
1105 0.0 3.795918367346936 36.0 7.718969036937332 49 186.0
1106 0.0 3.5510204081632635 41.0 7.1561780549216065 49 174.0
1107 0.0 3.3061224489795906 37.0 6.77988471396777 49 162.0
1108 0.0 2.979591836734695 29.0 5.505640274294353 49 146.0
1109 0.0 3.2448979591836724 33.0 6.015710723613968 49 159.0
1110 0.0 3.367346938775509 46.0 7.409717374139577 49 165.0
1111 0.0 3.346938775510203 37.0 6.616113601176561 49 164.0
1112 0.0 3.3265306122449 40.0 6.914320149461675 49 163.0
1113 0.0 3.3061224489795906 29.0 6.586615473925932 49 162.0
1114 0.0 3.285714285714285 39.0 7.334280241896047 49 161.0
1115 0.0 3.3877551020408188 36.0 7.379070420595594 49 166.0
1116 0.0 2.9387755102040822 40.0 6.596742135533351 49 144.0
1117 0.0 2.9183673469387754 35.0 6.163862204731022 49 143.0
1118 0.0 2.9183673469387768 32.0 6.356875328774211 49 143.0
1119 0.0 3.571428571428573 66.0 10.031201323869444 49 175.0
1120 0.0 3.10204081632653 41.0 6.7553833408351185 49 152.0
1121 0.0 2.6734693877551003 31.0 5.892748916755097 49 131.0
1122 0.0 3.3061224489795906 44.0 7.436408411863019 49 162.0
1123 0.0 2.6938775510204094 34.0 5.78505287224705 49 132.0
1124 0.0 3.0816326530612246 38.0 6.470563907335403 49 151.0
1125 0.0 3.2040816326530637 35.0 6.760730951102648 49 157.0
1126 0.0 2.8367346938775495 34.0 5.6948329605862495 49 139.0
1127 0.0 2.857142857142858 34.0 5.798706752371596 49 140.0
1128 0.0 3.1020408163265314 37.0 6.063019386546001 49 152.0
1129 0.0 3.142857142857142 39.0 6.4614239916600456 49 154.0
1130 0.0 3.4693877551020385 41.0 6.880231466601509 49 170.0
1131 0.0 3.183673469387754 41.0 6.796670353280083 49 156.0
1132 0.0 2.9591836734693877 35.0 6.274814684094491 49 145.0
1133 0.0 3.2040816326530637 46.0 7.992130483160545 49 157.0
1134 0.0 3.2448979591836724 43.0 7.072630970405378 49 159.0
1135 0.0 3.7551020408163276 37.0 7.001579025015531 49 184.0
1136 0.0 3.53061224489796 32.0 6.602089444563262 49 173.0
1137 0.0 4.04081632653061 66.0 10.095294249619206 49 198.0
1138 0.0 3.7959183673469363 33.0 6.664519211955999 49 186.0
1139 0.0 3.183673469387754 38.0 6.575438735006442 49 156.0
1140 0.0 3.591836734693879 34.0 6.704843918600127 49 176.0
1141 0.0 3.1224489795918364 40.0 6.713272466605567 49 153.0
1142 0.0 3.4897959183673453 40.0 7.150531591484391 49 171.0
1143 0.0 3.3061224489795906 34.0 6.410291470338449 49 162.0
1144 0.0 3.7142857142857153 39.0 7.118052168020875 49 182.0
1145 0.0 2.9183673469387768 42.0 6.544198240597918 49 143.0
1146 0.0 3.0 39.0 6.41287766919033 49 147.0
1147 0.0 2.9387755102040822 46.0 7.042750892659368 49 144.0
1148 0.0 2.7142857142857135 29.0 5.484827557301441 49 133.0
1149 0.0 3.10204081632653 42.0 6.789222150951168 49 152.0
1150 0.0 2.7959183673469368 43.0 6.76689118624872 49 137.0
1151 0.0 2.6938775510204094 33.0 5.331526054332584 49 132.0
1152 0.0 3.5510204081632635 45.0 7.502947266712925 49 174.0
1153 0.0 3.3061224489795906 34.0 6.138010269462508 49 162.0
1154 0.0 2.6734693877551003 29.0 5.237635261189128 49 131.0
1155 0.0 4.0 66.0 10.043654713300333 49 196.0
1156 0.0 3.0816326530612246 41.0 6.591777500207733 49 151.0
1157 0.0 3.0612244897959178 32.0 5.531757418402796 49 150.0
1158 0.0 2.551020408163264 34.0 5.609000298960723 49 125.0
1159 0.0 2.979591836734694 30.0 5.505640274294353 49 146.0
1160 0.0 2.7755102040816317 34.0 5.741897574417538 49 136.0
1161 0.0 2.9795918367346945 42.0 6.672361513232428 49 146.0
1162 0.0 3.0204081632653055 44.0 6.941691064137901 49 148.0
1163 0.0 2.9387755102040822 29.0 5.463546479719419 49 144.0
1164 0.0 2.8367346938775495 34.0 5.73129907749074 49 139.0
1165 0.0 3.3265306122449 44.0 7.1454757104934385 49 163.0
1166 0.0 3.0 44.0 6.831300510639732 49 147.0
1167 0.0 3.7142857142857166 77.0 11.191514642799685 49 182.0
1168 0.0 3.408163265306121 40.0 6.477262691352663 49 167.0
1169 0.0 2.9591836734693873 36.0 5.912413437257342 49 145.0
1170 0.0 3.3265306122449 48.0 7.517722824272322 49 163.0
1171 0.0 3.408163265306121 36.0 6.251394402274515 49 167.0
1172 0.0 3.224489795918367 43.0 6.752361642795955 49 158.0
1173 0.0 3.5510204081632635 64.0 9.517661706203977 49 174.0
1174 0.0 3.2244897959183683 40.0 6.420232686990562 49 158.0
1175 0.0 2.857142857142859 40.0 6.471089552772389 49 140.0
1176 0.0 2.9183673469387768 36.0 5.780126637503562 49 143.0
1177 0.0 2.8775510204081636 34.0 5.6444391995619085 49 141.0
1178 0.0 3.0204081632653046 36.0 5.8505334369268125 49 148.0
1179 0.0 3.183673469387754 39.0 6.297067668724054 49 156.0
1180 0.0 3.4285714285714275 37.0 6.331139971074196 49 168.0
1181 0.0 3.3265306122449 48.0 7.605885207910937 49 163.0
1182 0.0 3.6938775510204094 41.0 7.083443376496148 49 181.0
1183 0.0 3.8367346938775504 41.0 7.853733026337193 49 188.0
1184 0.0 3.591836734693878 36.0 6.6424090990736016 49 176.0
1185 0.0 3.7551020408163276 36.0 6.590809928241296 49 184.0
1186 0.0 3.3877551020408183 36.0 6.1536450124113875 49 166.0
1187 0.0 2.5306122448979593 33.0 5.575624183355038 49 124.0
1188 0.0 3.448979591836736 33.0 6.617719976477916 49 169.0
1189 0.0 3.3877551020408183 36.0 6.360084926485564 49 166.0
1190 0.0 3.959183673469388 38.0 7.079781022018121 49 194.0
1191 0.0 3.2448979591836724 38.0 6.76858740877327 49 159.0
1192 0.0 3.1428571428571415 40.0 6.852615072607929 49 154.0
1193 0.0 3.5510204081632635 37.0 6.825385289765078 49 174.0
1194 0.0 3.183673469387754 32.0 6.078217492913235 49 156.0
1195 0.0 3.183673469387754 30.0 5.600124512707118 49 156.0
1196 0.0 3.1428571428571415 38.0 6.393355926272213 49 154.0
1197 0.0 3.3265306122449 36.0 6.2195516823362516 49 163.0
1198 0.0 3.2653061224489814 42.0 6.909460634413033 49 160.0
1199 0.0 3.5918367346938784 41.0 6.858444816875209 49 176.0
1200 0.0 3.5714285714285725 45.0 7.239935542991157 49 175.0
1201 0.0 3.551020408163264 42.0 6.991248173281234 49 174.0
1202 0.0 3.3061224489795906 34.0 5.756170897511692 49 162.0
1203 0.0 3.7755102040816335 43.0 7.249325560935677 49 185.0
1204 0.0 3.1020408163265305 38.0 6.426653152948221 49 152.0
1205 0.0 2.775510204081632 34.0 5.6908746622789605 49 136.0
1206 0.0 3.2857142857142865 32.0 6.038073644245601 49 161.0
1207 0.0 3.448979591836736 35.0 6.490574013167728 49 169.0
1208 0.0 3.5918367346938784 44.0 7.20797696810895 49 176.0
1209 0.0 3.4897959183673453 41.0 7.06258465724952 49 171.0
1210 0.0 3.8367346938775517 48.0 7.94078852816139 49 188.0
1211 0.0 3.3877551020408174 30.0 5.8410056444738645 49 166.0
1212 0.0 3.367346938775509 37.0 6.362958816302301 49 165.0
1213 0.0 3.387755102040818 39.0 6.563206554124964 49 166.0
1214 0.0 3.591836734693877 40.0 6.7172612454374425 49 176.0
1215 0.0 3.5306122448979598 44.0 7.089023324879123 49 173.0
1216 0.0 3.3469387755102042 37.0 6.193245717473742 49 164.0
1217 0.0 3.3469387755102034 33.0 5.903921791233929 49 164.0
1218 0.0 3.2448979591836724 39.0 6.365697828481761 49 159.0
1219 0.0 3.0408163265306127 32.0 5.458018503669127 49 149.0
1220 0.0 3.571428571428573 43.0 7.571877794400367 49 175.0
1221 0.0 3.3061224489795906 36.0 6.308737597017902 49 162.0
1222 0.0 3.142857142857142 36.0 6.288216493304497 49 154.0
1223 0.0 3.102040816326531 40.0 6.471877940878726 49 152.0
1224 0.0 2.959183673469387 33.0 5.4960560998830035 49 145.0
1225 0.0 3.1428571428571415 36.0 6.072478900745563 49 154.0
1226 0.0 3.6326530612244916 41.0 7.169652122985174 49 178.0
1227 0.0 3.3877551020408183 38.0 6.635812957388282 49 166.0
1228 0.0 3.4285714285714275 33.0 5.947688626685163 49 168.0
1229 0.0 4.204081632653064 42.0 8.025946444284978 49 206.0
1230 0.0 3.795918367346936 40.0 7.158851141060548 49 186.0
1231 0.0 3.897959183673469 38.0 7.2233559200899995 49 191.0
1232 0.0 4.020408163265307 38.0 7.442809158057548 49 197.0
1233 0.0 3.7346938775510177 40.0 7.247917833776127 49 183.0
1234 0.0 3.653061224489796 48.0 7.67178548429287 49 179.0
1235 0.0 3.265306122448982 37.0 6.277524426489316 49 160.0
1236 0.0 3.571428571428573 43.0 7.251436639269032 49 175.0
1237 0.0 3.204081632653063 32.0 5.689828614278635 49 157.0
1238 0.0 3.4897959183673453 39.0 6.538738566483317 49 171.0
1239 0.0 3.3265306122448997 46.0 7.278357630394264 49 163.0
1240 0.0 3.4081632653061216 39.0 6.794355400339495 49 167.0
1241 0.0 3.081632653061224 34.0 5.663614624269993 49 151.0
1242 0.0 3.2040816326530637 36.0 6.075838734407834 49 157.0
1243 0.0 3.8571428571428568 51.0 8.233569497287716 49 189.0
1244 0.0 3.3877551020408183 46.0 7.22788675470054 49 166.0
1245 0.0 2.9387755102040822 29.0 5.452095022654546 49 144.0
1246 0.0 3.2040816326530632 39.0 6.350786013809414 49 157.0
1247 0.0 3.2448979591836724 44.0 7.12253060203118 49 159.0
1248 0.0 3.183673469387754 33.0 5.868963101873827 49 156.0
1249 0.0 3.1428571428571415 47.0 7.288689868556629 49 154.0
1250 0.0 3.265306122448982 30.0 5.6817526279458885 49 160.0
1251 0.0 3.8979591836734686 42.0 8.034417884843885 49 191.0
1252 0.0 3.2653061224489823 41.0 6.7724180510732905 49 160.0
1253 0.0 3.6938775510204094 34.0 6.48461024796612 49 181.0
1254 0.0 3.5102040816326547 36.0 6.570522711891575 49 172.0
1255 0.0 3.6326530612244916 36.0 6.707253155946864 49 178.0
1256 0.0 3.571428571428573 39.0 6.698880503487134 49 175.0
1257 0.0 3.530612244897961 34.0 6.409959830920443 49 173.0
1258 0.0 3.6530612244897975 41.0 7.318785818039775 49 179.0
1259 0.0 3.2448979591836724 45.0 7.347138366525475 49 159.0
1260 0.0 3.4897959183673453 42.0 6.991430614746621 49 171.0
1261 0.0 3.2653061224489823 36.0 5.9818319037875005 49 160.0
1262 0.0 3.3061224489795906 37.0 6.3416746001899105 49 162.0
1263 0.0 3.8775510204081636 37.0 6.703956086586811 49 190.0
1264 0.0 3.0612244897959178 32.0 5.8001729976545535 49 150.0
1265 0.0 3.5102040816326547 41.0 7.141785633916517 49 172.0
1266 0.0 3.1224489795918364 38.0 6.411684168574667 49 153.0
1267 0.0 3.1224489795918364 34.0 6.002196310036659 49 153.0
1268 0.0 3.0204081632653046 37.0 5.9843190782186735 49 148.0
1269 0.0 3.3469387755102042 33.0 6.057196203718365 49 164.0
1270 0.0 3.6734693877551003 32.0 6.252958483463515 49 180.0
1271 0.0 3.0 41.0 6.471089552772392 49 147.0
1272 0.0 3.3877551020408188 40.0 6.787906913924857 49 166.0
1273 0.0 2.8775510204081636 32.0 5.603691688897395 49 141.0
1274 0.0 2.897959183673469 41.0 6.627734963643258 49 142.0
1275 0.0 3.0612244897959178 41.0 6.606209715314907 49 150.0
1276 0.0 3.142857142857142 39.0 6.661456297237117 49 154.0
1277 0.0 2.5714285714285725 39.0 6.317963807008292 49 126.0
1278 0.0 3.1224489795918364 35.0 6.233754396633783 49 153.0
1279 0.0 3.3061224489795906 45.0 7.329177084413622 49 162.0
1280 0.0 3.3673469387755084 37.0 6.728960660059314 49 165.0
1281 0.0 3.367346938775509 35.0 6.676119998269393 49 165.0
1282 0.0 3.1224489795918364 31.0 5.843916541517142 49 153.0
1283 0.0 3.5306122448979615 41.0 6.988389301835839 49 173.0
1284 0.0 3.6326530612244916 36.0 6.775242546553285 49 178.0
1285 0.0 3.3877551020408183 31.0 6.129900510783914 49 166.0
1286 0.0 3.775510204081634 45.0 7.295161941663943 49 185.0
1287 0.0 3.7346938775510177 43.0 7.579510511361317 49 183.0
1288 0.0 3.5102040816326547 39.0 6.58319340245672 49 172.0
1289 0.0 3.6938775510204094 38.0 6.77065999254828 49 181.0
1290 0.0 3.5510204081632635 37.0 6.605115519081265 49 174.0
1291 0.0 3.285714285714285 40.0 6.464647451073159 49 161.0
1292 0.0 3.346938775510203 40.0 6.854290081183228 49 164.0
1293 0.0 3.5102040816326547 42.0 7.021165765560801 49 172.0
1294 0.0 3.897959183673471 42.0 7.575302243582929 49 191.0
1295 0.0 3.9183673469387745 38.0 7.870929463045958 49 192.0
1296 0.0 3.8571428571428563 50.0 8.433563896716503 49 189.0
1297 0.0 3.469387755102039 29.0 6.151226303267796 49 170.0
1298 0.0 3.9183673469387745 39.0 7.204850029360658 49 192.0
