##bucket, min, mean, max, stddev, count, total
0 0.0 1.6734693877551026 24.0 4.069130512683477 49 82.0
1 0.0 1.0408163265306125 13.0 2.3270079472134504 49 51.0
2 0.0 0.7551020408163266 12.0 2.0466498259849146 49 37.0
3 0.0 0.9387755102040818 18.0 2.7264763834274737 49 46.0
4 0.0 0.7959183673469387 12.0 1.8706014166208533 49 39.0
5 0.0 0.7346938775510204 13.0 1.9872039633205076 49 36.0
6 0.0 0.7551020408163266 12.0 1.8767282284703384 49 37.0
7 0.0 0.7142857142857142 12.0 1.825741858350554 49 35.0
8 0.0 0.7142857142857142 12.0 1.8596594670351165 49 35.0
9 0.0 0.7346938775510204 12.0 1.8904971811237203 49 36.0
10 0.0 0.673469387755102 13.0 1.962011670688625 49 33.0
11 0.0 0.7551020408163267 13.0 1.9846348556356863 49 37.0
12 0.0 0.6122448979591836 13.0 1.9980858186713373 49 30.0
13 0.0 0.7346938775510204 14.0 2.0894128980417923 49 36.0
14 0.0 0.8571428571428571 14.0 2.140872096444188 49 42.0
15 0.0 0.7551020408163266 14.0 2.116705500741836 49 37.0
16 0.0 0.7551020408163266 14.0 2.086969615703772 49 37.0
17 0.0 0.7959183673469387 14.0 2.1112752054616846 49 39.0
18 0.0 0.7959183673469387 14.0 2.121119906998174 49 39.0
19 0.0 0.6326530612244898 14.0 2.1281239542437027 49 31.0
20 0.0 38.71428571428573 1857.0 265.17502081958366 49 1897.0
21 0.0 0.6734693877551021 15.0 2.2674118422961977 49 33.0
22 0.0 0.8367346938775512 14.0 2.0549426064117355 49 41.0
23 0.0 0.7551020408163266 15.0 2.259522555070152 49 37.0
24 0.0 0.7755102040816327 14.0 2.1140926552783923 49 38.0
25 0.0 0.7755102040816327 15.0 2.229212362046748 49 38.0
26 0.0 0.7551020408163266 14.0 2.1265250629930073 49 37.0
27 0.0 0.8775510204081632 20.0 2.919993243865074 49 43.0
28 0.0 0.7551020408163267 14.0 2.116705500741836 49 37.0
29 0.0 0.8367346938775512 15.0 2.502889486635982 49 41.0
30 0.0 0.7755102040816327 14.0 2.1819840562590525 49 38.0
31 0.0 0.7142857142857142 14.0 2.150581316760657 49 35.0
32 0.0 0.8775510204081632 14.0 2.1275245108382865 49 43.0
33 0.0 0.6326530612244898 14.0 2.1084539907933775 49 31.0
34 0.0 0.7142857142857142 14.0 2.101586702153082 49 35.0
35 0.0 0.7346938775510204 14.0 2.119114498677077 49 36.0
36 0.0 0.7959183673469387 15.0 2.2544362916696663 49 39.0
37 0.0 0.7142857142857142 14.0 2.091650066335189 49 35.0
38 0.0 0.7551020408163267 14.0 2.0969284307141756 49 37.0
39 0.0 0.7959183673469387 14.0 2.1211199069981745 49 39.0
40 0.0 0.6938775510204082 14.0 2.10360882010587 49 34.0
41 0.0 0.7551020408163267 14.0 2.14602939795119 49 37.0
42 0.0 0.7142857142857143 14.0 2.1213203435596424 49 35.0
43 0.0 0.8163265306122449 14.0 2.147415785967666 49 40.0
44 0.0 0.7551020408163266 14.0 2.0969284307141756 49 37.0
45 0.0 0.7755102040816327 14.0 2.0942909114468096 49 38.0
46 0.0 0.7959183673469387 14.0 2.0814617443511367 49 39.0
47 0.0 0.8163265306122449 14.0 2.0883952111186064 49 40.0
48 0.0 0.7551020408163266 14.0 2.1265250629930073 49 37.0
49 0.0 0.7551020408163266 15.0 2.2316904303399134 49 37.0
50 0.0 0.8367346938775512 19.0 2.7939438879439926 49 41.0
51 0.0 0.7142857142857142 15.0 2.23606797749979 49 35.0
52 0.0 0.7551020408163267 14.0 2.1265250629930073 49 37.0
53 0.0 0.653061224489796 14.0 2.1070419669147866 49 32.0
54 0.0 0.7959183673469387 14.0 2.0914467862854993 49 39.0
55 0.0 0.7346938775510204 14.0 2.099360122792197 49 36.0
56 0.0 0.6734693877551021 14.0 2.125125046340812 49 33.0
57 0.0 0.6938775510204082 14.0 2.073685141970017 49 34.0
58 0.0 0.8163265306122449 14.0 2.1279241585380326 49 40.0
59 0.0 0.6938775510204082 14.0 2.10360882010587 49 34.0
60 0.0 0.8571428571428571 13.0 1.9790570145063195 49 42.0
61 0.0 0.7346938775510204 13.0 1.9340750395223556 49 36.0
62 0.0 0.7346938775510204 13.0 1.966124680304736 49 36.0
63 0.0 0.7142857142857142 13.0 2.0 49 35.0
64 0.0 0.8163265306122449 13.0 1.975616669419904 49 40.0
65 0.0 0.6938775510204082 13.0 1.9706606509900537 49 34.0
66 0.0 0.7142857142857143 13.0 1.936491673103709 49 35.0
67 0.0 0.5918367346938774 13.0 1.9463466562055298 49 29.0
68 0.0 0.6734693877551021 13.0 1.9726014454483798 49 33.0
69 0.0 0.6734693877551021 13.0 1.9726014454483798 49 33.0
70 0.0 0.8163265306122449 13.0 1.975616669419904 49 40.0
71 0.0 0.7346938775510204 13.0 1.9554998317148315 49 36.0
72 0.0 0.6734693877551021 13.0 1.9936122481361238 49 33.0
73 0.0 0.6122448979591836 13.0 1.9452541236152607 49 30.0
74 0.0 0.7755102040816327 13.0 1.9923322401401935 49 38.0
75 0.0 0.7959183673469387 18.0 2.637704114035022 49 39.0
76 0.0 0.7551020408163267 13.0 2.0055195944037583 49 37.0
77 0.0 0.8163265306122449 13.0 1.9544124158315361 49 40.0
78 0.0 0.7142857142857142 13.0 1.9364916731037087 49 35.0
79 0.0 0.6938775510204082 13.0 1.938685998649741 49 34.0
80 0.0 0.7142857142857143 13.0 2.0 49 35.0
81 0.0 0.7142857142857142 13.0 1.968501968502953 49 35.0
82 0.0 0.8367346938775512 13.0 1.9931856701386994 49 41.0
83 0.0 0.7551020408163267 13.0 1.952889016356045 49 37.0
84 0.0 0.693877551020408 13.0 2.002124721729529 49 34.0
85 0.0 0.653061224489796 13.0 1.9637445141888492 49 32.0
86 0.0 0.673469387755102 13.0 1.9936122481361238 49 33.0
87 0.0 0.7142857142857142 13.0 1.9364916731037085 49 35.0
88 0.0 0.8367346938775512 13.0 1.9186251455090413 49 41.0
89 0.0 0.7346938775510204 13.0 1.997660195955108 49 36.0
90 0.0 0.6734693877551021 13.0 1.9726014454483798 49 33.0
91 0.0 0.7551020408163266 13.0 1.995104552867029 49 37.0
92 0.0 0.8367346938775512 13.0 1.9509286119639515 49 41.0
93 0.0 0.7346938775510204 12.0 1.8683271283432674 49 36.0
94 0.0 0.7142857142857142 13.0 1.9685019685029528 49 35.0
95 0.0 0.7959183673469387 13.0 1.9682859700419406 49 39.0
96 0.0 0.7346938775510204 13.0 1.9976601959551081 49 36.0
97 0.0 0.673469387755102 13.0 1.9298937265866143 49 33.0
98 0.0 0.7959183673469387 13.0 1.9470018814912866 49 39.0
99 0.0 0.6530612244897959 13.0 1.9743249944407493 49 32.0
100 0.0 0.7755102040816327 17.0 2.5270643881327417 49 38.0
101 0.0 0.8367346938775511 13.0 1.9615782206290566 49 41.0
102 0.0 0.7142857142857142 13.0 2.0 49 35.0
103 0.0 0.673469387755102 14.0 2.105427065764023 49 33.0
104 0.0 0.7346938775510204 13.0 1.997660195955108 49 36.0
105 0.0 0.7346938775510204 14.0 2.0894128980417923 49 36.0
106 0.0 0.7551020408163266 14.0 2.1265250629930073 49 37.0
107 0.0 0.6326530612244898 14.0 2.098549871846236 49 31.0
108 0.0 0.8367346938775512 15.0 2.2112113834531795 49 41.0
109 0.0 0.6326530612244898 14.0 2.078600065258471 49 31.0
110 0.0 0.693877551020408 14.0 2.093681781303105 49 34.0
111 0.0 0.8163265306122449 15.0 2.1953878680443832 49 40.0
112 0.0 0.7346938775510204 14.0 2.1092604371761996 49 36.0
113 0.0 0.653061224489796 14.0 2.057010577757635 49 32.0
114 0.0 0.8571428571428572 15.0 2.1984843263788196 49 42.0
115 0.0 0.7142857142857143 15.0 2.188987589427283 49 35.0
116 0.0 0.673469387755102 14.0 2.105427065764023 49 33.0
117 0.0 0.7142857142857142 14.0 2.0716338157760092 49 35.0
118 0.0 0.7755102040816327 15.0 2.229212362046748 49 38.0
119 0.0 0.7142857142857142 15.0 2.207940216581962 49 35.0
120 0.0 0.7755102040816327 14.0 2.0942909114468096 49 38.0
121 0.0 0.7142857142857142 15.0 2.207940216581962 49 35.0
122 0.0 0.7755102040816328 15.0 2.229212362046748 49 38.0
123 0.0 0.6938775510204082 14.0 2.083707449402117 49 34.0
124 0.0 0.7755102040816327 15.0 2.229212362046748 49 38.0
125 0.0 0.6938775510204082 14.0 2.083707449402117 49 34.0
126 0.0 0.7346938775510206 14.0 2.119114498677077 49 36.0
127 0.0 0.8163265306122449 15.0 2.214285714285714 49 40.0
128 0.0 0.8775510204081632 19.0 2.7434213209453775 49 43.0
129 0.0 0.6938775510204082 15.0 2.209865018810095 49 34.0
130 0.0 0.7551020408163266 15.0 2.203506790747591 49 37.0
131 0.0 0.7142857142857142 15.0 2.207940216581962 49 35.0
132 0.0 0.7755102040816327 15.0 2.229212362046748 49 38.0
133 0.0 0.693877551020408 15.0 2.209865018810095 49 34.0
134 0.0 0.8367346938775512 15.0 2.220613079529973 49 41.0
135 0.0 0.653061224489796 15.0 2.203699733858222 49 32.0
136 0.0 0.7755102040816328 15.0 2.219847086723627 49 38.0
137 0.0 0.7346938775510204 15.0 2.1963559802173998 49 36.0
138 0.0 0.6734693877551021 15.0 2.23967775864856 49 33.0
139 0.0 0.7346938775510204 14.0 2.0693750083467397 49 36.0
140 0.0 0.7346938775510204 15.0 2.2058209942113165 49 36.0
141 0.0 0.7142857142857142 15.0 2.207940216581962 49 35.0
142 0.0 0.8163265306122449 17.0 2.472123491620743 49 40.0
143 0.0 0.7755102040816328 15.0 2.2385384566204594 49 38.0
144 0.0 0.7959183673469387 15.0 2.198290925514018 49 39.0
145 0.0 0.653061224489796 15.0 2.203699733858222 49 32.0
146 0.0 0.8163265306122449 15.0 2.214285714285714 49 40.0
147 0.0 0.7551020408163266 14.0 2.0669080394486383 49 37.0
148 0.0 0.6938775510204082 14.0 2.1036088201058694 49 34.0
149 0.0 0.8163265306122449 15.0 2.223674412128822 49 40.0
150 0.0 0.7346938775510206 15.0 2.1963559802173993 49 36.0
151 0.0 0.6326530612244898 14.0 2.098549871846236 49 31.0
152 0.0 0.6938775510204082 14.0 2.083707449402117 49 34.0
153 0.0 0.7346938775510204 14.0 2.0993601227921963 49 36.0
154 0.0 0.7346938775510204 14.0 2.0993601227921967 49 36.0
155 0.0 0.653061224489796 14.0 2.077167747279967 49 32.0
156 0.0 0.7959183673469387 15.0 2.198290925514018 49 39.0
157 0.0 0.7346938775510204 14.0 2.1092604371761996 49 36.0
158 0.0 0.7551020408163267 14.0 2.1265250629930073 49 37.0
159 0.0 0.7346938775510204 14.0 2.0894128980417923 49 36.0
160 0.0 0.693877551020408 14.0 2.073685141970017 49 34.0
161 0.0 0.7959183673469387 14.0 2.0914467862854993 49 39.0
162 0.0 0.7755102040816327 14.0 2.064232162759003 49 38.0
163 0.0 0.7346938775510204 14.0 2.0693750083467393 49 36.0
164 0.0 0.7142857142857142 14.0 2.101586702153082 49 35.0
165 0.0 0.6326530612244898 14.0 2.078600065258471 49 31.0
166 0.0 0.8979591836734693 14.0 2.0740951637519722 49 44.0
167 0.0 0.7142857142857142 14.0 2.0716338157760092 49 35.0
168 0.0 0.8163265306122449 14.0 2.0883952111186064 49 40.0
169 0.0 0.653061224489796 14.0 2.077167747279967 49 32.0
170 0.0 0.7551020408163267 14.0 2.0969284307141756 49 37.0
171 0.0 0.6938775510204082 14.0 2.073685141970017 49 34.0
172 0.0 0.7959183673469387 14.0 2.0914467862854997 49 39.0
173 0.0 0.7959183673469387 15.0 2.188793349434937 49 39.0
174 0.0 0.7142857142857143 15.0 2.207940216581962 49 35.0
175 0.0 0.653061224489796 14.0 2.077167747279967 49 32.0
176 0.0 0.8775510204081632 14.0 2.0476882601813093 49 43.0
177 0.0 0.7755102040816327 15.0 2.2198470867236275 49 38.0
178 0.0 2.7959183673469363 108.0 15.497284159701357 49 137.0
179 0.0 0.6734693877551021 14.0 2.075529602114049 49 33.0
180 0.0 0.8163265306122449 14.0 2.0379060882410145 49 40.0
181 0.0 0.6938775510204082 14.0 2.043323290139671 49 34.0
182 0.0 0.673469387755102 15.0 2.202155715638286 49 33.0
183 0.0 0.7346938775510204 15.0 2.1773025188299857 49 36.0
184 0.0 0.7959183673469387 15.0 2.1982909255140175 49 39.0
185 0.0 0.6326530612244898 15.0 2.1860721773596254 49 31.0
186 0.0 0.7551020408163266 15.0 2.184515699997923 49 37.0
187 0.0 0.693877551020408 15.0 2.2004174001070513 49 34.0
188 0.0 0.7551020408163266 14.0 2.0466498259849146 49 37.0
189 0.0 0.7142857142857142 15.0 2.188987589427283 49 35.0
190 0.0 0.7346938775510204 15.0 2.1963559802173993 49 36.0
191 0.0 0.7551020408163267 15.0 2.203506790747591 49 37.0
192 0.0 0.7551020408163266 15.0 2.203506790747591 49 37.0
193 0.0 0.7551020408163266 15.0 2.174957971288353 49 37.0
194 0.0 0.7755102040816327 14.0 2.0541148349354867 49 38.0
195 0.0 0.7142857142857142 14.0 2.0716338157760092 49 35.0
196 0.0 0.6734693877551021 14.0 2.045195132316646 49 33.0
197 0.0 0.6734693877551021 15.0 2.183152872014472 49 33.0
198 0.0 0.7755102040816327 15.0 2.1915111426674003 49 38.0
199 0.0 0.6734693877551021 15.0 2.192674879970057 49 33.0
200 0.0 0.7755102040816327 15.0 2.2009969911615146 49 38.0
201 0.0 0.7142857142857142 15.0 2.188987589427283 49 35.0
202 0.0 0.7755102040816328 15.0 2.1819840562590525 49 38.0
203 0.0 0.653061224489796 15.0 2.1847103203110168 49 32.0
204 0.0 0.7346938775510204 15.0 2.1773025188299857 49 36.0
205 0.0 0.7551020408163266 15.0 2.1940317933439526 49 37.0
206 0.0 0.6734693877551021 14.0 2.045195132316646 49 33.0
207 0.0 0.7551020408163266 14.0 2.0364451486689776 49 37.0
208 0.0 0.6734693877551021 15.0 2.192674879970057 49 33.0
209 0.0 0.7142857142857143 15.0 2.217355782608345 49 35.0
210 0.0 0.7755102040816328 15.0 2.1724151893922214 49 38.0
211 0.0 0.7346938775510204 15.0 2.1773025188299857 49 36.0
212 0.0 0.6734693877551021 15.0 2.192674879970057 49 33.0
213 0.0 0.8163265306122449 15.0 2.185877678299908 49 40.0
214 0.0 0.7346938775510204 15.0 2.1868500006104825 49 36.0
215 0.0 0.6734693877551021 15.0 2.1926748799700566 49 33.0
216 0.0 0.7959183673469387 14.0 2.0512150041371275 49 39.0
217 0.0 0.5714285714285715 14.0 2.0514222708485295 49 28.0
218 0.0 0.7142857142857142 14.0 2.041241452319315 49 35.0
219 0.0 0.7755102040816327 14.0 2.0541148349354867 49 38.0
220 0.0 0.7142857142857142 15.0 2.188987589427283 49 35.0
221 0.0 0.6326530612244898 14.0 2.0483110680002974 49 31.0
222 0.0 0.7346938775510204 14.0 2.0993601227921967 49 36.0
223 0.0 0.7551020408163266 15.0 2.1940317933439526 49 37.0
224 0.0 0.7755102040816328 14.0 2.0439474280018493 49 38.0
225 0.0 0.6938775510204082 15.0 2.2004174001070513 49 34.0
226 0.0 0.653061224489796 14.0 2.057010577757635 49 32.0
227 0.0 0.7959183673469387 15.0 2.1792543816323837 49 39.0
228 0.0 0.6122448979591836 14.0 2.0697858839605066 49 30.0
229 0.0 0.693877551020408 15.0 2.1909290422163856 49 34.0
230 0.0 0.6326530612244898 14.0 2.058456921569938 49 31.0
231 0.0 0.8571428571428572 14.0 2.0514222708485286 49 42.0
232 0.0 0.7142857142857142 15.0 2.19848432637882 49 35.0
233 0.0 0.7142857142857142 15.0 2.188987589427283 49 35.0
234 0.0 0.8979591836734693 14.0 2.0640261823999846 49 44.0
235 0.0 0.7142857142857142 15.0 2.19848432637882 49 35.0
236 0.0 0.8367346938775512 15.0 2.2112113834531795 49 41.0
237 0.0 0.7551020408163266 14.0 2.0466498259849146 49 37.0
238 0.0 0.693877551020408 14.0 2.0534937873521497 49 34.0
239 0.0 0.6734693877551021 15.0 2.211595908520595 49 33.0
240 0.0 0.8367346938775512 15.0 2.2112113834531795 49 41.0
241 0.0 0.8775510204081632 15.0 2.223291976076097 49 43.0
242 0.0 0.7346938775510204 15.0 2.224630214628205 49 36.0
243 0.0 0.7959183673469387 15.0 2.198290925514018 49 39.0
244 0.0 0.7346938775510204 14.0 2.0993601227921967 49 36.0
245 0.0 0.693877551020408 14.0 2.1233236685349084 49 34.0
246 0.0 0.7551020408163266 14.0 2.0769630497926728 49 37.0
247 0.0 0.7142857142857142 14.0 2.091650066335189 49 35.0
248 0.0 0.7142857142857143 14.0 2.0916500663351894 49 35.0
249 0.0 0.7755102040816328 14.0 2.074300144249953 49 38.0
250 0.0 0.7755102040816327 15.0 2.25707504418928 49 38.0
251 0.0 0.7755102040816328 15.0 2.229212362046748 49 38.0
252 0.0 0.7142857142857143 15.0 2.207940216581962 49 35.0
253 0.0 0.7551020408163266 15.0 2.2223355980148636 49 37.0
254 0.0 0.7959183673469387 15.0 2.2636584680255862 49 39.0
255 0.0 0.7142857142857143 15.0 2.217355782608345 49 35.0
256 0.0 0.7959183673469387 15.0 2.2171640278812506 49 39.0
257 0.0 0.7959183673469387 15.0 2.2265405887154355 49 39.0
258 0.0 0.7755102040816328 15.0 2.2104421326442156 49 38.0
259 0.0 0.6326530612244898 15.0 2.214477718250029 49 31.0
260 0.0 0.7346938775510206 15.0 2.224630214628205 49 36.0
261 0.0 0.7551020408163266 15.0 2.2223355980148636 49 37.0
262 0.0 0.7959183673469387 15.0 2.207747644062596 49 39.0
263 0.0 0.6326530612244898 15.0 2.2332140286947837 49 31.0
264 0.0 0.7959183673469387 15.0 2.2171640278812506 49 39.0
265 0.0 0.693877551020408 15.0 2.228640108831813 49 34.0
266 0.0 0.8163265306122449 15.0 2.214285714285714 49 40.0
267 0.0 0.7551020408163266 15.0 2.2223355980148636 49 37.0
268 0.0 0.7551020408163266 15.0 2.2502834288604805 49 37.0
269 0.0 0.7755102040816327 15.0 2.2198470867236275 49 38.0
270 0.0 0.7346938775510204 15.0 2.2152455676899723 49 36.0
271 0.0 0.7551020408163266 14.0 2.0769630497926728 49 37.0
272 0.0 0.8367346938775512 15.0 2.2670367845081216 49 41.0
273 0.0 0.7142857142857142 15.0 2.207940216581962 49 35.0
274 0.0 0.7551020408163266 15.0 2.2129412200818654 49 37.0
275 0.0 0.7551020408163266 15.0 2.203506790747591 49 37.0
276 0.0 0.7551020408163266 14.0 2.0669080394486383 49 37.0
277 0.0 0.6938775510204082 14.0 2.083707449402117 49 34.0
278 0.0 0.7755102040816327 15.0 2.2104421326442156 49 38.0
279 0.0 0.7755102040816327 14.0 2.0843194944878394 49 38.0
280 0.0 0.7959183673469387 15.0 2.2077476440625965 49 39.0
281 0.0 0.693877551020408 14.0 2.073685141970017 49 34.0
282 0.0 0.7755102040816328 15.0 2.2198470867236275 49 38.0
283 0.0 0.6938775510204082 14.0 2.083707449402117 49 34.0
284 0.0 0.7755102040816328 14.0 2.1140926552783923 49 38.0
285 0.0 0.7959183673469387 15.0 2.2171640278812506 49 39.0
286 0.0 0.7346938775510204 14.0 2.079418089715662 49 36.0
287 0.0 0.7959183673469387 15.0 2.198290925514018 49 39.0
288 0.0 0.6938775510204082 14.0 2.1134892322162124 49 34.0
289 0.0 0.7959183673469387 14.0 2.0714285714285707 49 39.0
290 0.0 0.7959183673469387 14.0 2.0613465647153912 49 39.0
291 0.0 0.7551020408163266 14.0 2.0769630497926728 49 37.0
292 0.0 0.7551020408163266 14.0 2.0769630497926728 49 37.0
293 0.0 0.7346938775510204 14.0 2.079418089715662 49 36.0
294 0.0 0.7142857142857142 14.0 2.0916500663351894 49 35.0
295 0.0 0.6734693877551021 14.0 2.085543045808062 49 33.0
296 0.0 0.8163265306122449 14.0 2.0883952111186064 49 40.0
297 0.0 0.7142857142857143 15.0 2.23606797749979 49 35.0
298 0.0 0.7755102040816327 15.0 2.200996991161515 49 38.0
299 0.0 0.8163265306122449 15.0 2.204857037955778 49 40.0
300 0.0 0.7142857142857142 15.0 2.2267315359812314 49 35.0
301 0.0 0.7346938775510204 15.0 2.2152455676899723 49 36.0
302 0.0 0.8367346938775512 15.0 2.2017695419017533 49 41.0
303 0.0 0.7755102040816327 15.0 2.2385384566204594 49 38.0
304 0.0 0.8163265306122449 15.0 2.214285714285714 49 40.0
305 0.0 0.7755102040816327 15.0 2.2104421326442156 49 38.0
306 0.0 0.8571428571428572 15.0 2.226731535981231 49 42.0
307 0.0 0.7346938775510206 15.0 2.224630214628205 49 36.0
308 0.0 0.7142857142857143 15.0 2.207940216581962 49 35.0
309 0.0 0.816326530612245 15.0 2.2330236357511146 49 40.0
310 0.0 0.7551020408163266 15.0 2.203506790747591 49 37.0
311 0.0 0.7346938775510204 15.0 2.2058209942113165 49 36.0
312 0.0 0.8163265306122449 15.0 2.223674412128822 49 40.0
313 0.0 0.7551020408163265 15.0 2.2223355980148636 49 37.0
314 0.0 0.7959183673469387 15.0 2.207747644062596 49 39.0
315 0.0 0.8367346938775512 15.0 2.220613079529973 49 41.0
316 0.0 0.7755102040816328 15.0 2.2104421326442156 49 38.0
317 0.0 0.7959183673469387 15.0 2.2358778275800186 49 39.0
318 0.0 0.8163265306122449 15.0 2.223674412128822 49 40.0
319 0.0 0.7551020408163266 15.0 2.2223355980148636 49 37.0
320 0.0 0.8163265306122449 15.0 2.260839348079188 49 40.0
321 0.0 0.7346938775510204 15.0 2.224630214628205 49 36.0
322 0.0 0.7346938775510204 15.0 2.2152455676899723 49 36.0
323 0.0 0.8367346938775511 15.0 2.2112113834531795 49 41.0
324 0.0 0.7551020408163266 15.0 2.203506790747591 49 37.0
325 0.0 0.6734693877551021 15.0 2.2209959768652676 49 33.0
326 0.0 0.8571428571428571 15.0 2.226731535981231 49 42.0
327 0.0 0.7551020408163266 15.0 2.2129412200818654 49 37.0
328 0.0 0.7551020408163266 15.0 2.203506790747591 49 37.0
329 0.0 0.7346938775510204 15.0 2.2152455676899723 49 36.0
330 0.0 0.8163265306122449 15.0 2.214285714285714 49 40.0
331 0.0 0.7959183673469387 15.0 2.2544362916696663 49 39.0
332 0.0 0.7755102040816327 15.0 2.2198470867236275 49 38.0
333 0.0 0.8571428571428572 15.0 2.207940216581962 49 42.0
334 0.0 0.8163265306122449 15.0 2.223674412128822 49 40.0
335 0.0 0.7959183673469387 15.0 2.2171640278812506 49 39.0
336 0.0 0.8163265306122449 15.0 2.204857037955778 49 40.0
337 0.0 0.7142857142857142 14.0 2.101586702153082 49 35.0
338 0.0 0.6938775510204082 15.0 2.2192724186154367 49 34.0
339 0.0 0.7551020408163266 14.0 2.0769630497926728 49 37.0
340 0.0 0.8367346938775512 15.0 2.239298055711415 49 41.0
341 0.0 0.7346938775510204 15.0 2.252549575888782 49 36.0
342 0.0 0.8571428571428572 14.0 2.1015867021530816 49 42.0
343 0.0 0.7346938775510204 15.0 2.23397543820504 49 36.0
344 0.0 0.8367346938775511 14.0 2.0650558787386175 49 41.0
345 0.0 0.7551020408163266 15.0 2.259522555070152 49 37.0
346 0.0 0.7551020408163267 14.0 2.1362994898197396 49 37.0
347 0.0 0.8163265306122449 15.0 2.2516056251387497 49 40.0
348 0.0 0.7755102040816327 14.0 2.104215076563082 49 38.0
349 0.0 0.8367346938775512 14.0 2.1247248721453142 49 41.0
350 0.0 0.7346938775510204 14.0 2.079418089715662 49 36.0
351 0.0 0.7959183673469387 14.0 2.0814617443511367 49 39.0
352 0.0 0.7142857142857142 14.0 2.081665999466133 49 35.0
353 0.0 0.8367346938775512 15.0 2.2017695419017533 49 41.0
354 0.0 0.7959183673469387 14.0 2.061346564715391 49 39.0
355 0.0 0.6734693877551021 14.0 2.0855430458080626 49 33.0
356 0.0 0.7755102040816327 14.0 2.0843194944878394 49 38.0
357 0.0 0.8367346938775512 14.0 2.0650558787386175 49 41.0
358 0.0 0.6734693877551021 15.0 2.211595908520595 49 33.0
359 0.0 0.6938775510204082 15.0 2.2379685881085423 49 34.0
360 0.0 0.816326530612245 15.0 2.204857037955778 49 40.0
361 0.0 0.8163265306122449 15.0 2.214285714285714 49 40.0
362 0.0 0.8571428571428572 15.0 2.226731535981231 49 42.0
363 0.0 0.7346938775510204 15.0 2.2152455676899723 49 36.0
364 0.0 0.7755102040816327 15.0 2.2104421326442156 49 38.0
365 0.0 0.8163265306122449 15.0 2.25160562513875 49 40.0
366 0.0 0.7755102040816328 15.0 2.2104421326442156 49 38.0
367 0.0 0.7142857142857142 15.0 2.2267315359812314 49 35.0
368 0.0 0.8571428571428572 16.0 2.336307628146031 49 42.0
369 0.0 0.8367346938775512 15.0 2.2299751378986845 49 41.0
370 0.0 0.7142857142857143 15.0 2.254624876411447 49 35.0
371 0.0 0.7959183673469387 16.0 2.3361256372886454 49 39.0
372 0.0 0.7755102040816327 15.0 2.2104421326442156 49 38.0
373 0.0 0.6938775510204082 15.0 2.2192724186154367 49 34.0
374 0.0 0.8571428571428572 16.0 2.3804761428476167 49 42.0
375 0.0 0.7551020408163267 15.0 2.203506790747591 49 37.0
376 0.0 0.6938775510204082 16.0 2.3647064796066926 49 34.0
377 0.0 0.7551020408163266 15.0 2.2316904303399134 49 37.0
378 0.0 0.8571428571428572 15.0 2.1984843263788196 49 42.0
379 0.0 0.7755102040816328 15.0 2.200996991161515 49 38.0
380 0.0 0.8163265306122449 15.0 2.204857037955778 49 40.0
381 0.0 0.7959183673469387 15.0 2.207747644062596 49 39.0
382 0.0 0.7346938775510204 16.0 2.395964577889956 49 36.0
383 0.0 0.7959183673469387 15.0 2.2265405887154355 49 39.0
384 0.0 0.7551020408163266 15.0 2.2223355980148636 49 37.0
385 0.0 0.8367346938775512 15.0 2.2017695419017533 49 41.0
386 0.0 0.6734693877551021 15.0 2.2674118422961977 49 33.0
387 0.0 0.8163265306122449 15.0 2.204857037955778 49 40.0
388 0.0 0.8571428571428572 15.0 2.1984843263788196 49 42.0
389 0.0 0.6326530612244898 15.0 2.233214028694784 49 31.0
390 0.0 0.7755102040816328 15.0 2.25707504418928 49 38.0
391 0.0 0.7959183673469387 16.0 2.3450265797777106 49 39.0
392 0.0 0.7959183673469387 15.0 2.2171640278812506 49 39.0
393 0.0 0.6938775510204082 15.0 2.2192724186154362 49 34.0
394 0.0 0.8163265306122449 15.0 2.214285714285714 49 40.0
395 0.0 0.7142857142857143 16.0 2.354074481970922 49 35.0
396 0.0 0.7142857142857142 14.0 2.081665999466133 49 35.0
397 0.0 0.653061224489796 14.0 2.126724990137057 49 32.0
398 0.0 0.8571428571428572 15.0 2.217355782608345 49 42.0
399 0.0 0.7551020408163266 14.0 2.086969615703772 49 37.0
400 0.0 0.8571428571428572 15.0 2.207940216581962 49 42.0
401 0.0 0.7142857142857142 14.0 2.091650066335189 49 35.0
402 0.0 0.7346938775510204 15.0 2.2152455676899723 49 36.0
403 0.0 0.7142857142857143 14.0 2.0716338157760092 49 35.0
404 0.0 0.7346938775510204 14.0 2.0794180897156624 49 36.0
405 0.0 0.8163265306122449 14.0 2.0783955088376374 49 40.0
406 0.0 0.7142857142857142 14.0 2.081665999466133 49 35.0
407 0.0 0.7551020408163266 15.0 2.2129412200818654 49 37.0
408 0.0 0.8979591836734693 14.0 2.1138915333966373 49 44.0
409 0.0 0.6122448979591836 14.0 2.0798269812916756 49 30.0
410 0.0 0.7959183673469387 15.0 2.207747644062596 49 39.0
411 0.0 0.7755102040816327 14.0 2.0843194944878394 49 38.0
412 0.0 0.693877551020408 14.0 2.1134892322162124 49 34.0
413 0.0 0.7755102040816327 14.0 2.0942909114468096 49 38.0
414 0.0 0.8163265306122449 15.0 2.223674412128822 49 40.0
415 0.0 0.7346938775510204 15.0 2.2058209942113165 49 36.0
416 0.0 0.8163265306122449 15.0 2.25160562513875 49 40.0
417 0.0 0.6734693877551021 14.0 2.0855430458080626 49 33.0
418 0.0 0.7346938775510204 14.0 2.0993601227921967 49 36.0
419 0.0 0.7755102040816327 14.0 2.074300144249953 49 38.0
420 0.0 0.7755102040816327 14.0 2.0843194944878394 49 38.0
421 0.0 0.7755102040816327 14.0 2.074300144249953 49 38.0
422 0.0 0.7346938775510204 16.0 2.343212806917758 49 36.0
423 0.0 0.8775510204081631 15.0 2.241954625815984 49 43.0
424 0.0 0.6122448979591837 15.0 2.225012420663948 49 30.0
425 0.0 0.7755102040816327 15.0 2.229212362046748 49 38.0
426 0.0 0.7755102040816327 15.0 2.2198470867236275 49 38.0
427 0.0 0.7346938775510204 15.0 2.2152455676899723 49 36.0
428 0.0 0.7551020408163266 15.0 2.203506790747591 49 37.0
429 0.0 0.8367346938775512 15.0 2.2112113834531795 49 41.0
430 0.0 0.8367346938775512 16.0 2.3835105304947986 49 41.0
431 0.0 0.6734693877551021 15.0 2.211595908520595 49 33.0
432 0.0 0.7142857142857143 15.0 2.2267315359812314 49 35.0
433 0.0 0.7755102040816327 15.0 2.2104421326442156 49 38.0
434 0.0 0.8367346938775512 15.0 2.239298055711415 49 41.0
435 0.0 0.7755102040816327 16.0 2.36524581282835 49 38.0
436 0.0 0.7142857142857142 15.0 2.217355782608345 49 35.0
437 0.0 0.8163265306122449 15.0 2.214285714285714 49 40.0
438 0.0 0.653061224489796 15.0 2.2131333406899514 49 32.0
439 0.0 0.7755102040816327 16.0 2.356421245965028 49 38.0
440 0.0 0.7755102040816328 15.0 2.200996991161515 49 38.0
441 0.0 0.7755102040816328 15.0 2.2478258581205472 49 38.0
442 0.0 0.7142857142857143 16.0 2.380476142847616 49 35.0
443 0.0 0.7959183673469387 15.0 2.207747644062596 49 39.0
444 0.0 0.6938775510204082 15.0 2.209865018810095 49 34.0
445 0.0 0.8367346938775512 15.0 2.2299751378986845 49 41.0
446 0.0 0.8163265306122449 15.0 2.214285714285714 49 40.0
447 0.0 0.7551020408163266 16.0 2.3499167737469806 49 37.0
448 0.0 0.8163265306122449 15.0 2.25160562513875 49 40.0
449 0.0 0.7551020408163267 16.0 2.3675815037440104 49 37.0
450 0.0 0.8571428571428572 15.0 2.207940216581962 49 42.0
451 0.0 0.7142857142857142 16.0 2.3452078799117144 49 35.0
452 0.0 0.7346938775510204 15.0 2.23397543820504 49 36.0
453 0.0 0.7346938775510204 15.0 2.224630214628205 49 36.0
454 0.0 0.7755102040816328 15.0 2.200996991161515 49 38.0
455 0.0 0.8163265306122449 16.0 2.3863629001382978 49 40.0
456 0.0 0.7142857142857143 15.0 2.217355782608345 49 35.0
457 0.0 0.8571428571428572 15.0 2.217355782608345 49 42.0
458 0.0 0.6938775510204082 14.0 2.083707449402117 49 34.0
459 0.0 0.8163265306122449 15.0 2.214285714285714 49 40.0
460 0.0 0.7142857142857142 14.0 2.081665999466133 49 35.0
461 0.0 0.7346938775510204 14.0 2.1092604371762 49 36.0
462 0.0 0.7551020408163266 13.0 1.984634855635686 49 37.0
463 0.0 0.8571428571428572 13.0 1.9257033347152235 49 42.0
464 0.0 0.8163265306122449 13.0 1.9329755709328373 49 40.0
465 0.0 0.653061224489796 13.0 1.984849074952585 49 32.0
466 0.0 0.7142857142857142 14.0 2.1114765765533217 49 35.0
467 0.0 0.8775510204081632 14.0 2.0679363008124043 49 43.0
468 0.0 0.7346938775510204 14.0 2.1092604371762 49 36.0
469 0.0 0.8367346938775512 14.0 2.1635901758372795 49 41.0
470 0.0 0.7551020408163266 14.0 2.0869696157037714 49 37.0
471 0.0 0.8571428571428572 14.0 2.0816659994661326 49 42.0
472 0.0 0.7959183673469387 14.0 2.1211199069981745 49 39.0
473 0.0 0.653061224489796 13.0 1.953106717601507 49 32.0
474 0.0 0.7551020408163266 13.0 1.9421917628126772 49 37.0
475 0.0 0.7142857142857142 14.0 2.081665999466133 49 35.0
476 0.0 0.7755102040816327 14.0 2.074300144249953 49 38.0
477 0.0 0.7959183673469387 14.0 2.0814617443511367 49 39.0
478 0.0 0.7142857142857143 14.0 2.081665999466133 49 35.0
479 0.0 0.7551020408163266 14.0 2.106840171964661 49 37.0
480 0.0 0.7346938775510204 13.0 1.944816938729727 49 36.0
481 0.0 0.7551020408163266 14.0 2.1068401719646603 49 37.0
482 0.0 0.7755102040816328 14.0 2.114092655278392 49 38.0
483 0.0 0.7755102040816327 13.0 1.9607110330444009 49 38.0
484 0.0 0.7959183673469387 13.0 1.957672851422647 49 39.0
485 0.0 0.7755102040816327 14.0 2.1239242975606993 49 38.0
486 0.0 0.6938775510204082 13.0 1.9600603905731773 49 34.0
487 0.0 0.7142857142857142 13.0 1.947220240924654 49 35.0
488 0.0 0.7959183673469387 14.0 2.1112752054616846 49 39.0
489 0.0 0.8367346938775512 14.0 2.1247248721453142 49 41.0
490 0.0 0.8163265306122449 15.0 2.223674412128822 49 40.0
491 0.0 0.7346938775510204 15.0 2.252549575888782 49 36.0
492 0.0 0.7142857142857143 15.0 2.23606797749979 49 35.0
493 0.0 0.8571428571428572 15.0 2.207940216581962 49 42.0
494 0.0 0.8163265306122449 15.0 2.233023635751115 49 40.0
495 0.0 0.7142857142857142 15.0 2.217355782608345 49 35.0
496 0.0 0.7959183673469387 15.0 2.2265405887154355 49 39.0
497 0.0 0.8367346938775511 15.0 2.2112113834531795 49 41.0
498 0.0 0.8163265306122449 15.0 2.260839348079188 49 40.0
499 0.0 0.7755102040816328 15.0 2.2198470867236275 49 38.0
500 0.0 0.8571428571428572 15.0 2.226731535981231 49 42.0
501 0.0 0.7551020408163266 15.0 2.241006212293356 49 37.0
502 0.0 0.8163265306122449 15.0 2.223674412128822 49 40.0
503 0.0 0.7755102040816327 15.0 2.2198470867236275 49 38.0
504 0.0 0.7142857142857142 15.0 2.207940216581962 49 35.0
505 0.0 0.7551020408163266 15.0 2.2129412200818654 49 37.0
506 0.0 0.8367346938775512 15.0 2.2017695419017533 49 41.0
507 0.0 0.7959183673469387 15.0 2.2358778275800186 49 39.0
508 0.0 0.8367346938775512 15.0 2.239298055711415 49 41.0
509 0.0 0.8367346938775511 15.0 2.220613079529973 49 41.0
510 0.0 0.7551020408163266 15.0 2.268724056278642 49 37.0
511 0.0 0.8163265306122449 15.0 2.223674412128822 49 40.0
512 0.0 0.8571428571428572 15.0 2.254624876411447 49 42.0
513 0.0 0.7755102040816327 15.0 2.219847086723627 49 38.0
514 0.0 0.6938775510204082 15.0 2.256509856990187 49 34.0
515 0.0 0.8163265306122449 15.0 2.223674412128822 49 40.0
516 0.0 0.7959183673469387 14.0 2.111275205461684 49 39.0
517 0.0 0.6734693877551021 15.0 2.211595908520595 49 33.0
518 0.0 0.8163265306122449 15.0 2.270035511724386 49 40.0
519 0.0 0.8163265306122449 15.0 2.204857037955778 49 40.0
520 0.0 0.7959183673469387 15.0 2.281991015143854 49 39.0
521 0.0 0.7755102040816327 15.0 2.2104421326442156 49 38.0
522 0.0 0.6734693877551021 14.0 2.1349058829961813 49 33.0
523 0.0 0.8367346938775512 15.0 2.2112113834531795 49 41.0
524 0.0 0.7755102040816328 15.0 2.2478258581205472 49 38.0
525 0.0 0.7959183673469387 15.0 2.2265405887154355 49 39.0
526 0.0 0.8571428571428572 15.0 2.2453655975512468 49 42.0
527 0.0 0.7346938775510204 14.0 2.0993601227921967 49 36.0
528 0.0 0.8571428571428572 15.0 2.2453655975512468 49 42.0
529 0.0 0.6734693877551021 15.0 2.23967775864856 49 33.0
530 0.0 0.8571428571428572 15.0 2.2453655975512468 49 42.0
531 0.0 0.7142857142857142 15.0 2.2267315359812314 49 35.0
532 0.0 0.8163265306122449 15.0 2.204857037955778 49 40.0
533 0.0 0.8571428571428572 15.0 2.1984843263788196 49 42.0
534 0.0 0.6938775510204082 15.0 2.2192724186154367 49 34.0
535 0.0 0.8163265306122449 14.0 2.0783955088376374 49 40.0
536 0.0 0.7755102040816327 14.0 2.1042150765630816 49 38.0
537 0.0 0.7142857142857142 14.0 2.121320343559643 49 35.0
538 0.0 0.8163265306122449 14.0 2.0883952111186064 49 40.0
539 0.0 0.673469387755102 14.0 2.1349058829961813 49 33.0
540 0.0 0.7959183673469387 14.0 2.0914467862854993 49 39.0
541 0.0 0.7551020408163266 14.0 2.1167055007418365 49 37.0
542 0.0 0.7959183673469387 14.0 2.101384383336521 49 39.0
543 0.0 0.7346938775510204 15.0 2.252549575888782 49 36.0
544 0.0 0.7959183673469387 14.0 2.0714285714285707 49 39.0
545 0.0 0.7346938775510204 14.0 2.1092604371762 49 36.0
546 0.0 0.693877551020408 14.0 2.073685141970017 49 34.0
547 0.0 0.7346938775510204 14.0 2.0993601227921967 49 36.0
548 0.0 0.7755102040816327 14.0 2.0843194944878394 49 38.0
549 0.0 0.8367346938775511 15.0 2.2112113834531795 49 41.0
550 0.0 0.8163265306122449 14.0 2.118111082503259 49 40.0
551 0.0 0.7551020408163266 14.0 2.086969615703772 49 37.0
552 0.0 0.8367346938775512 14.0 2.1345075424977047 49 41.0
553 0.0 0.7551020408163266 14.0 2.0769630497926728 49 37.0
554 0.0 0.8979591836734693 15.0 2.2383485165703427 49 44.0
555 0.0 0.6326530612244898 14.0 2.098549871846236 49 31.0
556 0.0 0.8979591836734693 14.0 2.2383485165703427 49 44.0
557 0.0 0.8163265306122449 14.0 2.0683474622243225 49 40.0
558 0.0 0.8367346938775512 14.0 2.1148969515430904 49 41.0
559 0.0 0.6938775510204082 14.0 2.0936817813031046 49 34.0
560 0.0 0.7346938775510204 14.0 2.0794180897156624 49 36.0
561 0.0 0.8367346938775511 15.0 2.2762079098754553 49 41.0
562 0.0 0.7551020408163267 15.0 2.203506790747591 49 37.0
563 0.0 0.8163265306122449 15.0 2.242333878906037 49 40.0
564 0.0 0.8163265306122449 15.0 2.233023635751115 49 40.0
565 0.0 0.7755102040816327 15.0 2.2478258581205472 49 38.0
566 0.0 0.8367346938775512 15.0 2.2670367845081216 49 41.0
567 0.0 0.7346938775510204 14.0 2.0794180897156624 49 36.0
568 0.0 0.8163265306122449 15.0 2.260839348079188 49 40.0
569 0.0 0.8367346938775512 15.0 2.2112113834531795 49 41.0
570 0.0 0.7551020408163266 15.0 2.2129412200818654 49 37.0
571 0.0 0.8571428571428572 15.0 2.2453655975512468 49 42.0
572 0.0 0.8163265306122449 15.0 2.204857037955778 49 40.0
573 0.0 0.7959183673469387 15.0 2.2728432252424735 49 39.0
574 0.0 0.8775510204081631 15.0 2.2326428011553983 49 43.0
575 0.0 0.7755102040816327 15.0 2.219847086723627 49 38.0
576 0.0 0.8979591836734693 15.0 2.2476367029169375 49 44.0
577 0.0 0.7346938775510204 15.0 2.252549575888782 49 36.0
578 0.0 0.8367346938775512 15.0 2.2112113834531795 49 41.0
579 0.0 0.8571428571428572 15.0 2.2453655975512468 49 42.0
580 0.0 0.7755102040816327 15.0 2.25707504418928 49 38.0
581 0.0 0.8775510204081632 15.0 2.2139016564015868 49 43.0
582 0.0 0.9183673469387755 15.0 2.253115756512501 49 45.0
583 0.0 0.7959183673469387 15.0 2.2451762350716726 49 39.0
584 0.0 0.7755102040816328 15.0 2.2478258581205472 49 38.0
585 0.0 0.7346938775510204 15.0 2.280127099930338 49 36.0
586 0.0 0.8775510204081631 15.0 2.1854886282517443 49 43.0
587 0.0 0.7959183673469387 15.0 2.2728432252424735 49 39.0
588 0.0 0.9183673469387755 16.0 2.370273671733195 49 45.0
589 0.0 0.7755102040816328 16.0 2.3386722205349857 49 38.0
590 0.0 0.8775510204081632 15.0 2.241954625815984 49 43.0
591 0.0 0.7959183673469387 15.0 2.207747644062596 49 39.0
592 0.0 0.8571428571428572 15.0 2.254624876411447 49 42.0
593 0.0 0.8367346938775512 16.0 2.3747538361507976 49 41.0
594 0.0 0.8163265306122449 15.0 2.223674412128822 49 40.0
595 0.0 0.8163265306122449 16.0 2.3863629001382978 49 40.0
596 0.0 0.7346938775510204 15.0 2.252549575888782 49 36.0
597 0.0 0.7551020408163266 15.0 2.241006212293356 49 37.0
598 0.0 0.9387755102040817 16.0 2.3576839205855724 49 46.0
599 0.0 0.8163265306122449 15.0 2.223674412128822 49 40.0
600 0.0 0.7551020408163265 16.0 2.3499167737469806 49 37.0
601 0.0 0.7551020408163267 16.0 2.3938341999542807 49 37.0
602 0.0 0.8571428571428572 16.0 2.345207879911715 49 42.0
603 0.0 0.8367346938775511 15.0 2.2578284070420978 49 41.0
604 0.0 0.7142857142857143 15.0 2.254624876411447 49 35.0
605 0.0 0.7142857142857143 15.0 2.2453655975512468 49 35.0
606 0.0 0.9387755102040817 15.0 2.230547048608127 49 46.0
607 0.0 0.8775510204081631 16.0 2.3596667584394933 49 43.0
608 0.0 0.7755102040816327 15.0 2.219847086723627 49 38.0
609 0.0 0.8571428571428572 15.0 2.23606797749979 49 42.0
610 0.0 0.8367346938775512 15.0 2.2485823198138846 49 41.0
611 0.0 0.7755102040816327 15.0 2.2385384566204594 49 38.0
612 0.0 0.693877551020408 15.0 2.2472583447452608 49 34.0
613 0.0 0.8979591836734693 15.0 2.2290216272988443 49 44.0
614 0.0 0.8367346938775511 15.0 2.2112113834531795 49 41.0
615 0.0 0.8367346938775512 15.0 2.2670367845081216 49 41.0
616 0.0 0.8163265306122449 15.0 2.242333878906037 49 40.0
617 0.0 0.8163265306122449 15.0 2.223674412128822 49 40.0
618 0.0 0.7959183673469387 15.0 2.2451762350716726 49 39.0
619 0.0 0.8163265306122449 15.0 2.242333878906037 49 40.0
620 0.0 0.8163265306122449 15.0 2.233023635751115 49 40.0
621 0.0 0.8571428571428572 15.0 2.23606797749979 49 42.0
622 0.0 0.8979591836734693 15.0 2.2660988684593293 49 44.0
623 0.0 0.8775510204081632 15.0 2.1854886282517443 49 43.0
624 0.0 0.7551020408163266 15.0 2.259522555070152 49 37.0
625 0.0 0.8979591836734693 15.0 2.2383485165703427 49 44.0
626 0.0 0.8367346938775511 16.0 2.357142857142858 49 41.0
627 0.0 0.8571428571428572 16.0 2.345207879911715 49 42.0
628 0.0 0.9387755102040817 16.0 2.366503779007002 49 46.0
629 0.0 0.8367346938775512 16.0 2.3659647325449007 49 41.0
630 0.0 0.7551020408163266 15.0 2.2223355980148636 49 37.0
631 0.0 0.8979591836734693 15.0 2.229021627298844 49 44.0
632 0.0 0.7346938775510204 16.0 2.413292272360878 49 36.0
633 0.0 0.8367346938775512 15.0 2.2017695419017533 49 41.0
634 0.0 0.8979591836734693 16.0 2.3826184646936905 49 44.0
635 0.0 0.9387755102040817 16.0 2.375290888022157 49 46.0
636 0.0 0.6938775510204082 16.0 2.364706479606692 49 34.0
637 0.0 0.8979591836734693 16.0 2.3738584796976956 49 44.0
638 0.0 0.8367346938775511 16.0 2.3659647325449003 49 41.0
639 0.0 0.8367346938775512 16.0 2.3747538361507976 49 41.0
640 0.0 0.8367346938775511 16.0 2.3747538361507976 49 41.0
641 0.0 0.7959183673469387 16.0 2.406411503989003 49 39.0
642 0.0 0.8979591836734693 16.0 2.329564497561577 49 44.0
643 0.0 0.7959183673469387 16.0 2.3890339037354154 49 39.0
644 0.0 0.7959183673469387 16.0 2.3890339037354162 49 39.0
645 0.0 0.7551020408163266 16.0 2.367581503744011 49 37.0
646 0.0 0.8775510204081632 16.0 2.3419423301078566 49 43.0
647 0.0 0.8775510204081632 16.0 2.3684792330841775 49 43.0
648 0.0 0.7959183673469387 15.0 2.272843225242474 49 39.0
649 0.0 0.8571428571428572 15.0 2.1984843263788196 49 42.0
650 0.0 0.8367346938775511 16.0 2.3835105304947986 49 41.0
651 0.0 0.7755102040816327 16.0 2.382796904571469 49 38.0
652 0.0 0.8367346938775511 16.0 2.3482878406006638 49 41.0
653 0.0 0.8979591836734693 16.0 2.373858479697695 49 44.0
654 0.0 0.8571428571428572 16.0 2.3804761428476167 49 42.0
655 0.0 0.7959183673469387 16.0 2.353893864754869 49 39.0
656 0.0 0.8571428571428571 15.0 2.254624876411447 49 42.0
657 0.0 0.8979591836734693 15.0 2.247636702916937 49 44.0
658 0.0 0.7755102040816327 15.0 2.219847086723627 49 38.0
659 0.0 0.8163265306122449 15.0 2.270035511724386 49 40.0
660 0.0 0.8163265306122449 15.0 2.242333878906037 49 40.0
661 0.0 0.8775510204081632 15.0 2.2044713374301383 49 43.0
662 0.0 0.8367346938775511 16.0 2.357142857142858 49 41.0
663 0.0 0.7551020408163266 16.0 2.385115408152001 49 37.0
664 0.0 0.9387755102040817 16.0 2.34883094383591 49 46.0
665 0.0 0.7346938775510204 16.0 2.343212806917758 49 36.0
666 0.0 0.8775510204081632 16.0 2.3947220877485997 49 43.0
667 0.0 0.8367346938775511 16.0 2.3835105304947986 49 41.0
668 0.0 0.8979591836734693 16.0 2.356240808639754 49 44.0
669 0.0 0.8571428571428572 16.0 2.3892118644719083 49 42.0
670 0.0 0.7959183673469387 16.0 2.3890339037354162 49 39.0
671 0.0 0.7959183673469387 16.0 2.34502657977771 49 39.0
672 0.0 0.8571428571428572 16.0 2.3540744819709225 49 42.0
673 0.0 0.7959183673469387 15.0 2.272843225242474 49 39.0
674 0.0 0.8163265306122449 15.0 2.242333878906037 49 40.0
675 0.0 0.8775510204081632 16.0 2.3684792330841775 49 43.0
676 0.0 0.9387755102040817 16.0 2.3665037790070023 49 46.0
677 0.0 0.8367346938775511 16.0 2.3835105304947986 49 41.0
678 0.0 0.8775510204081632 16.0 2.350821248886797 49 43.0
679 0.0 0.7959183673469387 16.0 2.3890339037354154 49 39.0
680 0.0 0.7959183673469387 15.0 2.2636584680255862 49 39.0
681 0.0 0.9387755102040817 15.0 2.239867585979379 49 46.0
682 0.0 0.8775510204081632 16.0 2.3330296206615877 49 43.0
683 0.0 0.7959183673469387 16.0 2.389033903735416 49 39.0
684 0.0 0.8571428571428572 16.0 2.3804761428476167 49 42.0
685 0.0 0.7959183673469387 16.0 2.3715289709096843 49 39.0
686 0.0 0.8979591836734693 16.0 2.373858479697695 49 44.0
687 0.0 0.7959183673469387 15.0 2.2636584680255862 49 39.0
688 0.0 0.7551020408163266 15.0 2.241006212293356 49 37.0
689 0.0 0.9591836734693876 16.0 2.344845265625834 49 47.0
690 0.0 0.8979591836734693 16.0 2.382618464693691 49 44.0
691 0.0 0.8163265306122449 16.0 2.3863629001382978 49 40.0
692 0.0 0.8367346938775512 16.0 2.3747538361507976 49 41.0
693 0.0 0.7755102040816327 16.0 2.3475635075049 49 38.0
694 0.0 1.0 16.0 2.3804761428476167 49 49.0
695 0.0 0.8367346938775511 15.0 2.239298055711415 49 41.0
696 0.0 0.8367346938775512 15.0 2.2299751378986845 49 41.0
697 0.0 0.7959183673469387 16.0 2.3450265797777106 49 39.0
698 0.0 0.8775510204081632 15.0 2.241954625815984 49 43.0
699 0.0 0.6734693877551021 16.0 2.3925906034920317 49 33.0
700 0.0 0.9387755102040817 16.0 2.3399444728570855 49 46.0
701 0.0 0.7551020408163266 16.0 2.3675815037440113 49 37.0
702 0.0 0.8367346938775512 16.0 2.3747538361507976 49 41.0
703 0.0 0.9387755102040817 16.0 2.3840456097540907 49 46.0
704 0.0 0.8163265306122449 16.0 2.3600270954284546 49 40.0
705 0.0 0.7959183673469387 16.0 2.36272787116868 49 39.0
706 0.0 0.8571428571428572 15.0 2.23606797749979 49 42.0
707 0.0 0.8163265306122449 15.0 2.242333878906037 49 40.0
708 0.0 0.8163265306122449 16.0 2.377616711013321 49 40.0
709 0.0 0.8163265306122449 16.0 2.351182941518971 49 40.0
710 0.0 0.8163265306122449 16.0 2.351182941518971 49 40.0
711 0.0 0.8571428571428572 16.0 2.3717082451262845 49 42.0
712 0.0 0.8979591836734693 16.0 2.373858479697695 49 44.0
713 0.0 0.7959183673469387 16.0 2.3890339037354162 49 39.0
714 0.0 0.7959183673469387 15.0 2.2544362916696663 49 39.0
715 0.0 0.7755102040816327 16.0 2.374037578002654 49 38.0
716 0.0 0.8775510204081632 16.0 2.3684792330841775 49 43.0
717 0.0 0.8571428571428572 16.0 2.406588179698942 49 42.0
718 0.0 0.8367346938775511 16.0 2.3835105304947986 49 41.0
719 0.0 0.9183673469387755 16.0 2.3877878072066823 49 45.0
720 0.0 0.7551020408163266 16.0 2.3587656751369104 49 37.0
721 0.0 0.7959183673469387 16.0 2.3802975289930908 49 39.0
722 0.0 0.8163265306122449 16.0 2.3863629001382978 49 40.0
723 0.0 0.9183673469387755 16.0 2.3790468565327227 49 45.0
724 0.0 0.8367346938775512 16.0 2.357142857142858 49 41.0
725 0.0 0.8775510204081634 16.0 2.350821248886797 49 43.0
726 0.0 0.8571428571428572 16.0 2.3717082451262845 49 42.0
727 0.0 0.7346938775510204 16.0 2.3872535667240564 49 36.0
728 0.0 0.7959183673469387 15.0 2.2544362916696667 49 39.0
729 0.0 0.9795918367346939 16.0 2.3406711637046835 49 48.0
730 0.0 0.7142857142857142 15.0 2.254624876411447 49 35.0
731 0.0 0.7959183673469387 15.0 2.2636584680255862 49 39.0
732 0.0 0.8571428571428571 16.0 2.3717082451262845 49 42.0
733 0.0 0.7755102040816327 16.0 2.382796904571469 49 38.0
734 0.0 0.9183673469387755 16.0 2.3702736717331954 49 45.0
735 0.0 0.7551020408163266 16.0 2.349916773746981 49 37.0
736 0.0 0.7959183673469387 16.0 2.3890339037354162 49 39.0
737 0.0 0.8571428571428571 16.0 2.3717082451262845 49 42.0
738 0.0 0.8367346938775512 16.0 2.3922351714758863 49 41.0
739 0.0 0.8163265306122449 16.0 2.3863629001382978 49 40.0
740 0.0 0.7755102040816327 16.0 2.382796904571469 49 38.0
741 0.0 0.7551020408163266 16.0 2.3410344245377415 49 37.0
742 0.0 0.8775510204081632 16.0 2.3772590402010634 49 43.0
743 0.0 0.8775510204081632 16.0 2.3772590402010634 49 43.0
744 0.0 0.7551020408163266 16.0 2.4111772042311794 49 37.0
745 0.0 0.8775510204081632 16.0 2.3772590402010634 49 43.0
746 0.0 0.8775510204081634 16.0 2.3684792330841775 49 43.0
747 0.0 0.8367346938775512 16.0 2.3304768715822077 49 41.0
748 0.0 0.8367346938775512 16.0 2.4095896847761438 49 41.0
749 0.0 0.9387755102040817 16.0 2.3576839205855724 49 46.0
750 0.0 0.7959183673469387 16.0 2.3890339037354162 49 39.0
751 0.0 0.7755102040816327 15.0 2.2478258581205472 49 38.0
752 0.0 0.8979591836734693 16.0 2.3826184646936905 49 44.0
753 0.0 0.7959183673469387 16.0 2.353893864754869 49 39.0
754 0.0 0.7755102040816327 16.0 2.356421245965028 49 38.0
755 0.0 0.7346938775510204 16.0 2.387253566724057 49 36.0
756 0.0 0.7959183673469387 16.0 2.3977384469253415 49 39.0
757 0.0 0.8571428571428572 16.0 2.3717082451262845 49 42.0
758 0.0 0.9183673469387755 16.0 2.3614678935452194 49 45.0
759 0.0 0.7959183673469387 16.0 2.3890339037354162 49 39.0
760 0.0 0.8571428571428571 16.0 2.3804761428476167 49 42.0
761 0.0 0.8367346938775511 16.0 2.33939930658412 49 41.0
762 0.0 0.7959183673469387 16.0 2.406411503989003 49 39.0
763 0.0 0.8163265306122449 16.0 2.3863629001382978 49 40.0
764 0.0 0.9387755102040817 16.0 2.3752908880221573 49 46.0
765 0.0 0.9795918367346937 16.0 2.3584051454175494 49 48.0
766 0.0 0.7959183673469388 16.0 2.389033903735416 49 39.0
767 0.0 0.8775510204081632 16.0 2.3419423301078557 49 43.0
768 0.0 0.9795918367346937 16.0 2.3495548861997895 49 48.0
769 0.0 0.8163265306122449 15.0 2.242333878906037 49 40.0
770 0.0 0.7959183673469387 15.0 2.245176235071672 49 39.0
771 0.0 0.7755102040816327 16.0 2.400219661149518 49 38.0
772 0.0 0.8775510204081632 16.0 2.3947220877485997 49 43.0
773 0.0 0.8571428571428572 16.0 2.3892118644719083 49 42.0
774 0.0 0.8163265306122449 16.0 2.3863629001382978 49 40.0
775 0.0 0.8571428571428572 16.0 2.3892118644719083 49 42.0
776 0.0 0.8367346938775512 16.0 2.33939930658412 49 41.0
777 0.0 0.8979591836734693 16.0 2.347382389307855 49 44.0
778 0.0 0.8775510204081632 16.0 2.3684792330841775 49 43.0
779 0.0 0.7142857142857143 16.0 2.3892118644719083 49 35.0
780 0.0 0.8571428571428571 16.0 2.39791576165636 49 42.0
781 0.0 0.8775510204081632 16.0 2.386006540411058 49 43.0
782 0.0 0.8775510204081632 16.0 2.3684792330841775 49 43.0
783 0.0 0.8163265306122449 16.0 2.3950771507037376 49 40.0
784 0.0 0.8367346938775511 16.0 2.3922351714758863 49 41.0
785 0.0 0.8979591836734693 16.0 2.338490413699827 49 44.0
786 0.0 0.8979591836734693 16.0 2.373858479697695 49 44.0
787 0.0 0.8571428571428571 16.0 2.3892118644719083 49 42.0
788 0.0 0.8367346938775512 16.0 2.3747538361507976 49 41.0
789 0.0 0.7755102040816327 15.0 2.25707504418928 49 38.0
790 0.0 0.8571428571428572 15.0 2.2453655975512468 49 42.0
791 0.0 0.7551020408163266 16.0 2.393834199954281 49 37.0
792 0.0 0.8367346938775512 16.0 2.3659647325449003 49 41.0
793 0.0 0.816326530612245 16.0 2.3600270954284546 49 40.0
794 0.0 0.8163265306122449 16.0 2.368838229559616 49 40.0
795 0.0 0.8571428571428572 16.0 2.3892118644719083 49 42.0
796 0.0 0.8571428571428571 15.0 2.2453655975512468 49 42.0
797 0.0 0.7959183673469387 15.0 2.2544362916696663 49 39.0
798 0.0 0.9183673469387755 16.0 2.3790468565327227 49 45.0
799 0.0 0.8571428571428572 16.0 2.3892118644719083 49 42.0
800 0.0 0.8775510204081631 16.0 2.386006540411058 49 43.0
801 0.0 0.7142857142857142 16.0 2.362907813126304 49 35.0
802 0.0 0.8163265306122449 16.0 2.351182941518971 49 40.0
803 0.0 0.9183673469387754 16.0 2.3526291559823513 49 45.0
804 0.0 0.8775510204081632 16.0 2.3419423301078557 49 43.0
805 0.0 0.7755102040816327 16.0 2.382796904571469 49 38.0
806 0.0 0.8775510204081632 15.0 2.25122793401387 49 43.0
807 0.0 0.8571428571428572 15.0 2.2638462845343543 49 42.0
808 0.0 0.8979591836734693 16.0 2.373858479697695 49 44.0
809 0.0 0.8367346938775512 16.0 2.3747538361507976 49 41.0
810 0.0 0.8775510204081632 16.0 2.3947220877485997 49 43.0
811 0.0 0.8163265306122449 16.0 2.377616711013321 49 40.0
812 0.0 0.8571428571428573 16.0 2.3892118644719083 49 42.0
813 0.0 0.8163265306122449 16.0 2.3950771507037376 49 40.0
814 0.0 0.8571428571428572 16.0 2.3717082451262845 49 42.0
815 0.0 0.7755102040816327 16.0 2.3827969045714688 49 38.0
816 0.0 0.9387755102040817 16.0 2.366503779007002 49 46.0
817 0.0 0.8775510204081632 16.0 2.386006540411058 49 43.0
818 0.0 0.9591836734693876 16.0 2.3713496831399388 49 47.0
819 0.0 0.693877551020408 16.0 2.390990743330864 49 34.0
820 0.0 0.816326530612245 16.0 2.3863629001382978 49 40.0
821 0.0 0.7755102040816328 16.0 2.3915241489690295 49 38.0
822 0.0 0.7959183673469387 16.0 2.3802975289930908 49 39.0
823 0.0 0.8571428571428571 16.0 2.3540744819709225 49 42.0
824 0.0 0.7346938775510206 16.0 2.3697354828130917 49 36.0
825 0.0 0.7551020408163266 17.0 2.4877249667525723 49 37.0
826 0.0 0.8367346938775512 16.0 2.3482878406006638 49 41.0
827 0.0 0.8367346938775512 16.0 2.3571428571428577 49 41.0
828 0.0 0.7755102040816327 16.0 2.374037578002654 49 38.0
829 0.0 0.8571428571428572 16.0 2.345207879911715 49 42.0
830 0.0 0.8775510204081632 16.0 2.3330296206615877 49 43.0
831 0.0 0.8163265306122449 16.0 2.351182941518971 49 40.0
832 0.0 0.9183673469387755 16.0 2.3877878072066823 49 45.0
833 0.0 0.9183673469387754 16.0 2.3702736717331954 49 45.0
834 0.0 0.8571428571428572 16.0 2.3717082451262845 49 42.0
835 0.0 0.7346938775510204 16.0 2.387253566724057 49 36.0
836 0.0 0.8979591836734693 16.0 2.3826184646936905 49 44.0
837 0.0 0.8163265306122449 16.0 2.3863629001382978 49 40.0
838 0.0 0.8979591836734693 16.0 2.3826184646936905 49 44.0
839 0.0 0.9183673469387755 16.0 2.490287254965759 49 45.0
840 0.0 0.8775510204081634 16.0 2.4463633985062425 49 43.0
841 0.0 0.8367346938775512 16.0 2.3747538361507976 49 41.0
842 0.0 0.8775510204081634 16.0 2.386006540411058 49 43.0
843 0.0 0.8367346938775512 16.0 2.418220237208816 49 41.0
844 0.0 0.8775510204081632 16.0 2.403406029828851 49 43.0
845 0.0 0.9387755102040818 16.0 2.366503779007002 49 46.0
846 0.0 0.7959183673469387 16.0 2.3802975289930908 49 39.0
847 0.0 0.8163265306122449 16.0 2.3863629001382978 49 40.0
848 0.0 0.8979591836734693 16.0 2.3826184646936905 49 44.0
849 0.0 0.8571428571428572 16.0 2.3717082451262845 49 42.0
850 0.0 0.8571428571428572 16.0 2.3804761428476167 49 42.0
851 0.0 0.7959183673469387 16.0 2.3802975289930903 49 39.0
852 0.0 0.7959183673469387 16.0 2.406411503989003 49 39.0
853 0.0 0.8367346938775511 16.0 2.3747538361507976 49 41.0
854 0.0 0.9183673469387755 16.0 2.3790468565327223 49 45.0
855 0.0 0.7551020408163266 16.0 2.376364627648169 49 37.0
856 0.0 0.8367346938775512 16.0 2.4268200968165994 49 41.0
857 0.0 0.8367346938775511 16.0 2.392235171475886 49 41.0
858 0.0 0.8775510204081632 16.0 2.3772590402010634 49 43.0
859 0.0 0.9591836734693876 16.0 2.4062348153068007 49 47.0
860 0.0 0.7959183673469387 16.0 2.406411503989003 49 39.0
861 0.0 0.8571428571428571 16.0 2.3804761428476167 49 42.0
862 0.0 0.7551020408163266 16.0 2.4283963522327694 49 37.0
863 0.0 0.9183673469387755 16.0 2.3790468565327227 49 45.0
864 0.0 0.8979591836734693 16.0 2.3913463603096035 49 44.0
865 0.0 0.8775510204081632 16.0 2.3772590402010634 49 43.0
866 0.0 0.7959183673469387 16.0 2.3802975289930908 49 39.0
867 0.0 0.8775510204081634 16.0 2.3772590402010634 49 43.0
868 0.0 0.7959183673469387 16.0 2.397738446925341 49 39.0
869 0.0 0.7755102040816328 16.0 2.382796904571469 49 38.0
870 0.0 0.8775510204081632 16.0 2.386006540411058 49 43.0
871 0.0 0.7755102040816327 16.0 2.382796904571469 49 38.0
872 0.0 0.9183673469387755 16.0 2.3877878072066827 49 45.0
873 0.0 0.8367346938775511 16.0 2.3835105304947986 49 41.0
874 0.0 0.8163265306122449 16.0 2.3950771507037376 49 40.0
875 0.0 0.8163265306122449 16.0 2.377616711013321 49 40.0
876 0.0 0.9387755102040817 16.0 2.3927682997010855 49 46.0
877 0.0 0.8367346938775511 16.0 2.383510530494798 49 41.0
878 0.0 0.7755102040816327 16.0 2.374037578002654 49 38.0
879 0.0 0.9591836734693876 16.0 2.3713496831399388 49 47.0
880 0.0 0.7755102040816327 16.0 2.4088837847508078 49 38.0
881 0.0 0.8775510204081634 16.0 2.3772590402010634 49 43.0
882 0.0 0.8775510204081632 15.0 2.278821452173109 49 43.0
883 0.0 0.8775510204081632 16.0 2.386006540411058 49 43.0
884 0.0 0.7551020408163265 16.0 2.393834199954281 49 37.0
885 0.0 0.8775510204081632 16.0 2.3684792330841775 49 43.0
886 0.0 0.8979591836734693 16.0 2.3826184646936905 49 44.0
887 0.0 0.8775510204081634 15.0 2.241954625815984 49 43.0
888 0.0 0.8163265306122449 15.0 2.270035511724386 49 40.0
889 0.0 0.816326530612245 15.0 2.2516056251387497 49 40.0
890 0.0 0.7959183673469387 15.0 2.2544362916696663 49 39.0
891 0.0 0.7551020408163266 15.0 2.2502834288604805 49 37.0
892 0.0 0.8979591836734693 16.0 2.382618464693691 49 44.0
893 0.0 0.8571428571428571 16.0 2.3892118644719087 49 42.0
894 0.0 0.7959183673469387 16.0 2.3802975289930903 49 39.0
895 0.0 1.0408163265306125 16.0 2.6375429196623936 49 51.0
896 0.0 0.9183673469387755 16.0 2.3702736717331954 49 45.0
897 0.0 0.8979591836734693 16.0 2.3826184646936905 49 44.0
898 0.0 0.7959183673469387 16.0 2.397738446925341 49 39.0
899 0.0 0.8571428571428572 15.0 2.2453655975512468 49 42.0
900 0.0 0.8775510204081632 16.0 2.386006540411058 49 43.0
901 0.0 0.8367346938775511 16.0 2.400928108526561 49 41.0
902 0.0 0.8367346938775511 16.0 2.383510530494798 49 41.0
903 0.0 0.8367346938775512 16.0 2.3747538361507976 49 41.0
904 0.0 0.8979591836734693 16.0 2.3826184646936905 49 44.0
905 0.0 0.8163265306122449 16.0 2.429621621670708 49 40.0
906 0.0 0.8163265306122449 15.0 2.25160562513875 49 40.0
907 0.0 0.8775510204081632 15.0 2.297032987185358 49 43.0
908 0.0 0.8163265306122449 16.0 2.377616711013321 49 40.0
909 0.0 0.8979591836734693 16.0 2.382618464693691 49 44.0
910 0.0 0.8163265306122449 16.0 2.368838229559616 49 40.0
911 0.0 0.8367346938775511 16.0 2.3922351714758863 49 41.0
912 0.0 0.7959183673469387 15.0 2.2544362916696663 49 39.0
913 0.0 0.8979591836734693 15.0 2.3116092695276134 49 44.0
914 0.0 0.9183673469387755 16.0 2.3790468565327223 49 45.0
915 0.0 6.489795918367345 295.0 42.08430153126164 49 318.0
916 0.0 0.8979591836734693 13.0 2.02324922215875 49 44.0
917 0.0 0.6938775510204082 12.0 1.8841894989695724 49 34.0
918 0.0 0.8367346938775511 12.0 1.8635420885094753 49 41.0
919 0.0 0.8571428571428572 13.0 2.03100960115899 49 42.0
920 0.0 0.7755102040816327 13.0 2.0027616986972534 49 38.0
921 0.0 0.8775510204081632 12.0 1.8889222352665438 49 43.0
922 0.0 0.8163265306122449 12.0 1.9329755709328373 49 40.0
923 0.0 0.8571428571428571 13.0 1.9895560643855537 49 42.0
924 0.0 0.7755102040816327 13.0 2.0027616986972534 49 38.0
925 0.0 0.9183673469387755 13.0 2.0395744520801964 49 45.0
926 0.0 0.7755102040816327 13.0 1.9923322401401935 49 38.0
927 0.0 0.7142857142857143 12.0 1.8819316317727024 49 35.0
928 0.0 0.9183673469387755 12.0 1.9021559554651573 49 45.0
929 0.0 0.7551020408163266 13.0 1.995104552867029 49 37.0
930 0.0 0.7755102040816327 13.0 2.0027616986972534 49 38.0
931 0.0 0.8367346938775511 13.0 2.0345652563417382 49 41.0
932 0.0 0.7551020408163265 13.0 2.0158808273814404 49 37.0
933 0.0 0.7346938775510204 13.0 2.0080619824024524 49 36.0
934 0.0 0.8367346938775512 12.0 1.87468818268877 49 41.0
935 0.0 0.7551020408163266 12.0 1.8767282284703384 49 37.0
936 0.0 0.8367346938775511 13.0 1.9827058402545723 49 41.0
937 0.0 0.7551020408163266 13.0 2.056803874187023 49 37.0
938 0.0 0.7755102040816327 13.0 2.0131371260883784 49 38.0
939 0.0 0.8571428571428572 13.0 1.9895560643855537 49 42.0
940 0.0 0.7142857142857142 12.0 1.9039432764659772 49 35.0
941 0.0 0.6938775510204082 12.0 1.8619443425338673 49 34.0
942 0.0 0.8163265306122449 13.0 2.017356659382882 49 40.0
943 0.0 0.7755102040816327 12.0 1.8514105672258048 49 38.0
944 0.0 0.7346938775510204 13.0 1.9976601959551077 49 36.0
945 0.0 0.8163265306122449 13.0 2.0481034864372605 49 40.0
946 0.0 0.8571428571428572 12.0 1.848422751068236 49 42.0
947 0.0 0.7346938775510204 12.0 1.8683271283432674 49 36.0
948 0.0 0.7551020408163266 13.0 2.0364451486689776 49 37.0
949 0.0 0.8163265306122449 12.0 1.8559978155042267 49 40.0
950 0.0 0.6938775510204082 12.0 1.8730999443063743 49 34.0
951 0.0 0.8571428571428572 13.0 2.041241452319315 49 42.0
952 0.0 0.7551020408163266 13.0 1.995104552867029 49 37.0
953 0.0 0.7755102040816328 13.0 1.9923322401401935 49 38.0
954 0.0 0.8163265306122449 12.0 1.9221674982052062 49 40.0
955 0.0 0.7959183673469387 13.0 1.9893423519337434 49 39.0
956 0.0 0.8367346938775511 13.0 1.9827058402545723 49 41.0
957 0.0 0.7551020408163266 12.0 1.9097405173314554 49 37.0
958 0.0 0.653061224489796 12.0 1.8769547633529864 49 32.0
959 0.0 0.9795918367346937 13.0 1.9736788399497285 49 48.0
960 0.0 0.8367346938775512 13.0 2.044779315471376 49 41.0
961 0.0 0.7346938775510204 13.0 1.997660195955108 49 36.0
962 0.0 0.8367346938775511 12.0 1.8523289256985622 49 41.0
963 0.0 0.7755102040816327 12.0 1.9393438121613993 49 38.0
964 0.0 0.7755102040816327 13.0 1.9923322401401933 49 38.0
965 0.0 0.7959183673469387 13.0 2.041033151747078 49 39.0
966 0.0 0.7959183673469385 13.0 2.130919127168042 49 39.0
967 0.0 0.8571428571428571 13.0 2.01038968030247 49 42.0
968 0.0 0.7959183673469387 13.0 2.051215004137128 49 39.0
969 0.0 0.7959183673469387 13.0 1.9893423519337434 49 39.0
970 0.0 0.8367346938775511 12.0 1.8523289256985624 49 41.0
971 0.0 0.7959183673469387 12.0 1.8706014166208538 49 39.0
972 0.0 0.7755102040816327 13.0 1.9923322401401933 49 38.0
973 0.0 0.8571428571428571 13.0 1.9895560643855537 49 42.0
974 0.0 0.7755102040816327 13.0 2.0439474280018493 49 38.0
975 0.0 0.7959183673469387 13.0 1.9788421681707236 49 39.0
976 0.0 0.8367346938775511 13.0 1.9931856701386994 49 41.0
977 0.0 0.7346938775510204 13.0 1.997660195955108 49 36.0
978 0.0 0.8163265306122449 13.0 1.996595742213012 49 40.0
979 0.0 0.7959183673469387 12.0 1.8817056960456413 49 39.0
980 0.0 0.8775510204081632 12.0 1.8555396010013787 49 43.0
981 0.0 0.7346938775510206 12.0 1.8794448449396075 49 36.0
982 0.0 0.7551020408163266 13.0 2.0466498259849146 49 37.0
983 0.0 0.8979591836734693 13.0 1.9921188255136757 49 44.0
984 0.0 0.7346938775510204 13.0 1.9872039633205076 49 36.0
985 0.0 0.8775510204081632 13.0 2.047688260181309 49 43.0
986 0.0 0.7346938775510204 12.0 1.8683271283432674 49 36.0
987 0.0 0.8367346938775512 13.0 1.9827058402545723 49 41.0
988 0.0 0.7346938775510206 13.0 2.0491411839687212 49 36.0
989 0.0 0.7346938775510204 13.0 1.997660195955108 49 36.0
990 0.0 0.8367346938775511 13.0 2.044779315471376 49 41.0
991 0.0 0.7551020408163266 12.0 1.887796469486073 49 37.0
992 0.0 0.7755102040816327 12.0 1.8848663317156935 49 38.0
993 0.0 0.8367346938775512 13.0 2.0447793154713763 49 41.0
994 0.0 0.8367346938775512 13.0 1.9931856701386994 49 41.0
995 0.0 0.7959183673469387 13.0 1.9997874036666858 49 39.0
996 0.0 0.7755102040816327 13.0 2.0642321627590023 49 38.0
997 0.0 0.8163265306122449 12.0 1.8893723537610212 49 40.0
998 0.0 0.7346938775510206 12.0 1.8794448449396077 49 36.0
999 0.0 0.7959183673469387 13.0 2.0101781827814693 49 39.0
1000 0.0 0.8367346938775511 13.0 2.0139817399816686 49 41.0
1001 0.0 0.8775510204081632 13.0 2.047688260181309 49 43.0
1002 0.0 0.7551020408163266 13.0 1.995104552867029 49 37.0
1003 0.0 0.7959183673469387 13.0 1.9997874036666854 49 39.0
1004 0.0 0.8979591836734693 13.0 2.064026182399984 49 44.0
1005 0.0 0.7959183673469387 13.0 1.9893423519337432 49 39.0
1006 0.0 0.7959183673469387 12.0 1.881705696045641 49 39.0
1007 0.0 0.6938775510204082 13.0 2.0125034330473106 49 34.0
1008 0.0 0.8979591836734693 13.0 2.002549395553741 49 44.0
1009 0.0 0.7959183673469387 13.0 2.061346564715391 49 39.0
1010 0.0 0.7142857142857142 13.0 2.01038968030247 49 35.0
1011 0.0 0.7755102040816327 12.0 1.8848663317156935 49 38.0
1012 0.0 0.8775510204081632 12.0 1.9108533549746012 49 43.0
1013 0.0 0.8571428571428571 13.0 2.121320343559643 49 42.0
1014 0.0 0.7346938775510204 13.0 1.997660195955108 49 36.0
1015 0.0 0.7959183673469387 13.0 2.0814617443511367 49 39.0
1016 0.0 0.8571428571428572 13.0 1.9790570145063193 49 42.0
1017 0.0 0.8163265306122449 13.0 2.017356659382882 49 40.0
1018 0.0 0.7142857142857142 13.0 1.9895560643855539 49 35.0
1019 0.0 0.7755102040816327 13.0 1.9923322401401933 49 38.0
1020 0.0 0.8775510204081632 13.0 2.03748878382623 49 43.0
1021 0.0 0.7551020408163266 13.0 2.0055195944037583 49 37.0
1022 0.0 0.7959183673469387 12.0 1.859430825063755 49 39.0
1023 0.0 0.7346938775510204 12.0 1.9124102397681482 49 36.0
1024 0.0 0.8775510204081632 13.0 1.9751862049482043 49 43.0
1025 0.0 0.7959183673469387 13.0 2.0410331517470777 49 39.0
1026 0.0 0.7346938775510204 13.0 1.997660195955108 49 36.0
1027 0.0 0.7755102040816327 13.0 2.0027616986972534 49 38.0
1028 0.0 0.8571428571428571 13.0 2.03100960115899 49 42.0
1029 0.0 0.8367346938775511 13.0 1.9827058402545723 49 41.0
1030 0.0 0.8163265306122449 13.0 1.996595742213012 49 40.0
1031 0.0 0.8571428571428572 13.0 1.9790570145063193 49 42.0
1032 0.0 0.7346938775510204 13.0 2.0080619824024524 49 36.0
1033 0.0 0.7346938775510206 13.0 2.069375008346739 49 36.0
1034 0.0 0.9591836734693876 13.0 1.9680699478747934 49 47.0
1035 0.0 0.7551020408163266 13.0 1.995104552867029 49 37.0
1036 0.0 0.7959183673469387 13.0 1.9893423519337434 49 39.0
1037 0.0 0.7959183673469387 13.0 1.989342351933743 49 39.0
1038 0.0 0.8163265306122449 13.0 2.037906088241015 49 40.0
1039 0.0 0.7346938775510204 13.0 1.997660195955108 49 36.0
1040 0.0 0.7346938775510204 13.0 1.997660195955108 49 36.0
1041 0.0 0.7755102040816328 13.0 1.9923322401401935 49 38.0
1042 0.0 0.8163265306122449 13.0 1.996595742213012 49 40.0
1043 0.0 0.9795918367346937 13.0 2.005095549659743 49 48.0
1044 0.0 0.7142857142857142 13.0 2.01038968030247 49 35.0
1045 0.0 0.8163265306122449 13.0 2.058250363251062 49 40.0
1046 0.0 0.8775510204081632 13.0 1.9857057211189064 49 43.0
1047 0.0 0.7346938775510204 13.0 2.008061982402452 49 36.0
1048 0.0 0.7959183673469387 13.0 2.0613465647153912 49 39.0
1049 0.0 0.8367346938775511 12.0 1.8635420885094753 49 41.0
1050 0.0 0.7755102040816327 12.0 1.8626292586293285 49 38.0
1051 0.0 0.7551020408163266 13.0 2.0466498259849146 49 37.0
1052 0.0 0.7959183673469387 13.0 1.9997874036666858 49 39.0
1053 0.0 0.8979591836734694 13.0 2.02324922215875 49 44.0
1054 0.0 0.8367346938775511 13.0 1.9931856701386994 49 41.0
1055 0.0 0.7755102040816327 13.0 2.0439474280018493 49 38.0
1056 0.0 0.7346938775510204 13.0 2.018410164420684 49 36.0
1057 0.0 0.8775510204081632 13.0 1.9857057211189064 49 43.0
1058 0.0 0.7959183673469387 13.0 2.041033151747078 49 39.0
1059 0.0 0.7755102040816327 12.0 1.8626292586293285 49 38.0
1060 0.0 0.8163265306122449 12.0 1.9003669534653376 49 40.0
1061 0.0 0.7551020408163266 12.0 1.8655943226947138 49 37.0
1062 0.0 0.7346938775510204 13.0 1.997660195955108 49 36.0
1063 0.0 0.8163265306122449 13.0 2.0276574064232666 49 40.0
1064 0.0 0.8163265306122449 13.0 2.0883952111186064 49 40.0
1065 0.0 0.8163265306122449 12.0 1.9221674982052062 49 40.0
1066 0.0 0.7551020408163266 13.0 2.0158808273814404 49 37.0
1067 0.0 0.8163265306122449 12.0 1.867188945399776 49 40.0
1068 0.0 0.8367346938775512 12.0 1.8523289256985624 49 41.0
1069 0.0 0.8571428571428572 13.0 2.01038968030247 49 42.0
1070 0.0 0.7142857142857143 13.0 2.0514222708485286 49 35.0
1071 0.0 0.9591836734693876 13.0 1.9680699478747934 49 47.0
1072 0.0 0.8163265306122449 13.0 2.0481034864372605 49 40.0
1073 0.0 0.7551020408163266 13.0 1.995104552867029 49 37.0
1074 0.0 0.7755102040816327 13.0 2.0027616986972534 49 38.0
1075 0.0 0.8163265306122449 13.0 1.9861339056459566 49 40.0
1076 0.0 0.7142857142857143 13.0 2.01038968030247 49 35.0
1077 0.0 0.8775510204081632 13.0 2.03748878382623 49 43.0
1078 0.0 0.8979591836734693 13.0 1.992118825513676 49 44.0
1079 0.0 0.8367346938775512 13.0 2.044779315471376 49 41.0
1080 0.0 0.7755102040816327 13.0 1.9818478974016587 49 38.0
1081 0.0 0.7551020408163266 13.0 1.995104552867029 49 37.0
1082 0.0 0.8367346938775511 13.0 1.9827058402545723 49 41.0
1083 0.0 0.7959183673469387 13.0 1.9893423519337432 49 39.0
1084 0.0 0.8775510204081634 13.0 2.097941978277209 49 43.0
1085 0.0 0.7959183673469387 12.0 1.8594308250637552 49 39.0
1086 0.0 0.8775510204081632 13.0 2.0578371844125627 49 43.0
1087 0.0 0.7142857142857142 13.0 2.01038968030247 49 35.0
1088 0.0 0.8367346938775511 13.0 2.0345652563417382 49 41.0
1089 0.0 0.8571428571428571 13.0 1.9895560643855537 49 42.0
1090 0.0 0.7959183673469387 13.0 2.0101781827814698 49 39.0
1091 0.0 0.7346938775510204 13.0 2.008061982402452 49 36.0
1092 0.0 0.9387755102040817 13.0 1.972816971419572 49 46.0
1093 0.0 0.8163265306122449 13.0 1.9861339056459566 49 40.0
1094 0.0 0.7959183673469387 13.0 1.9893423519337434 49 39.0
1095 0.0 0.7959183673469387 12.0 1.9254825351576879 49 39.0
1096 0.0 0.8367346938775511 13.0 2.0036106863143157 49 41.0
1097 0.0 0.7959183673469387 12.0 1.8706014166208536 49 39.0
1098 0.0 0.7959183673469387 13.0 2.030800251099045 49 39.0
1099 0.0 0.7959183673469387 13.0 2.0101781827814693 49 39.0
1100 0.0 0.7346938775510204 13.0 2.038948975617111 49 36.0
1101 0.0 0.7959183673469387 13.0 1.9893423519337434 49 39.0
1102 0.0 0.8367346938775511 13.0 1.9827058402545723 49 41.0
1103 0.0 0.8367346938775512 13.0 1.9931856701386994 49 41.0
1104 0.0 0.7142857142857142 12.0 1.8819316317727026 49 35.0
1105 0.0 0.8775510204081634 13.0 2.03748878382623 49 43.0
1106 0.0 0.7755102040816327 13.0 1.9923322401401933 49 38.0
1107 0.0 0.7755102040816327 13.0 2.0439474280018493 49 38.0
1108 0.0 0.7346938775510204 13.0 1.9872039633205079 49 36.0
1109 0.0 0.7755102040816327 13.0 2.0541148349354867 49 38.0
1110 0.0 0.7755102040816327 13.0 2.0027616986972534 49 38.0
1111 0.0 0.7959183673469387 13.0 1.9997874036666856 49 39.0
1112 0.0 0.9183673469387755 13.0 2.049763550325964 49 45.0
1113 0.0 0.8163265306122449 13.0 1.9861339056459566 49 40.0
1114 0.0 0.7755102040816327 13.0 2.0642321627590023 49 38.0
1115 0.0 0.816326530612245 13.0 1.9861339056459564 49 40.0
1116 0.0 0.8571428571428571 12.0 1.8596594670351165 49 42.0
1117 0.0 0.7755102040816327 12.0 1.8737807827407955 49 38.0
1118 0.0 0.8367346938775512 13.0 2.075119863761992 49 41.0
1119 0.0 0.7346938775510204 13.0 1.997660195955108 49 36.0
1120 0.0 0.7959183673469387 13.0 1.9788421681707236 49 39.0
1121 0.0 0.7959183673469387 13.0 2.0613465647153912 49 39.0
1122 0.0 0.7959183673469387 13.0 1.9893423519337436 49 39.0
1123 0.0 0.8163265306122449 13.0 2.037906088241015 49 40.0
1124 0.0 0.7959183673469387 13.0 1.9997874036666856 49 39.0
1125 0.0 0.8979591836734693 12.0 1.8956627904155285 49 44.0
1126 0.0 0.7142857142857142 12.0 1.8819316317727024 49 35.0
1127 0.0 0.9591836734693876 13.0 2.0812574691904953 49 47.0
1128 0.0 0.7551020408163266 13.0 2.0055195944037583 49 37.0
1129 0.0 0.8571428571428572 13.0 1.9895560643855537 49 42.0
1130 0.0 0.7551020408163266 13.0 1.995104552867029 49 37.0
1131 0.0 0.7346938775510204 13.0 2.0080619824024524 49 36.0
1132 0.0 0.9183673469387755 13.0 2.1683013195229344 49 45.0
1133 0.0 0.8163265306122449 13.0 1.9756166694199042 49 40.0
1134 0.0 0.8571428571428571 13.0 2.0615528128088303 49 42.0
1135 0.0 0.7755102040816327 13.0 1.9923322401401935 49 38.0
1136 0.0 0.7959183673469387 12.0 1.9254825351576879 49 39.0
1137 0.0 0.8571428571428572 12.0 1.8708286933869707 49 42.0
1138 0.0 0.8367346938775512 13.0 2.054942606411735 49 41.0
1139 0.0 0.7142857142857142 13.0 2.01038968030247 49 35.0
1140 0.0 0.8571428571428572 13.0 1.9790570145063193 49 42.0
1141 0.0 0.7959183673469387 13.0 1.9893423519337434 49 39.0
1142 0.0 0.8367346938775512 13.0 2.044779315471376 49 41.0
1143 0.0 0.8163265306122449 13.0 1.996595742213012 49 40.0
1144 0.0 0.8571428571428572 13.0 2.041241452319315 49 42.0
1145 0.0 0.7142857142857142 13.0 1.9895560643855539 49 35.0
1146 0.0 0.9183673469387755 13.0 2.029334195964668 49 45.0
1147 0.0 0.7755102040816327 13.0 1.9923322401401935 49 38.0
1148 0.0 0.6938775510204082 13.0 1.9916919276569547 49 34.0
1149 0.0 0.8367346938775511 13.0 1.9931856701386994 49 41.0
1150 0.0 0.8163265306122449 13.0 1.9861339056459566 49 40.0
1151 0.0 0.8163265306122449 13.0 1.9756166694199042 49 40.0
1152 0.0 0.8979591836734693 13.0 1.992118825513676 49 44.0
1153 0.0 0.7551020408163265 13.0 1.995104552867029 49 37.0
1154 0.0 0.7755102040816327 13.0 2.0027616986972534 49 38.0
1155 0.0 0.7959183673469387 13.0 2.0101781827814693 49 39.0
1156 0.0 0.8979591836734693 13.0 1.992118825513676 49 44.0
1157 0.0 0.7755102040816327 13.0 2.0027616986972534 49 38.0
1158 0.0 0.8163265306122449 13.0 1.9861339056459566 49 40.0
1159 0.0 0.7755102040816327 13.0 2.0027616986972534 49 38.0
1160 0.0 0.8571428571428572 13.0 1.9895560643855534 49 42.0
1161 0.0 0.7346938775510204 13.0 2.008061982402452 49 36.0
1162 0.0 0.7959183673469387 13.0 1.9997874036666858 49 39.0
1163 0.0 0.8979591836734693 12.0 1.906621116434163 49 44.0
1164 0.0 0.7551020408163266 12.0 1.8655943226947138 49 37.0
1165 0.0 0.8163265306122449 13.0 1.996595742213012 49 40.0
1166 0.0 0.7346938775510204 13.0 1.997660195955108 49 36.0
1167 0.0 0.8571428571428571 13.0 2.041241452319315 49 42.0
1168 0.0 0.7959183673469387 13.0 2.0101781827814693 49 39.0
1169 0.0 0.8571428571428572 13.0 2.0207259421636903 49 42.0
1170 0.0 0.8163265306122449 13.0 1.9861339056459566 49 40.0
1171 0.0 0.8367346938775511 13.0 2.0242996605360224 49 41.0
1172 0.0 0.7142857142857142 13.0 2.0 49 35.0
1173 0.0 0.8979591836734693 13.0 2.0841154994303905 49 44.0
1174 0.0 0.8367346938775512 13.0 2.0036106863143157 49 41.0
1175 0.0 0.8979591836734693 13.0 2.033520120783823 49 44.0
1176 0.0 0.7959183673469388 13.0 1.9893423519337432 49 39.0
1177 0.0 0.7755102040816327 13.0 2.0541148349354867 49 38.0
1178 0.0 0.8367346938775511 13.0 1.9931856701386994 49 41.0
1179 0.0 0.7755102040816327 13.0 2.0439474280018493 49 38.0
1180 0.0 0.8979591836734693 13.0 1.9816333536502964 49 44.0
1181 0.0 0.9183673469387755 13.0 2.0395744520801964 49 45.0
1182 0.0 0.8163265306122449 13.0 1.9756166694199042 49 40.0
1183 0.0 0.7346938775510204 13.0 2.069375008346739 49 36.0
1184 0.0 0.8979591836734693 13.0 1.9710921037923759 49 44.0
1185 0.0 0.8367346938775512 13.0 2.044779315471376 49 41.0
1186 0.0 0.7346938775510204 13.0 2.0080619824024524 49 36.0
1187 0.0 0.8367346938775511 13.0 2.0345652563417382 49 41.0
1188 0.0 0.8571428571428571 13.0 1.9895560643855537 49 42.0
1189 0.0 0.8775510204081632 13.0 2.027237992331197 49 43.0
1190 0.0 0.7755102040816327 13.0 1.9923322401401935 49 38.0
1191 0.0 0.8775510204081634 13.0 2.0578371844125627 49 43.0
1192 0.0 0.7959183673469387 13.0 1.9893423519337436 49 39.0
1193 0.0 0.8367346938775511 13.0 2.0345652563417382 49 41.0
1194 0.0 0.8775510204081632 13.0 1.9857057211189064 49 43.0
1195 0.0 0.8571428571428571 13.0 2.051422270848529 49 42.0
1196 0.0 0.8367346938775511 13.0 1.9931856701386994 49 41.0
1197 0.0 0.8163265306122449 13.0 2.037906088241015 49 40.0
1198 0.0 0.8163265306122449 13.0 1.9861339056459566 49 40.0
1199 0.0 0.8571428571428571 13.0 1.9895560643855537 49 42.0
1200 0.0 0.8367346938775511 13.0 1.9827058402545723 49 41.0
1201 0.0 0.8163265306122449 13.0 1.996595742213012 49 40.0
1202 0.0 0.7551020408163266 13.0 2.0055195944037583 49 37.0
1203 0.0 0.7551020408163266 13.0 1.995104552867029 49 37.0
1204 0.0 0.8163265306122449 13.0 2.037906088241015 49 40.0
1205 0.0 0.8367346938775512 13.0 1.9827058402545725 49 41.0
1206 0.0 0.7959183673469387 13.0 2.041033151747078 49 39.0
1207 0.0 0.8163265306122449 13.0 2.0070030454610164 49 40.0
1208 0.0 0.8367346938775511 13.0 2.044779315471376 49 41.0
1209 0.0 0.7959183673469387 13.0 1.9893423519337432 49 39.0
1210 0.0 0.8775510204081634 13.0 2.097941978277209 49 43.0
1211 0.0 0.8979591836734693 14.0 2.1138915333966373 49 44.0
1212 0.0 0.8775510204081634 13.0 2.027237992331197 49 43.0
1213 0.0 0.7959183673469387 13.0 1.9893423519337436 49 39.0
1214 0.0 0.8775510204081632 13.0 2.0169351032902267 49 43.0
1215 0.0 0.8979591836734693 13.0 1.9921188255136757 49 44.0
1216 0.0 0.8163265306122449 13.0 2.0683474622243225 49 40.0
1217 0.0 0.7755102040816327 13.0 1.981847897401659 49 38.0
1218 0.0 0.8163265306122449 13.0 2.037906088241015 49 40.0
1219 0.0 0.7959183673469387 13.0 1.9997874036666858 49 39.0
1220 0.0 0.8979591836734693 12.0 1.8846407478082714 49 44.0
1221 0.0 0.653061224489796 12.0 1.8769547633529866 49 32.0
1222 0.0 0.8163265306122449 13.0 1.9861339056459566 49 40.0
1223 0.0 0.8163265306122449 12.0 1.9003669534653376 49 40.0
1224 0.0 0.6938775510204082 13.0 1.9916919276569547 49 34.0
1225 0.0 0.8163265306122449 13.0 2.037906088241015 49 40.0
1226 0.0 0.8571428571428572 13.0 1.9790570145063195 49 42.0
1227 0.0 0.7959183673469387 13.0 2.041033151747078 49 39.0
1228 0.0 0.7346938775510204 13.0 1.9976601959551077 49 36.0
1229 0.0 0.7959183673469387 13.0 2.0512150041371275 49 39.0
1230 0.0 0.7959183673469387 13.0 1.9997874036666858 49 39.0
1231 0.0 0.8775510204081634 13.0 2.027237992331197 49 43.0
1232 0.0 6.285714285714285 269.0 38.36448009987014 49 308.0
1233 0.0 0.7755102040816327 13.0 2.0541148349354867 49 38.0
1234 0.0 0.9183673469387755 13.0 1.9667733166055428 49 45.0
1235 0.0 0.7551020408163266 13.0 2.0466498259849146 49 37.0
1236 0.0 0.8367346938775512 13.0 1.9827058402545723 49 41.0
1237 0.0 0.7959183673469387 13.0 2.041033151747078 49 39.0
1238 0.0 0.7959183673469387 13.0 2.030800251099045 49 39.0
1239 0.0 0.8163265306122449 13.0 2.037906088241015 49 40.0
1240 0.0 0.8571428571428571 13.0 1.9790570145063195 49 42.0
1241 0.0 0.7142857142857142 13.0 2.0615528128088303 49 35.0
1242 0.0 0.9183673469387755 13.0 1.9982985960340276 49 45.0
1243 0.0 0.8367346938775511 13.0 2.0345652563417382 49 41.0
1244 0.0 0.7551020408163266 13.0 1.995104552867029 49 37.0
1245 0.0 0.8571428571428571 13.0 2.0207259421636903 49 42.0
1246 0.0 0.7755102040816327 13.0 2.0131371260883784 49 38.0
1247 0.0 0.8163265306122449 13.0 2.0481034864372605 49 40.0
1248 0.0 0.8571428571428572 13.0 1.9790570145063195 49 42.0
1249 0.0 0.8775510204081632 13.0 2.03748878382623 49 43.0
1250 0.0 0.7755102040816327 13.0 2.0027616986972534 49 38.0
1251 0.0 0.7755102040816327 13.0 1.9923322401401935 49 38.0
1252 0.0 0.7346938775510204 13.0 2.0592829476551784 49 36.0
1253 0.0 0.9795918367346937 13.0 1.9736788399497287 49 48.0
1254 0.0 0.7551020408163266 13.0 2.0466498259849146 49 37.0
1255 0.0 0.8163265306122449 13.0 2.0070030454610164 49 40.0
1256 0.0 0.8571428571428571 13.0 2.0207259421636903 49 42.0
1257 0.0 0.8367346938775512 13.0 1.9721703228456013 49 41.0
1258 0.0 0.7959183673469387 13.0 2.041033151747078 49 39.0
1259 0.0 0.7755102040816327 13.0 2.0131371260883784 49 38.0
1260 0.0 0.7755102040816327 13.0 2.0541148349354867 49 38.0
1261 0.0 0.8979591836734693 13.0 1.9921188255136757 49 44.0
1262 0.0 0.7346938775510204 13.0 2.0491411839687212 49 36.0
1263 0.0 0.7755102040816327 13.0 2.0027616986972534 49 38.0
1264 0.0 0.8775510204081634 12.0 1.9108533549746012 49 43.0
1265 0.0 0.6938775510204082 12.0 1.8730999443063743 49 34.0
1266 0.0 0.8163265306122449 12.0 1.9221674982052062 49 40.0
1267 0.0 0.816326530612245 13.0 2.0070030454610164 49 40.0
1268 0.0 0.7959183673469387 13.0 2.041033151747078 49 39.0
1269 0.0 0.8163265306122449 13.0 1.996595742213012 49 40.0
1270 0.0 0.8367346938775512 13.0 2.0345652563417382 49 41.0
1271 0.0 0.8571428571428572 13.0 1.9790570145063195 49 42.0
1272 0.0 0.7959183673469387 13.0 2.061346564715391 49 39.0
1273 0.0 0.7346938775510204 13.0 1.997660195955108 49 36.0
1274 0.0 0.7346938775510204 13.0 2.059282947655178 49 36.0
1275 0.0 0.9183673469387755 13.0 1.9773375901899586 49 45.0
1276 0.0 0.7959183673469387 13.0 2.0613465647153912 49 39.0
1277 0.0 0.8775510204081632 13.0 1.9857057211189064 49 43.0
1278 0.0 0.7959183673469387 13.0 1.9997874036666854 49 39.0
1279 0.0 0.7755102040816327 13.0 1.9923322401401935 49 38.0
1280 0.0 0.9183673469387755 13.0 2.049763550325964 49 45.0
1281 0.0 0.7551020408163266 12.0 1.8543935693924527 49 37.0
1282 0.0 0.693877551020408 12.0 1.91707330794292 49 34.0
1283 0.0 0.7959183673469387 12.0 1.870601416620853 49 39.0
1284 0.0 0.6938775510204082 12.0 1.91707330794292 49 34.0
1285 0.0 0.8367346938775512 13.0 2.0139817399816686 49 41.0
1286 0.0 0.8163265306122449 13.0 2.037906088241015 49 40.0
1287 0.0 0.7142857142857143 13.0 1.9895560643855539 49 35.0
1288 0.0 0.8775510204081632 13.0 2.03748878382623 49 43.0
1289 0.0 0.8163265306122449 13.0 1.9861339056459566 49 40.0
1290 0.0 0.8979591836734693 13.0 2.064026182399984 49 44.0
1291 0.0 0.8775510204081632 13.0 1.9857057211189064 49 43.0
1292 0.0 0.8163265306122449 13.0 2.037906088241015 49 40.0
1293 0.0 0.7346938775510204 13.0 2.008061982402452 49 36.0
1294 0.0 0.8367346938775511 13.0 2.0447793154713763 49 41.0
1295 0.0 0.7755102040816327 13.0 1.9818478974016587 49 38.0
1296 0.0 0.7551020408163266 13.0 2.0466498259849146 49 37.0
1297 0.0 0.7755102040816327 13.0 1.9923322401401935 49 38.0
1298 0.0 0.42857142857142855 9.0 1.3844373104863459 49 21.0
tot,0.0,0.8337653768204395,1857.0,7.835322032341512,63651
