##bucket, min, mean, max, stddev, count, total
0 0.0 0.1428571428571429 4.0 0.6123724356957942 49 7.0
1 0.0 0.1428571428571429 2.0 0.4082482904638628 49 7.0
2 0.0 0.20408163265306123 1.0 0.4072055089639777 49 10.0
3 0.0 0.1428571428571429 1.0 0.3535533905932737 49 7.0
4 0.0 0.12244897959183675 2.0 0.38905082472305186 49 6.0
5 0.0 0.18367346938775514 2.0 0.4412798331631104 49 9.0
6 0.0 0.26530612244897955 2.0 0.4905570899532504 49 13.0
7 0.0 0.26530612244897955 1.0 0.44607128559988557 49 13.0
8 0.0 0.2857142857142858 2.0 0.4999999999999996 49 14.0
9 0.0 0.326530612244898 2.0 0.5159035400004869 49 16.0
10 0.0 0.40816326530612246 2.0 0.5369034420847467 49 20.0
11 0.0 0.44897959183673464 3.0 0.6144518047887589 49 22.0
12 0.0 0.42857142857142855 2.0 0.540061724867322 49 21.0
13 0.0 0.3877551020408164 3.0 0.6060915267313263 49 19.0
14 0.0 0.44897959183673464 2.0 0.5424183690425959 49 22.0
15 0.0 0.6326530612244898 3.0 0.6018678409411683 49 31.0
16 0.0 0.42857142857142855 2.0 0.540061724867322 49 21.0
17 0.0 0.6326530612244898 2.0 0.5281207860194957 49 31.0
18 0.0 0.5918367346938775 3.0 0.6095889102139098 49 29.0
19 0.0 0.653061224489796 3.0 0.5969024350819847 49 32.0
20 0.0 0.6326530612244898 2.0 0.5281207860194957 49 31.0
21 0.0 0.5918367346938775 2.0 0.5369034420847468 49 29.0
22 0.0 0.6326530612244898 3.0 0.6018678409411682 49 31.0
23 0.0 0.673469387755102 3.0 0.591176619901673 49 33.0
24 0.0 0.7551020408163266 3.0 0.560156683619933 49 37.0
25 0.0 0.8979591836734694 3.0 0.46747985514456847 49 44.0
26 0.0 0.8367346938775511 3.0 0.5142526444394087 49 41.0
27 0.0 0.8571428571428571 3.0 0.5000000000000001 49 42.0
28 0.0 0.8571428571428571 3.0 0.5000000000000003 49 42.0
29 0.0 0.8775510204081634 3.0 0.484452141651805 49 43.0
30 0.0 0.9795918367346939 3.0 0.4325214791567845 49 48.0
31 0.0 1.0408163265306123 3.0 0.35114002866077687 49 51.0
32 0.0 1.0612244897959184 3.0 0.42857142857142866 49 52.0
33 0.0 1.0 3.0 0.408248290463863 49 49.0
34 0.0 1.0408163265306123 4.0 0.5384848989475544 49 51.0
35 0.0 1.1428571428571428 3.0 0.5 49 56.0
36 0.0 1.0612244897959184 3.0 0.42857142857142866 49 52.0
37 1.0 1.1428571428571428 4.0 0.5000000000000006 49 56.0
38 1.0 1.183673469387755 4.0 0.5273151092940495 49 58.0
39 1.0 1.2448979591836735 4.0 0.560156683619933 49 61.0
40 1.0 1.306122448979592 4.0 0.5846680551337462 49 64.0
41 1.0 1.183673469387755 4.0 0.5273151092940495 49 58.0
42 1.0 1.306122448979592 4.0 0.5846680551337464 49 64.0
43 1.0 1.346938775510204 4.0 0.5969024350819847 49 66.0
44 1.0 1.3265306122448979 4.0 0.591176619901673 49 65.0
45 1.0 1.3673469387755102 4.0 0.6018678409411681 49 67.0
46 1.0 1.530612244897959 4.0 0.6158341503036935 49 75.0
47 1.0 1.4285714285714284 5.0 0.7071067811865477 49 70.0
48 1.0 1.5918367346938775 4.0 0.6095889102139098 49 78.0
49 1.0 1.5102040816326532 7.0 0.9381375383259795 49 74.0
50 1.0 1.5714285714285716 7.0 0.9354143466934849 49 77.0
51 1.0 1.6122448979591835 7.0 0.9313146293146637 49 79.0
52 1.0 1.6122448979591835 7.0 0.9313146293146637 49 79.0
53 1.0 1.7551020408163267 8.0 1.03139493415669 49 86.0
54 1.0 1.6734693877551021 7.0 0.9216777071831381 49 82.0
55 1.0 1.7551020408163267 7.0 0.9471582990912422 49 86.0
56 1.0 1.8979591836734695 8.0 1.0654595635840218 49 93.0
57 1.0 1.7142857142857142 7.0 0.9128709291752772 49 84.0
58 1.0 1.8979591836734695 8.0 1.0050890913907355 49 93.0
59 1.0 1.857142857142857 8.0 1.0606601717798214 49 91.0
60 1.0 1.816326530612245 7.0 0.9502953354035771 49 89.0
61 1.0 1.9591836734693877 9.0 1.1357666954064805 49 96.0
62 1.0 1.9795918367346939 8.0 1.010152544552211 49 97.0
63 1.0 1.9795918367346939 8.0 1.0505910225195338 49 97.0
64 1.0 2.0 9.0 1.1547005383792515 49 98.0
65 1.0 2.0816326530612246 8.0 1.0172826281708693 49 102.0
66 1.0 2.1020408163265305 9.0 1.1409955075719276 49 103.0
67 1.0 2.163265306122449 8.0 0.9649468632933069 49 106.0
68 1.0 2.122448979591837 8.0 0.9923174278178434 49 104.0
69 1.0 2.142857142857143 8.0 0.9789450103725622 49 105.0
70 1.0 2.2448979591836737 9.0 1.0903098230338397 49 110.0
71 1.0 2.9795918367346936 39.0 5.367688033961362 49 146.0
72 1.0 2.2448979591836737 8.0 0.9471582990912428 49 110.0
73 1.0 3.1224489795918364 44.0 6.04025611026147 49 153.0
74 1.0 2.36734693877551 8.0 0.9724084693648629 49 116.0
75 1.0 2.3469387755102042 9.0 1.071428571428571 49 115.0
76 1.0 2.36734693877551 9.0 1.112315107314102 49 116.0
77 2.0 2.4489795918367347 10.0 1.1913092323468455 49 120.0
78 2.0 2.4693877551020407 10.0 1.1920228048770465 49 121.0
79 2.0 2.5306122448979593 9.0 1.0820898148245093 49 124.0
80 2.0 2.5510204081632653 9.0 1.0618620533798926 49 125.0
81 2.0 2.5510204081632653 9.0 1.0618620533798926 49 125.0
82 2.0 2.5714285714285716 9.0 1.0606601717798207 49 126.0
83 2.0 2.5306122448979593 9.0 1.101174388556875 49 124.0
84 2.0 2.693877551020408 10.0 1.2282114644313267 49 132.0
85 2.0 2.673469387755102 10.0 1.1970059019285169 49 131.0
86 2.0 2.673469387755102 10.0 1.2142857142857149 49 131.0
87 2.0 3.5510204081632657 41.0 5.623837748407058 49 174.0
88 2.0 2.7755102040816326 11.0 1.358082381559395 49 136.0
89 2.0 2.816326530612245 10.0 1.201968340330336 49 138.0
90 2.0 2.836734693877551 10.0 1.2135852321309197 49 139.0
91 2.0 2.877551020408163 10.0 1.201260675658848 49 141.0
92 2.0 2.857142857142857 10.0 1.1726039399558574 49 140.0
93 2.0 2.8979591836734695 10.0 1.211832255291955 49 142.0
94 2.0 2.9591836734693877 11.0 1.3222327025633145 49 145.0
95 2.0 2.938775510204082 10.0 1.1973610438743005 49 144.0
96 2.0 3.1020408163265305 11.0 1.3109299809547361 49 152.0
97 2.0 3.8775510204081636 47.0 6.450557640820755 49 190.0
98 2.0 3.163265306122449 8.0 1.007201957063689 49 155.0
99 2.0 3.020408163265306 9.0 1.089529637014053 49 148.0
100 2.0 3.061224489795918 8.0 0.8992627365724408 49 150.0
101 2.0 3.061224489795918 9.0 1.0879675865519878 49 150.0
102 2.0 3.204081632653061 9.0 0.9995747395087309 49 157.0
103 2.0 3.142857142857143 8.0 0.9574271077563388 49 154.0
104 2.0 3.183673469387755 8.0 0.905388254372931 49 156.0
105 2.0 3.183673469387755 8.0 0.8820777882306052 49 156.0
106 2.0 3.2857142857142856 8.0 0.9354143466934851 49 161.0
107 2.0 3.2448979591836737 8.0 0.9689042833036096 49 159.0
108 2.0 3.306122448979592 8.0 0.8216873298446384 49 162.0
109 2.0 3.2653061224489797 8.0 0.8844845533812716 49 160.0
110 2.0 4.183673469387755 40.0 5.27048965699486 49 205.0
111 2.0 3.326530612244898 6.0 0.7468755781599105 49 163.0
112 3.0 4.142857142857143 38.0 4.970747764002246 49 203.0
113 2.0 3.3469387755102042 7.0 0.7786478774175158 49 164.0
114 3.0 3.612244897959184 5.0 0.7307623453915623 49 177.0
115 3.0 3.5102040816326534 5.0 0.6494372236659931 49 172.0
116 3.0 4.2857142857142865 45.0 5.986094998689324 49 210.0
117 3.0 3.5510204081632653 6.0 0.8180572639337848 49 174.0
118 3.0 3.673469387755102 10.0 1.1436009484307457 49 180.0
119 3.0 4.408163265306122 47.0 6.274679166256692 49 216.0
120 3.0 3.7551020408163263 7.0 0.8299250027587323 49 184.0
121 3.0 3.612244897959184 6.0 0.7307623453915622 49 177.0
122 3.0 3.775510204081633 6.0 0.8232381723628792 49 185.0
123 3.0 3.836734693877551 5.0 0.6565991539589374 49 188.0
124 3.0 3.7551020408163263 6.0 0.7225709954996912 49 184.0
125 3.0 3.7346938775510203 6.0 0.8360499936228304 49 183.0
126 3.0 3.918367346938775 5.0 0.731343931114651 49 192.0
127 3.0 3.795918367346939 6.0 0.7632057345154577 49 186.0
128 3.0 3.8775510204081636 6.0 0.7536757995878294 49 190.0
129 3.0 3.816326530612245 6.0 0.7548032135308265 49 187.0
130 3.0 4.061224489795919 6.0 0.8012532700220872 49 199.0
131 3.0 3.938775510204082 6.0 0.8012532700220873 49 193.0
132 3.0 4.020408163265306 6.0 0.7213932098830055 49 197.0
133 3.0 4.020408163265306 6.0 0.7213932098830054 49 197.0
134 3.0 4.020408163265306 6.0 0.7497164997063707 49 197.0
135 3.0 4.163265306122449 6.0 0.6565991539589374 49 204.0
136 3.0 4.081632653061225 6.0 0.812320100439618 49 200.0
137 3.0 4.163265306122449 6.0 0.7457361792078968 49 204.0
138 3.0 4.285714285714286 7.0 0.841625411530173 49 210.0
139 3.0 4.3061224489795915 6.0 0.7693092581620722 49 211.0
140 3.0 4.3061224489795915 7.0 0.7417344996878675 49 211.0
141 3.0 5.183673469387755 42.0 5.43013761868179 49 254.0
142 3.0 4.36734693877551 7.0 0.8340133280065236 49 214.0
143 3.0 6.142857142857143 92.0 12.544919290294377 49 301.0
144 3.0 4.448979591836735 8.0 0.8431395814107511 49 218.0
145 3.0 4.408163265306122 8.0 0.8396022705954974 49 216.0
146 3.0 4.63265306122449 7.0 0.8340133280065236 49 227.0
147 3.0 4.551020408163265 8.0 0.8674969858207946 49 223.0
148 4.0 4.551020408163265 7.0 0.843139581410751 49 223.0
149 4.0 4.530612244897959 7.0 0.7388628880563285 49 222.0
150 4.0 4.673469387755102 7.0 0.8007224628952492 49 229.0
151 4.0 4.673469387755102 7.0 0.8263311256703941 49 229.0
152 4.0 4.6938775510204085 6.0 0.7959292690688945 49 230.0
153 4.0 4.73469387755102 7.0 0.8107483735229251 49 232.0
154 4.0 5.591836734693878 44.0 5.6528693574846685 49 274.0
155 4.0 4.795918367346939 11.0 1.2072626032464018 49 235.0
156 4.0 5.795918367346938 52.0 6.782267294929032 49 284.0
157 4.0 6.367346938775509 45.0 7.793410350928482 49 312.0
158 4.0 4.979591836734694 7.0 0.8033729913715708 49 244.0
159 4.0 6.408163265306123 81.0 10.906646229377253 49 314.0
160 4.0 5.142857142857143 7.0 0.9128709291752769 49 252.0
161 4.0 4.8979591836734695 7.0 0.8954723604329278 49 240.0
162 4.0 5.204081632653061 7.0 0.8411200825074142 49 255.0
163 4.0 5.040816326530612 8.0 1.0400156984686453 49 247.0
164 4.0 5.081632653061225 7.0 0.9317710442547377 49 249.0
165 4.0 5.122448979591836 7.0 0.8571428571428571 49 251.0
166 4.0 5.224489795918368 8.0 1.0055120197037466 49 256.0
167 4.0 5.183673469387755 7.0 0.9053882543729309 49 254.0
168 4.0 5.224489795918368 8.0 0.9413046381319428 49 256.0
169 4.0 5.428571428571429 8.0 0.9789450103725608 49 266.0
170 4.0 5.408163265306122 7.0 0.8396022705954979 49 265.0
171 4.0 5.326530612244898 8.0 0.8007224628952492 49 261.0
172 4.0 6.387755102040817 49.0 6.287607939864109 49 313.0
173 4.0 5.4897959183673475 8.0 0.8926190158645475 49 269.0
174 4.0 5.530612244897959 8.0 0.915196718751551 49 271.0
175 5.0 5.530612244897959 9.0 0.892142571199771 49 271.0
176 5.0 5.510204081632653 8.0 0.8446510369079411 49 270.0
177 4.0 5.551020408163265 8.0 0.8911889177244239 49 272.0
178 5.0 5.714285714285714 9.0 0.9574271077563383 49 280.0
179 5.0 5.714285714285714 9.0 1.0000000000000004 49 280.0
180 5.0 5.673469387755102 8.0 0.8263311256703942 49 278.0
181 5.0 5.63265306122449 8.0 0.8086479856067476 49 276.0
182 5.0 5.6938775510204085 9.0 0.8945222568652001 49 279.0
183 5.0 5.6938775510204085 8.0 0.8216873298446381 49 279.0
184 5.0 5.775510204081632 8.0 0.8723843314552983 49 283.0
185 5.0 5.795918367346939 8.0 0.8159756899139904 49 284.0
186 5.0 7.428571428571428 50.0 7.767453465154029 49 364.0
187 5.0 6.040816326530612 9.0 0.9345048527043028 49 296.0
188 5.0 5.8979591836734695 8.0 0.8718968296952647 49 289.0
189 5.0 6.020408163265306 8.0 0.8536635734284552 49 295.0
190 5.0 7.081632653061224 51.0 6.544198240597919 49 347.0
191 5.0 6.918367346938775 45.0 5.648881654414281 49 339.0
192 5.0 6.183673469387755 9.0 0.9719711369976286 49 303.0
193 5.0 6.244897959183673 9.0 0.8786972422498066 49 306.0
194 5.0 6.224489795918368 9.0 0.9631827907699424 49 305.0
195 5.0 6.224489795918368 9.0 0.9631827907699423 49 305.0
196 5.0 6.204081632653061 9.0 0.9569829290695904 49 304.0
197 5.0 6.224489795918368 9.0 0.9845749108635875 49 305.0
198 5.0 6.408163265306122 9.0 1.0391977544188187 49 314.0
199 5.0 6.3061224489795915 9.0 0.8945222568651999 49 309.0
200 5.0 6.408163265306122 9.0 0.9335944726998882 49 314.0
201 5.0 7.326530612244899 51.0 6.427116237415634 49 359.0
202 5.0 6.571428571428571 9.0 0.8897565210026093 49 322.0
203 5.0 6.5102040816326525 10.0 0.9600878644598071 49 319.0
204 5.0 6.591836734693878 10.0 0.933594472699888 49 323.0
205 5.0 6.6938775510204085 10.0 1.024778057936064 49 328.0
206 5.0 6.63265306122449 10.0 0.9936019816602537 49 325.0
207 5.0 7.4897959183673475 45.0 5.553236477420134 49 367.0
208 6.0 6.63265306122449 10.0 0.9724084693648636 49 325.0
209 6.0 7.346938775510204 36.0 4.26981176599236 49 360.0
210 6.0 7.877551020408164 43.0 5.234630889013826 49 386.0
211 6.0 6.877551020408164 10.0 0.9923174278178432 49 337.0
212 6.0 7.612244897959184 42.0 5.110513373309528 49 373.0
213 6.0 6.979591836734694 11.0 1.0305701479918643 49 342.0
214 6.0 6.979591836734693 10.0 0.9011519460845506 49 342.0
215 6.0 7.040816326530612 10.0 1.0400156984686455 49 345.0
216 6.0 7.081632653061225 10.0 0.8620889042967464 49 347.0
217 6.0 7.918367346938776 47.0 5.790929454377615 49 388.0
218 6.0 7.387755102040816 12.0 1.1870187890013268 49 362.0
219 6.0 7.142857142857143 11.0 1.0992421631894096 49 350.0
220 6.0 7.183673469387755 11.0 0.9719711369976287 49 352.0
221 6.0 7.163265306122449 10.0 1.0674529414980902 49 351.0
222 6.0 7.346938775510204 11.0 0.9906020982245106 49 360.0
223 6.0 8.224489795918368 47.0 5.796066576144725 49 403.0
224 6.0 7.5102040816326525 11.0 1.0231171523745424 49 368.0
225 6.0 7.448979591836735 11.0 1.0218697016130922 49 365.0
226 6.0 8.040816326530612 28.0 3.1021443099456047 49 394.0
227 6.0 7.571428571428571 12.0 1.1180339887498947 49 371.0
228 6.0 7.551020408163265 11.0 0.9367769320431428 49 370.0
229 6.0 8.408163265306122 42.0 4.999659852375537 49 412.0
230 6.0 8.36734693877551 39.0 4.59480629602154 49 410.0
231 6.0 7.816326530612245 11.0 1.0738068841694934 49 383.0
232 7.0 7.7142857142857135 12.0 1.0606601717798214 49 378.0
233 7.0 7.775510204081632 12.0 1.0260219726864404 49 381.0
234 6.0 8.0 11.0 1.0992421631894098 49 392.0
235 6.0 7.795918367346939 12.0 1.1176536403841515 49 382.0
236 7.0 8.061224489795919 13.0 1.1798333792197475 49 395.0
237 7.0 7.857142857142857 12.0 1.0606601717798214 49 385.0
238 7.0 8.959183673469386 52.0 6.33758360784255 49 439.0
239 7.0 8.040816326530612 12.0 1.1357666954064807 49 394.0
240 7.0 8.10204081632653 11.0 1.025607502068564 49 397.0
241 7.0 8.183673469387756 11.0 0.9931739816482962 49 401.0
242 7.0 8.938775510204081 35.0 3.960261793036888 49 438.0
243 7.0 8.36734693877551 12.0 1.0546302185880996 49 410.0
244 7.0 8.857142857142858 37.0 4.247548312458219 49 434.0
245 7.0 8.346938775510203 12.0 1.2340823245122137 49 409.0
246 7.0 8.489795918367347 13.0 1.1923794310046585 49 416.0
247 7.0 9.285714285714286 51.0 6.174544517614238 49 455.0
248 7.0 9.142857142857144 39.0 4.527692569068708 49 448.0
249 7.0 8.551020408163266 13.0 1.275755078535125 49 419.0
250 8.0 8.857142857142858 13.0 1.0606601717798216 49 434.0
251 7.0 8.653061224489797 13.0 1.2508500511013043 49 424.0
252 7.0 8.714285714285714 13.0 1.1726039399558572 49 427.0
253 8.0 8.795918367346939 13.0 1.0602592418196344 49 431.0
254 8.0 9.020408163265307 14.0 1.2160351543432615 49 442.0
255 7.0 8.816326530612244 13.0 1.201968340330336 49 432.0
256 7.0 9.061224489795919 14.0 1.3292880811626526 49 444.0
257 7.0 9.040816326530612 13.0 1.322232702563316 49 443.0
258 8.0 9.326530612244898 13.0 1.2810762906966295 49 457.0
259 8.0 9.16326530612245 16.0 1.585703560667291 49 449.0
260 8.0 9.122448979591837 14.0 1.3011637909519125 49 447.0
261 7.0 9.224489795918368 13.0 1.2460822960123357 49 452.0
262 8.0 9.306122448979592 14.0 1.3875049794603302 49 456.0
263 8.0 9.244897959183673 14.0 1.2670604472047686 49 453.0
264 8.0 9.46938775510204 14.0 1.1920228048770456 49 464.0
265 8.0 9.346938775510203 13.0 1.182353239803346 49 458.0
266 8.0 9.714285714285714 14.0 1.35400640077266 49 476.0
267 8.0 9.571428571428571 17.0 1.5679073101855647 49 469.0
268 8.0 9.489795918367347 14.0 1.386278726477108 49 465.0
269 8.0 9.53061224489796 14.0 1.2926400764895616 49 467.0
270 8.0 9.612244897959183 15.0 1.4407221356350588 49 471.0
271 8.0 9.673469387755102 14.0 1.3289681947228966 49 474.0
272 8.0 9.755102040816327 15.0 1.3621461657512195 49 478.0
273 8.0 10.510204081632654 45.0 5.19263279793109 49 515.0
274 8.0 10.16326530612245 15.0 1.3896483184531228 49 498.0
275 8.0 9.959183673469388 16.0 1.5673648755351204 49 488.0
276 8.0 10.040816326530612 15.0 1.4136121532187995 49 492.0
277 9.0 10.489795918367347 32.0 3.4102935417374742 49 514.0
278 9.0 10.26530612244898 16.0 1.410902639625924 49 503.0
279 8.0 10.040816326530612 15.0 1.4282737785153645 49 492.0
280 9.0 10.224489795918368 15.0 1.3426544933211126 49 501.0
281 9.0 10.16326530612245 16.0 1.4339185642774805 49 498.0
282 9.0 11.244897959183673 34.0 4.607650396554709 49 551.0
283 8.0 10.36734693877551 16.0 1.4096967397136106 49 508.0
284 9.0 10.489795918367347 16.0 1.4451419909993826 49 514.0
285 9.0 10.428571428571429 16.0 1.527525231651946 49 511.0
286 9.0 10.571428571428571 16.0 1.443375672974064 49 518.0
287 9.0 10.653061224489797 16.0 1.4075839289388046 49 522.0
288 9.0 10.693877551020408 16.0 1.5166311575420082 49 524.0
289 9.0 10.63265306122449 16.0 1.481748369762058 49 521.0
290 9.0 12.244897959183673 49.0 7.110821015199587 49 600.0
291 9.0 10.653061224489797 17.0 1.535021992352814 49 522.0
292 9.0 10.795918367346939 16.0 1.399100780214663 49 529.0
293 9.0 10.857142857142858 16.0 1.3385315336840844 49 532.0
294 9.0 10.938775510204081 16.0 1.4492550279555427 49 536.0
295 9.0 11.061224489795919 17.0 1.4202136468577844 49 542.0
296 9.0 11.061224489795919 17.0 1.405467942023019 49 542.0
297 9.0 11.040816326530612 17.0 1.4713823386171785 49 541.0
298 9.0 11.224489795918368 16.0 1.5311393650161442 49 550.0
299 9.0 10.979591836734693 17.0 1.3917883567309983 49 538.0
300 10.0 11.571428571428571 35.0 3.6968455021364734 49 567.0
301 10.0 12.081632653061225 53.0 6.129969870419014 49 592.0
302 10.0 11.551020408163266 18.0 1.6080685164947095 49 566.0
303 10.0 11.306122448979592 17.0 1.4748457777093886 49 554.0
304 10.0 21.795918367346943 519.0 72.5212553875979 49 1068.0
305 9.0 11.448979591836736 17.0 1.4586127040472954 49 561.0
306 10.0 11.73469387755102 17.0 1.551551779725726 49 575.0
307 10.0 11.959183673469388 33.0 3.38476478548528 49 586.0
308 10.0 11.612244897959183 18.0 1.4974468066597597 49 569.0
309 10.0 12.224489795918368 35.0 3.6529970921288784 49 599.0
310 10.0 11.73469387755102 17.0 1.4687793997636498 49 575.0
311 10.0 11.73469387755102 18.0 1.510732578972886 49 575.0
312 10.0 11.83673469387755 18.0 1.532249691025016 49 580.0
313 10.0 12.224489795918368 32.0 3.267678241264794 49 599.0
314 10.0 12.46938775510204 39.0 4.118565895310355 49 611.0
315 10.0 11.89795918367347 17.0 1.5308616576836678 49 583.0
316 10.0 12.081632653061224 18.0 1.4977307097444332 49 592.0
317 10.0 12.83673469387755 34.0 4.4550857585063675 49 629.0
318 10.0 12.224489795918368 18.0 1.7110584701977238 49 599.0
319 10.0 12.10204081632653 18.0 1.5308616576836678 49 593.0
320 10.0 12.224489795918368 19.0 1.5311393650161442 49 599.0
321 10.0 12.346938775510203 18.0 1.6900569567345363 49 605.0
322 11.0 12.693877551020408 20.0 1.850721499315121 49 622.0
323 10.0 12.591836734693878 20.0 1.7668046409990503 49 617.0
324 10.0 12.571428571428571 19.0 1.8708286933869698 49 616.0
325 11.0 12.63265306122449 19.0 1.7040867245025553 49 619.0
326 11.0 13.224489795918368 31.0 3.2356433294017504 49 648.0
327 10.0 12.591836734693878 19.0 1.6945791924415288 49 617.0
328 10.0 12.775510204081632 19.0 1.7708908554082905 49 626.0
329 10.0 12.795918367346939 20.0 1.9146321648114581 49 627.0
330 11.0 12.857142857142858 20.0 1.892969448600091 49 630.0
331 10.0 13.36734693877551 35.0 3.609558361437844 49 655.0
332 11.0 12.816326530612244 19.0 1.7756861278080067 49 628.0
333 10.0 12.877551020408163 18.0 1.522506883690301 49 631.0
334 10.0 13.122448979591837 19.0 1.775207183462732 49 643.0
335 10.0 13.10204081632653 18.0 1.7108099684942568 49 642.0
336 11.0 13.10204081632653 19.0 1.7469604312345828 49 642.0
337 10.0 14.448979591836736 60.0 7.199714185559137 49 708.0
338 11.0 14.16326530612245 41.0 4.350990973212837 49 694.0
339 11.0 13.26530612244898 19.0 1.8117154647377904 49 650.0
340 11.0 13.285714285714286 20.0 1.791182105017056 49 651.0
341 11.0 13.183673469387756 19.0 1.8559978155042263 49 646.0
342 11.0 13.489795918367347 19.0 1.8041901343307267 49 661.0
343 11.0 13.448979591836734 19.0 1.7447686629105956 49 659.0
344 12.0 13.816326530612244 23.0 2.1953878680443824 49 677.0
345 11.0 14.142857142857142 44.0 4.681523968396047 49 693.0
346 12.0 13.816326530612244 19.0 1.7281187915832426 49 677.0
347 11.0 13.63265306122449 19.0 1.5504552765642259 49 668.0
348 11.0 13.693877551020408 20.0 1.7345037911058432 49 671.0
349 12.0 13.714285714285714 20.0 1.6708281379802852 49 672.0
350 12.0 13.795918367346939 20.0 1.632732778666066 49 676.0
351 11.0 13.714285714285714 20.0 1.7677669529663687 49 672.0
352 12.0 14.244897959183673 38.0 3.865071216705339 49 698.0
353 11.0 13.83673469387755 20.0 1.7481768929314874 49 678.0
354 12.0 14.224489795918368 20.0 1.7110584701977236 49 697.0
355 12.0 13.857142857142858 21.0 1.7320508075688774 49 679.0
356 12.0 14.183673469387756 21.0 1.728118791583243 49 695.0
357 12.0 14.408163265306122 33.0 3.1945159215112886 49 706.0
358 13.0 14.448979591836734 21.0 1.620972245415745 49 708.0
359 12.0 15.020408163265305 42.0 5.4332686444961755 49 736.0
360 12.0 14.183673469387756 21.0 1.7639145551367077 49 695.0
361 12.0 14.612244897959183 33.0 3.1938503834883756 49 716.0
362 13.0 15.081632653061225 42.0 4.241838902989074 49 739.0
363 12.0 14.89795918367347 40.0 4.068399039954086 49 730.0
364 12.0 14.46938775510204 20.0 1.6214967470458503 49 709.0
365 12.0 14.591836734693878 21.0 1.7549734963209889 49 715.0
366 13.0 14.714285714285714 20.0 1.6457014715109584 49 721.0
367 12.0 14.591836734693878 21.0 1.7189915569278158 49 715.0
368 13.0 14.653061224489797 21.0 1.8658222093776258 49 718.0
369 12.0 14.693877551020408 20.0 1.6857748173151348 49 720.0
370 13.0 15.714285714285714 42.0 4.2573465914816 49 770.0
371 13.0 15.510204081632654 46.0 4.835297513164658 49 760.0
372 12.0 15.326530612244898 31.0 2.853271186302669 49 751.0
373 12.0 14.83673469387755 21.0 1.7600537252158694 49 727.0
374 12.0 14.959183673469388 21.0 1.790707305245953 49 733.0
375 13.0 15.510204081632654 39.0 3.819481034662911 49 760.0
376 13.0 15.122448979591837 21.0 1.8329467743366197 49 741.0
377 13.0 15.10204081632653 21.0 1.6862791628215021 49 740.0
378 13.0 15.816326530612244 39.0 3.7896430646992503 49 775.0
379 13.0 15.795918367346939 42.0 4.232707918877773 49 774.0
380 13.0 15.183673469387756 21.0 1.7639145551367068 49 744.0
381 13.0 15.183673469387756 21.0 1.7989982095108172 49 744.0
382 13.0 15.36734693877551 22.0 1.911520746585255 49 753.0
383 13.0 15.46938775510204 22.0 1.826905863478906 49 758.0
384 13.0 15.408163265306122 22.0 1.8587447303998248 49 755.0
385 13.0 15.510204081632653 22.0 1.7926057497814905 49 760.0
386 13.0 15.795918367346939 22.0 1.8481927189908014 49 774.0
387 13.0 15.612244897959183 23.0 1.8909469247202169 49 765.0
388 13.0 15.775510204081632 23.0 1.950056688518407 49 773.0
389 13.0 15.673469387755102 22.0 1.7840468405430676 49 768.0
390 14.0 16.979591836734695 44.0 5.222107636124069 49 832.0
391 13.0 15.89795918367347 23.0 1.8956627904155283 49 779.0
392 14.0 16.102040816326532 28.0 2.5351273633289746 49 789.0
393 13.0 15.83673469387755 23.0 1.9402205499151186 49 776.0
394 13.0 16.93877551020408 57.0 6.1285131532360895 49 830.0
395 14.0 16.06122448979592 23.0 1.8642264175937493 49 787.0
396 14.0 16.163265306122447 23.0 1.8182745801939795 49 792.0
397 13.0 15.938775510204081 23.0 1.9728169714195714 49 781.0
398 14.0 16.346938775510203 23.0 1.8546228323678473 49 801.0
399 14.0 16.244897959183675 23.0 1.9206185228212507 49 796.0
400 14.0 16.714285714285715 37.0 3.5531676008879733 49 819.0
401 14.0 16.714285714285715 38.0 3.6343270812260866 49 819.0
402 14.0 16.755102040816325 24.0 2.046649825984915 49 821.0
403 14.0 16.367346938775512 23.0 1.9546299474050117 49 802.0
404 14.0 16.591836734693878 24.0 1.9570211988604307 49 813.0
405 14.0 16.775510204081634 27.0 2.4261192101314206 49 822.0
406 14.0 16.714285714285715 24.0 2.0103896803024695 49 819.0
407 14.0 16.448979591836736 24.0 2.052043945372881 49 806.0
408 14.0 16.653061224489797 24.0 2.0160917266682428 49 816.0
409 14.0 16.653061224489797 23.0 2.016091726668243 49 816.0
410 14.0 17.0 24.0 1.9895560643855537 49 833.0
411 14.0 16.79591836734694 24.0 1.9682859700419408 49 823.0
412 14.0 16.79591836734694 24.0 1.9997874036666858 49 823.0
413 14.0 16.755102040816325 23.0 1.909740517331456 49 821.0
414 14.0 16.93877551020408 24.0 1.8864446637491799 49 830.0
415 14.0 16.897959183673468 24.0 1.9498386467344726 49 828.0
416 15.0 17.183673469387756 25.0 1.9965957422130116 49 842.0
417 14.0 16.979591836734695 24.0 1.9630948771260754 49 832.0
418 15.0 18.448979591836736 71.0 7.882103210464081 49 904.0
419 14.0 16.959183673469386 25.0 1.8138263385436206 49 831.0
420 14.0 17.040816326530614 25.0 1.8366543822199894 49 835.0
421 14.0 17.285714285714285 26.0 2.2821773229381925 49 847.0
422 15.0 17.346938775510203 25.0 1.9208398814945864 49 850.0
423 14.0 17.142857142857142 25.0 1.8929694486000914 49 840.0
424 14.0 17.346938775510203 24.0 1.7023393268304263 49 850.0
425 14.0 17.346938775510203 24.0 1.8433554143662771 49 850.0
426 15.0 18.06122448979592 36.0 3.1715411820419033 49 885.0
427 14.0 17.428571428571427 24.0 1.7559422921421228 49 854.0
428 15.0 17.632653061224488 25.0 1.9439422739952579 49 864.0
429 15.0 17.632653061224488 25.0 1.9331955146749091 49 864.0
430 15.0 17.877551020408163 25.0 1.910853354974601 49 876.0
431 15.0 17.775510204081634 25.0 1.9923322401401933 49 871.0
432 15.0 18.081632653061224 30.0 2.588731467774302 49 886.0
433 15.0 19.367346938775512 66.0 7.64497078027722 49 949.0
434 15.0 18.26530612244898 25.0 2.0794180897156624 49 895.0
435 15.0 17.93877551020408 25.0 1.940877843327882 49 879.0
436 15.0 18.020408163265305 25.0 2.015458962601812 49 883.0
437 15.0 18.081632653061224 25.0 2.0086970766091707 49 886.0
438 15.0 18.489795918367346 33.0 2.9869329934705595 49 906.0
439 15.0 18.387755102040817 28.0 2.5561716697910133 49 901.0
440 16.0 18.224489795918366 25.0 1.9393438121613993 49 893.0
441 15.0 18.346938775510203 25.0 1.995317648146982 49 899.0
442 16.0 18.448979591836736 26.0 1.8936431431876224 49 904.0
443 16.0 18.387755102040817 26.0 2.0291246730488277 49 901.0
444 16.0 18.428571428571427 26.0 2.02072594216369 49 903.0
445 16.0 19.122448979591837 48.0 4.621654885163 49 937.0
446 16.0 18.775510204081634 36.0 3.1442096656820944 49 920.0
447 16.0 18.714285714285715 33.0 2.791355704074038 49 917.0
448 16.0 18.448979591836736 26.0 1.8491126756027687 49 904.0
449 16.0 18.510204081632654 26.0 1.815700610641246 49 907.0
450 16.0 18.73469387755102 26.0 1.9766924204767078 49 918.0
451 16.0 18.53061224489796 26.0 1.9159640830002367 49 908.0
452 16.0 18.489795918367346 26.0 1.8721917745830225 49 906.0
453 16.0 19.428571428571427 46.0 4.739022402704308 49 952.0
454 16.0 18.73469387755102 26.0 1.8794448449396077 49 918.0
455 16.0 19.20408163265306 39.0 3.634210092055394 49 941.0
456 16.0 18.93877551020408 27.0 1.9938255029100278 49 928.0
457 15.0 19.06122448979592 28.0 2.2583932642598867 49 934.0
458 16.0 19.775510204081634 55.0 5.478234608135061 49 969.0
459 16.0 19.06122448979592 27.0 1.9622283598130024 49 934.0
460 16.0 18.979591836734695 27.0 1.9524535410431596 49 930.0
461 16.0 18.857142857142858 27.0 1.9472202409246544 49 924.0
462 16.0 19.571428571428573 40.0 3.5355339059327378 49 959.0
463 16.0 19.081632653061224 27.0 2.0395744520801946 49 935.0
464 17.0 19.408163265306122 27.0 2.110670976914478 49 951.0
465 16.0 19.142857142857142 27.0 2.101586702153082 49 938.0
466 17.0 20.346938775510203 49.0 4.657212240207669 49 997.0
467 16.0 19.653061224489797 33.0 2.832482865556907 49 963.0
468 16.0 19.591836734693878 27.0 2.09083682755393 49 960.0
469 17.0 19.877551020408163 36.0 3.270019451147706 49 974.0
470 17.0 19.836734693877553 29.0 2.600856740059499 49 972.0
471 17.0 19.53061224489796 27.0 2.052458290444316 49 957.0
472 17.0 19.877551020408163 27.0 2.2139016564015863 49 974.0
473 16.0 19.73469387755102 28.0 2.2152455676899723 49 967.0
474 16.0 19.959183673469386 28.0 2.244986856619557 49 978.0
475 16.0 19.755102040816325 27.0 2.2595225550701525 49 968.0
476 17.0 19.877551020408163 27.0 2.0779863355865347 49 974.0
477 16.0 19.959183673469386 27.0 2.2263496250726713 49 978.0
478 17.0 20.102040816326532 27.0 2.1722194674953963 49 985.0
479 17.0 20.06122448979592 28.0 2.1928687761441075 49 983.0
480 17.0 20.20408163265306 28.0 2.2077476440625965 49 990.0
481 16.0 20.0 28.0 2.29128784747792 49 980.0
482 17.0 20.897959183673468 43.0 3.863530865451874 49 1024.0
483 17.0 20.142857142857142 27.0 2.0916500663351885 49 987.0
484 17.0 20.306122448979593 28.0 2.1525574095388356 49 995.0
485 17.0 20.510204081632654 35.0 3.049060299089376 49 1005.0
486 18.0 20.653061224489797 29.0 2.437134762449573 49 1012.0
487 17.0 20.224489795918366 29.0 2.153149883721221 49 991.0
488 17.0 20.510204081632654 30.0 2.227876875895448 49 1005.0
489 17.0 20.448979591836736 29.0 2.236638330264454 49 1002.0
490 17.0 20.79591836734694 29.0 2.160050075005348 49 1019.0
491 17.0 20.571428571428573 30.0 2.3273733406281565 49 1008.0
492 17.0 20.632653061224488 30.0 2.2793811070754537 49 1011.0
493 18.0 20.571428571428573 29.0 2.1698694277152564 49 1008.0
494 17.0 21.387755102040817 35.0 3.469007582211688 49 1048.0
495 17.0 21.020408163265305 35.0 3.0515692405600063 49 1030.0
496 18.0 21.020408163265305 30.0 2.504078306136872 49 1030.0
497 17.0 20.816326530612244 30.0 2.242333878906037 49 1020.0
498 18.0 21.367346938775512 30.0 2.3513637669713825 49 1047.0
499 18.0 20.89795918367347 30.0 2.25688666418276 49 1024.0
500 18.0 21.040816326530614 30.0 2.344845265625835 49 1031.0
501 18.0 20.897959183673468 30.0 2.143253931517679 49 1024.0
502 18.0 21.489795918367346 33.0 2.8876349101210246 49 1053.0
503 18.0 21.122448979591837 30.0 2.2044713374301383 49 1035.0
504 18.0 21.122448979591837 30.0 2.2604631997780946 49 1035.0
505 18.0 21.285714285714285 30.0 2.3094010767585025 49 1043.0
506 18.0 21.428571428571427 30.0 2.236067977499789 49 1050.0
507 18.0 21.26530612244898 31.0 2.325362966328067 49 1042.0
508 18.0 22.306122448979593 61.0 6.073179019373673 49 1093.0
509 18.0 21.836734693877553 34.0 3.261817864674991 49 1070.0
510 19.0 21.632653061224488 31.0 2.3156521539210475 49 1060.0
511 18.0 21.489795918367346 31.0 2.390279350651229 49 1053.0
512 18.0 21.571428571428573 31.0 2.362907813126304 49 1057.0
513 18.0 21.489795918367346 31.0 2.3902793506512285 49 1053.0
514 18.0 22.244897959183675 32.0 2.8543140758398344 49 1090.0
515 18.0 21.6734693877551 31.0 2.3663241104967776 49 1062.0
516 19.0 21.89795918367347 32.0 2.3384904136998266 49 1073.0
517 19.0 22.102040816326532 34.0 2.9172254080945907 49 1083.0
518 19.0 22.142857142857142 35.0 2.893959225697557 49 1085.0
519 19.0 22.04081632653061 35.0 2.7985054320228193 49 1080.0
520 19.0 21.857142857142858 31.0 2.362907813126304 49 1071.0
521 19.0 21.979591836734695 31.0 2.545337206854652 49 1077.0
522 19.0 22.224489795918366 30.0 2.1819840562590525 49 1089.0
523 18.0 22.040816326530614 30.0 2.2449868566195565 49 1080.0
524 19.0 22.122448979591837 31.0 2.3240827317928434 49 1084.0
525 19.0 22.10204081632653 32.0 2.408707277420675 49 1083.0
526 19.0 22.612244897959183 41.0 3.456975596111267 49 1108.0
527 19.0 22.10204081632653 31.0 2.27527377436196 49 1083.0
528 19.0 22.3265306122449 33.0 2.4948927423675684 49 1094.0
529 19.0 22.959183673469386 51.0 4.707968350190407 49 1125.0
530 19.0 23.367346938775512 35.0 3.4198798562657893 49 1145.0
531 20.0 23.285714285714285 61.0 5.909032633745279 49 1141.0
532 19.0 22.979591836734695 36.0 3.0447344979924447 49 1126.0
533 19.0 22.653061224489797 31.0 2.2780750317625924 49 1110.0
534 20.0 22.897959183673468 31.0 2.4769344120571004 49 1122.0
535 19.0 22.79591836734694 32.0 2.4493161616794077 49 1117.0
536 20.0 22.93877551020408 31.0 2.3927682997010855 49 1124.0
537 20.0 22.93877551020408 32.0 2.4444508864066834 49 1124.0
538 20.0 23.20408163265306 32.0 2.39773844692534 49 1137.0
539 20.0 23.020408163265305 32.0 2.3934789526124183 49 1128.0
540 20.0 23.122448979591837 32.0 2.4034060298288518 49 1133.0
541 19.0 23.122448979591837 32.0 2.4801936505478124 49 1133.0
542 19.0 23.877551020408163 34.0 3.263642220620648 49 1170.0
543 19.0 23.163265306122447 32.0 2.4609190252788875 49 1135.0
544 20.0 23.285714285714285 32.0 2.432419919887738 49 1141.0
545 20.0 23.551020408163264 42.0 3.559384453395675 49 1154.0
546 20.0 23.79591836734694 37.0 3.0275099217889623 49 1166.0
547 20.0 23.244897959183675 32.0 2.3051627947292754 49 1139.0
548 20.0 23.693877551020407 39.0 3.2158726241401228 49 1161.0
549 20.0 23.285714285714285 32.0 2.3452078799117144 49 1141.0
550 21.0 24.224489795918366 54.0 4.840219115746246 49 1187.0
551 20.0 23.46938775510204 33.0 2.264785133446498 49 1150.0
552 20.0 23.387755102040817 32.0 2.1872388085076993 49 1146.0
553 20.0 23.816326530612244 42.0 3.4197555309051646 49 1167.0
554 21.0 23.6734693877551 32.0 2.1735891506718485 49 1160.0
555 20.0 23.53061224489796 32.0 2.161230752915324 49 1153.0
556 21.0 23.89795918367347 34.0 2.6944765876942873 49 1171.0
557 21.0 23.755102040816325 33.0 2.3675815037440096 49 1164.0
558 21.0 24.122448979591837 39.0 3.1861199827090116 49 1182.0
559 20.0 23.53061224489796 33.0 2.3193213879668058 49 1153.0
560 20.0 24.183673469387756 43.0 3.5571141708539225 49 1185.0
561 20.0 23.816326530612244 32.0 2.3064535311071106 49 1167.0
562 21.0 24.510204081632654 33.0 2.566794766659318 49 1201.0
563 21.0 24.020408163265305 33.0 2.2775150559177364 49 1177.0
564 21.0 24.163265306122447 34.0 2.392235171475885 49 1184.0
565 20.0 24.183673469387756 33.0 2.3333940711239625 49 1185.0
566 21.0 24.346938775510203 33.0 2.4795078511013977 49 1193.0
567 21.0 24.73469387755102 60.0 5.4496770172035625 49 1212.0
568 21.0 24.408163265306122 35.0 2.5488426078233597 49 1196.0
569 21.0 24.571428571428573 36.0 2.872281323269014 49 1204.0
570 21.0 24.693877551020407 34.0 2.3909907433308635 49 1210.0
571 21.0 24.387755102040817 33.0 2.404997631067893 49 1195.0
572 21.0 24.489795918367346 34.0 2.5010202000016566 49 1200.0
573 21.0 24.448979591836736 34.0 2.345751696239004 49 1198.0
574 21.0 25.122448979591837 49.0 4.245746170488491 49 1231.0
575 22.0 24.551020408163264 34.0 2.3897456671665913 49 1203.0
576 22.0 25.693877551020407 73.0 7.294987096266444 49 1259.0
577 21.0 24.79591836734694 33.0 2.3001774554435164 49 1215.0
578 21.0 26.040816326530614 68.0 6.541403976700613 49 1276.0
579 22.0 24.897959183673468 34.0 2.3913463603096035 49 1220.0
580 22.0 25.46938775510204 43.0 3.851958597131283 49 1248.0
581 21.0 25.224489795918366 45.0 3.6983403153895087 49 1236.0
582 22.0 25.367346938775512 37.0 2.8773097790515787 49 1243.0
583 21.0 24.979591836734695 35.0 2.393478952612418 49 1224.0
584 22.0 24.979591836734695 35.0 2.410824512471194 49 1224.0
585 22.0 25.122448979591837 35.0 2.3860065404110586 49 1231.0
586 22.0 25.306122448979593 36.0 2.542997588416843 49 1240.0
587 22.0 25.081632653061224 35.0 2.4395759082768658 49 1229.0
588 22.0 25.489795918367346 36.0 2.5748984525251335 49 1249.0
589 22.0 25.46938775510204 35.0 2.6148776327036045 49 1248.0
590 22.0 25.836734693877553 36.0 3.0505937862946597 49 1266.0
591 21.0 25.489795918367346 35.0 2.7319288742845513 49 1249.0
592 22.0 25.89795918367347 40.0 3.4715804395547756 49 1269.0
593 22.0 25.632653061224488 35.0 2.826171420483758 49 1256.0
594 22.0 26.306122448979593 36.0 2.931183504097599 49 1289.0
595 22.0 25.918367346938776 36.0 2.949835692414901 49 1270.0
596 22.0 25.93877551020408 44.0 3.8046471762903895 49 1271.0
597 22.0 25.73469387755102 36.0 2.782201692635421 49 1261.0
598 22.0 25.73469387755102 36.0 2.8193934794272217 49 1261.0
599 21.0 25.755102040816325 36.0 2.8543140758398344 49 1262.0
600 22.0 25.73469387755102 36.0 2.7971377498858967 49 1261.0
601 22.0 26.3265306122449 40.0 3.466432815241777 49 1290.0
602 23.0 26.20408163265306 36.0 2.6218599619094727 49 1284.0
603 22.0 26.306122448979593 51.0 4.560720345299329 49 1289.0
604 23.0 26.06122448979592 37.0 2.786935019465127 49 1277.0
605 23.0 26.020408163265305 37.0 2.665284505751429 49 1275.0
606 23.0 26.306122448979593 37.0 2.747757279678686 49 1289.0
607 22.0 26.591836734693878 45.0 4.271603754967891 49 1303.0
608 22.0 26.20408163265306 38.0 2.7460546838201547 49 1284.0
609 22.0 26.06122448979592 37.0 2.577209111174545 49 1277.0
610 23.0 27.306122448979593 41.0 3.692357431419737 49 1338.0
611 23.0 27.551020408163264 55.0 5.84544418218794 49 1350.0
612 23.0 26.285714285714285 36.0 2.533114025595111 49 1288.0
613 23.0 26.306122448979593 36.0 2.5674572508016325 49 1289.0
614 23.0 26.53061224489796 36.0 2.3638073174464966 49 1300.0
615 23.0 26.448979591836736 37.0 2.550010003981977 49 1296.0
616 23.0 26.93877551020408 41.0 3.7383606214562053 49 1320.0
617 23.0 26.448979591836736 36.0 2.566297791321478 49 1296.0
618 23.0 26.775510204081634 37.0 2.5679540017496496 49 1312.0
619 23.0 26.755102040816325 37.0 2.5374742383330866 49 1311.0
620 23.0 26.714285714285715 38.0 2.5739075352467498 49 1309.0
621 23.0 26.612244897959183 38.0 2.721950331185744 49 1304.0
622 23.0 26.836734693877553 37.0 2.6247772824209155 49 1315.0
623 23.0 27.142857142857142 52.0 4.425306015783918 49 1330.0
624 23.0 27.551020408163264 50.0 4.4956517162410945 49 1350.0
625 23.0 26.918367346938776 37.0 2.7221065272281737 49 1319.0
626 23.0 27.387755102040817 37.0 2.5316029715265738 49 1342.0
627 23.0 26.877551020408163 37.0 2.546506209996554 49 1317.0
628 23.0 27.448979591836736 42.0 3.3232841718810064 49 1345.0
629 23.0 27.142857142857142 36.0 2.590045044653342 49 1330.0
630 24.0 27.755102040816325 39.0 3.152582355816271 49 1360.0
631 23.0 27.26530612244898 37.0 2.667516871268746 49 1336.0
632 23.0 27.3265306122449 36.0 2.656656381478738 49 1339.0
633 23.0 27.285714285714285 37.0 2.730994934695657 49 1337.0
634 24.0 27.6734693877551 37.0 2.7032985645784118 49 1356.0
635 23.0 27.714285714285715 46.0 3.7305048809332315 49 1358.0
636 24.0 27.79591836734694 48.0 3.8674905291671076 49 1362.0
637 24.0 27.836734693877553 38.0 2.932198682839595 49 1364.0
638 24.0 27.93877551020408 39.0 3.0714285714285707 49 1369.0
639 23.0 27.612244897959183 37.0 2.6600150886994696 49 1353.0
640 24.0 27.632653061224488 37.0 2.5795177000024334 49 1354.0
641 23.0 27.816326530612244 37.0 2.6822989936165698 49 1363.0
642 24.0 28.183673469387756 37.0 2.6667198123955824 49 1381.0
643 24.0 28.06122448979592 38.0 2.7944003774312223 49 1375.0
644 24.0 28.46938775510204 44.0 3.54789867865665 49 1395.0
645 24.0 27.918367346938776 37.0 2.790136904450789 49 1368.0
646 24.0 28.408163265306122 41.0 3.2010308713687516 49 1392.0
647 24.0 28.367346938775512 43.0 3.36460669786121 49 1390.0
648 24.0 28.224489795918366 37.0 2.6478395762902087 49 1383.0
649 24.0 28.53061224489796 48.0 3.8789068521101324 49 1398.0
650 24.0 29.06122448979592 43.0 3.821039143486287 49 1424.0
651 25.0 28.346938775510203 38.0 2.696842446950409 49 1389.0
652 25.0 28.46938775510204 38.0 2.821805279251849 49 1395.0
653 24.0 28.979591836734695 54.0 4.776198784591361 49 1420.0
654 24.0 28.714285714285715 39.0 3.0207614933986435 49 1407.0
655 24.0 28.448979591836736 38.0 2.814110461064887 49 1394.0
656 25.0 28.693877551020407 38.0 2.90261435055145 49 1406.0
657 25.0 28.653061224489797 38.0 2.6813477675117303 49 1404.0
658 25.0 29.122448979591837 38.0 3.0182269426852275 49 1427.0
659 25.0 29.244897959183675 48.0 4.225570041647726 49 1433.0
660 26.0 29.571428571428573 49.0 4.69041575982343 49 1449.0
661 25.0 28.755102040816325 38.0 2.5701054797168816 49 1409.0
662 25.0 29.306122448979593 47.0 3.8144685171105044 49 1436.0
663 25.0 28.775510204081634 38.0 2.608202654786505 49 1410.0
664 25.0 28.877551020408163 39.0 2.728191197640727 49 1415.0
665 25.0 28.693877551020407 38.0 2.7095823911986656 49 1406.0
666 25.0 29.26530612244898 40.0 3.114318479513092 49 1434.0
667 25.0 29.122448979591837 39.0 2.720544163254418 49 1427.0
668 26.0 29.26530612244898 38.0 2.7369045029930077 49 1434.0
669 25.0 29.142857142857142 44.0 3.0889588321417736 49 1428.0
670 26.0 30.20408163265306 81.0 7.788826376709817 49 1480.0
671 25.0 29.408163265306122 42.0 3.271839233946118 49 1441.0
672 25.0 29.122448979591837 39.0 2.8768664453216597 49 1427.0
673 25.0 29.20408163265306 39.0 2.9929054434106797 49 1431.0
674 26.0 29.693877551020407 40.0 2.8882238027365332 49 1455.0
675 25.0 29.387755102040817 39.0 2.6756333092264675 49 1440.0
676 25.0 29.836734693877553 54.0 4.510852371298163 49 1462.0
677 25.0 29.755102040816325 42.0 3.2309093936853235 49 1458.0
678 26.0 29.816326530612244 40.0 3.0867557766188436 49 1461.0
679 26.0 29.877551020408163 42.0 3.2056763005983124 49 1464.0
680 26.0 29.79591836734694 40.0 2.9789511006164475 49 1460.0
681 26.0 29.571428571428573 39.0 2.7003086243366075 49 1449.0
682 26.0 30.244897959183675 43.0 3.282089097440441 49 1482.0
683 25.0 29.816326530612244 40.0 2.8038178538954934 49 1461.0
684 26.0 29.877551020408163 40.0 2.7886126558232642 49 1464.0
685 26.0 30.346938775510203 51.0 3.99244609861425 49 1487.0
686 26.0 30.10204081632653 41.0 2.8885182040219153 49 1475.0
687 25.0 30.020408163265305 40.0 2.926102327317343 49 1471.0
688 26.0 30.040816326530614 41.0 2.7534764667709117 49 1472.0
689 26.0 29.816326530612244 40.0 2.7664166758624416 49 1461.0
690 27.0 30.591836734693878 41.0 3.054493734285457 49 1499.0
691 26.0 30.3265306122449 46.0 3.5495760022738443 49 1486.0
692 27.0 30.20408163265306 41.0 2.813506055890161 49 1480.0
693 26.0 30.510204081632654 41.0 3.3672593268338655 49 1495.0
694 26.0 30.408163265306122 42.0 2.8789347519738007 49 1490.0
695 26.0 30.571428571428573 46.0 3.5823642100341133 49 1498.0
696 26.0 31.285714285714285 55.0 5.458174297937605 49 1533.0
697 26.0 30.346938775510203 42.0 3.139473286557285 49 1487.0
698 27.0 30.73469387755102 42.0 2.870652584083174 49 1506.0
699 26.0 30.714285714285715 46.0 3.634327081226087 49 1505.0
700 26.0 30.693877551020407 42.0 3.070043984705628 49 1504.0
701 26.0 30.918367346938776 47.0 4.142446613485588 49 1515.0
702 27.0 30.73469387755102 43.0 2.811994474598069 49 1506.0
703 26.0 30.79591836734694 42.0 3.0685202177157986 49 1509.0
704 27.0 31.040816326530614 44.0 3.439714036524144 49 1521.0
705 27.0 31.06122448979592 50.0 3.853613905940035 49 1522.0
706 27.0 31.775510204081634 48.0 4.2976025589975215 49 1557.0
707 26.0 31.081632653061224 47.0 3.7127973208321285 49 1523.0
708 27.0 31.081632653061224 41.0 3.019635289055876 49 1523.0
709 27.0 30.959183673469386 41.0 3.04794455106955 49 1517.0
710 27.0 31.244897959183675 41.0 2.996738590012606 49 1531.0
711 27.0 31.183673469387756 42.0 3.2059415503857522 49 1528.0
712 27.0 32.204081632653065 68.0 6.003400396985914 49 1578.0
713 27.0 31.20408163265306 41.0 3.068520217715798 49 1529.0
714 27.0 31.857142857142858 42.0 3.523729085310996 49 1561.0
715 27.0 31.346938775510203 42.0 3.5151518483568824 49 1536.0
716 26.0 31.428571428571427 43.0 3.62859017617954 49 1540.0
717 26.0 32.40816326530612 62.0 5.823509706879732 49 1588.0
718 26.0 32.183673469387756 53.0 4.603773223254644 49 1577.0
719 26.0 31.346938775510203 41.0 3.1394732865572856 49 1536.0
720 26.0 31.510204081632654 43.0 3.2858436827522683 49 1544.0
721 27.0 31.591836734693878 41.0 3.1485338343620266 49 1548.0
722 26.0 32.44897959183673 53.0 4.3496227062901465 49 1590.0
723 26.0 31.959183673469386 50.0 4.1178432040403425 49 1566.0
724 26.0 32.183673469387756 53.0 4.442566213105116 49 1577.0
725 26.0 32.244897959183675 58.0 4.879936014970285 49 1580.0
726 26.0 32.12244897959184 42.0 3.533368630294752 49 1574.0
727 26.0 31.79591836734694 42.0 3.329036346031277 49 1558.0
728 27.0 32.08163265306123 42.0 3.3406382542230206 49 1572.0
729 27.0 31.857142857142858 42.0 3.272358986011977 49 1561.0
730 27.0 32.30612244897959 42.0 3.2288031943782536 49 1583.0
731 27.0 32.10204081632653 42.0 3.2866199579962583 49 1573.0
732 27.0 32.61224489795919 45.0 3.7904283318347423 49 1598.0
733 27.0 32.40816326530612 42.0 3.4875873187810575 49 1588.0
734 28.0 32.95918367346939 48.0 3.931492420577868 49 1615.0
735 27.0 32.51020408163265 48.0 3.9534923853241875 49 1593.0
736 27.0 32.97959183673469 52.0 4.552882767719661 49 1616.0
737 27.0 32.224489795918366 43.0 3.2291982113886073 49 1579.0
738 27.0 33.12244897959184 49.0 3.9403503072972694 49 1623.0
739 28.0 33.08163265306123 46.0 3.9887170801622727 49 1621.0
740 28.0 32.38775510204081 42.0 3.1742212071796185 49 1587.0
741 28.0 33.08163265306123 47.0 3.8721050190964044 49 1621.0
742 28.0 32.69387755102041 42.0 3.299015520024201 49 1602.0
743 27.0 32.673469387755105 43.0 3.3190595750279974 49 1601.0
744 28.0 33.795918367346935 61.0 5.873597676029911 49 1656.0
745 28.0 32.6530612244898 43.0 3.263121080142978 49 1600.0
746 28.0 33.06122448979592 43.0 3.526141442056424 49 1620.0
747 28.0 32.857142857142854 43.0 3.3040379335998353 49 1610.0
748 28.0 33.16326530612245 55.0 4.515468500865986 49 1625.0
749 28.0 33.10204081632653 47.0 3.7762685393960864 49 1622.0
750 28.0 32.816326530612244 43.0 3.3333758500689856 49 1608.0
751 28.0 33.08163265306123 46.0 3.7015578628794796 49 1621.0
752 28.0 33.02040816326531 43.0 3.3197000110349295 49 1618.0
753 29.0 32.93877551020408 43.0 3.287654706532874 49 1614.0
754 28.0 34.244897959183675 53.0 4.413665390225085 49 1678.0
755 28.0 33.204081632653065 43.0 3.4216199369885136 49 1627.0
756 29.0 33.326530612244895 43.0 3.223531675443105 49 1633.0
757 28.0 33.6530612244898 53.0 4.474702133513858 49 1649.0
758 28.0 33.93877551020408 45.0 3.7103917317071917 49 1663.0
759 27.0 33.57142857142857 49.0 4.1432676315520185 49 1645.0
760 27.0 33.244897959183675 43.0 3.4431732713981655 49 1629.0
761 27.0 33.87755102040816 49.0 4.111126432526453 49 1660.0
762 28.0 33.93877551020408 52.0 4.0125229140846566 49 1663.0
763 28.0 33.87755102040816 52.0 4.100978811318627 49 1660.0
764 28.0 33.734693877551024 52.0 4.121971161774839 49 1653.0
765 28.0 34.59183673469388 68.0 6.499738351615071 49 1695.0
766 29.0 34.714285714285715 60.0 5.6161968151647494 49 1701.0
767 29.0 34.30612244897959 56.0 5.3432359173095865 49 1681.0
768 28.0 34.326530612244895 54.0 4.239633214786199 49 1682.0
769 29.0 34.08163265306123 54.0 4.2760804418974905 49 1670.0
770 29.0 34.57142857142857 54.0 4.242640687119286 49 1694.0
771 28.0 34.40816326530612 54.0 5.037022795209068 49 1686.0
772 28.0 34.204081632653065 53.0 4.143165013191076 49 1676.0
773 28.0 34.48979591836735 53.0 4.628365662680834 49 1690.0
774 29.0 34.61224489795919 53.0 4.275981010884189 49 1696.0
775 28.0 34.244897959183675 53.0 4.170984157670395 49 1678.0
776 29.0 34.55102040816327 53.0 4.340032759523999 49 1693.0
777 29.0 35.02040816326531 73.0 7.189372352989653 49 1716.0
778 29.0 34.87755102040816 57.0 4.626160453790776 49 1709.0
779 28.0 34.244897959183675 46.0 3.7778444705330863 49 1678.0
780 29.0 34.224489795918366 45.0 3.3619519759263925 49 1677.0
781 28.0 34.224489795918366 45.0 3.5193826762329645 49 1677.0
782 29.0 34.83673469387755 48.0 3.9599397026949275 49 1707.0
783 29.0 34.326530612244895 45.0 3.4844162298131134 49 1682.0
784 29.0 34.326530612244895 45.0 3.5023073055608687 49 1682.0
785 28.0 34.326530612244895 45.0 3.4844162298131134 49 1682.0
786 29.0 35.02040816326531 45.0 3.5088566271553434 49 1716.0
787 29.0 34.48979591836735 45.0 3.3919171630239338 49 1690.0
788 29.0 34.87755102040816 48.0 3.8924748610900086 49 1709.0
789 29.0 35.142857142857146 62.0 5.259911279353166 49 1722.0
790 29.0 34.89795918367347 46.0 3.4715804395547742 49 1710.0
791 29.0 35.16326530612245 53.0 4.921665278708647 49 1723.0
792 29.0 34.91836734693877 46.0 3.6448407297957797 49 1711.0
793 29.0 34.857142857142854 47.0 3.719318934070233 49 1708.0
794 29.0 35.61224489795919 47.0 4.217109626917727 49 1745.0
795 29.0 34.857142857142854 46.0 3.634327081226089 49 1708.0
796 29.0 35.224489795918366 46.0 4.016970801707265 49 1726.0
797 28.0 35.61224489795919 48.0 4.362798827065281 49 1745.0
798 29.0 35.285714285714285 47.0 3.6571847095819496 49 1729.0
799 29.0 35.04081632653061 47.0 3.564636398436905 49 1717.0
800 30.0 35.06122448979592 47.0 3.6991449646354417 49 1718.0
801 29.0 35.10204081632653 48.0 3.612737293009183 49 1720.0
802 30.0 36.89795918367347 54.0 5.164965706401091 49 1808.0
803 29.0 36.857142857142854 101.0 10.204165815979275 49 1806.0
804 30.0 35.224489795918366 47.0 3.280404612508754 49 1726.0
805 30.0 35.55102040816327 50.0 3.9320331068979444 49 1742.0
806 29.0 35.46938775510204 47.0 3.3360533120260936 49 1738.0
807 29.0 35.265306122448976 47.0 3.2517656114542968 49 1728.0
808 30.0 35.44897959183673 47.0 3.3482658726184655 49 1737.0
809 30.0 35.46938775510204 48.0 3.360940101719597 49 1738.0
810 30.0 35.857142857142854 48.0 3.322900339562814 49 1757.0
811 29.0 35.6530612244898 52.0 4.085293851161768 49 1747.0
812 30.0 35.36734693877551 46.0 3.219044096926785 49 1733.0
813 30.0 35.48979591836735 46.0 3.1564909906650556 49 1739.0
814 30.0 35.795918367346935 52.0 4.005098791107481 49 1754.0
815 30.0 35.46938775510204 46.0 3.136492473131986 49 1738.0
816 31.0 36.265306122448976 48.0 3.893239387087581 49 1777.0
817 30.0 35.83673469387755 48.0 3.1973096684003344 49 1756.0
818 30.0 36.51020408163265 48.0 3.50667487906749 49 1789.0
819 30.0 35.857142857142854 48.0 3.24679328979636 49 1757.0
820 30.0 36.3469387755102 59.0 4.5577361906623635 49 1781.0
821 30.0 36.3469387755102 54.0 4.002868869157902 49 1781.0
822 31.0 36.48979591836735 51.0 4.193856861428352 49 1788.0
823 31.0 35.87755102040816 47.0 3.231567299451514 49 1758.0
824 31.0 36.10204081632653 46.0 3.254771484292866 49 1769.0
825 31.0 36.36734693877551 51.0 3.8334812157218816 49 1782.0
826 31.0 36.42857142857143 47.0 3.278719262151001 49 1785.0
827 31.0 36.42857142857143 54.0 4.087582822810241 49 1785.0
828 31.0 36.42857142857143 54.0 4.0259574430603875 49 1785.0
829 31.0 36.265306122448976 47.0 3.1409626324589413 49 1777.0
830 31.0 36.857142857142854 58.0 4.430011286667338 49 1806.0
831 30.0 36.244897959183675 47.0 3.0857914452434096 49 1776.0
832 30.0 36.30612244897959 47.0 3.1898542393073717 49 1779.0
833 30.0 36.326530612244895 47.0 3.2811821745500556 49 1780.0
834 31.0 37.38775510204081 49.0 3.8178109267103366 49 1832.0
835 30.0 36.46938775510204 47.0 3.310979467470857 49 1787.0
836 31.0 36.53061224489796 48.0 3.2538569473800782 49 1790.0
837 31.0 36.48979591836735 47.0 3.348646797461575 49 1788.0
838 31.0 37.244897959183675 50.0 3.7446106397778416 49 1825.0
839 31.0 37.224489795918366 55.0 4.336210452507508 49 1824.0
840 31.0 37.204081632653065 55.0 4.51377332836552 49 1823.0
841 31.0 36.6530612244898 47.0 3.2631210801429775 49 1796.0
842 31.0 37.53061224489796 60.0 4.619262390686807 49 1839.0
843 31.0 37.46938775510204 67.0 5.370063783048911 49 1836.0
844 32.0 37.06122448979592 47.0 3.466555466557702 49 1816.0
845 31.0 37.0 47.0 3.3478849044334447 49 1813.0
846 31.0 37.244897959183675 48.0 3.3573961403947283 49 1825.0
847 30.0 37.63265306122449 63.0 5.329532021165259 49 1844.0
848 31.0 37.326530612244895 48.0 3.502307305560869 49 1829.0
849 31.0 37.59183673469388 57.0 4.531916295136357 49 1842.0
850 32.0 37.89795918367347 48.0 3.5369766866114145 49 1857.0
851 31.0 38.285714285714285 75.0 6.601767440112787 49 1876.0
852 31.0 37.63265306122449 64.0 5.081395303584688 49 1844.0
853 31.0 37.53061224489796 61.0 4.856705162351695 49 1839.0
854 31.0 38.0 55.0 4.641300105214773 49 1862.0
855 32.0 37.44897959183673 50.0 3.808221503590379 49 1835.0
856 32.0 38.04081632653061 50.0 4.092468609498171 49 1864.0
857 31.0 37.6530612244898 50.0 3.8543861401015347 49 1845.0
858 31.0 38.244897959183675 60.0 4.793792045643067 49 1874.0
859 31.0 37.6530612244898 49.0 3.6260114704277306 49 1845.0
860 32.0 37.857142857142854 51.0 3.878358759406699 49 1855.0
861 32.0 37.93877551020408 50.0 4.012522914084656 49 1859.0
862 32.0 38.775510204081634 54.0 4.8229715344141 49 1900.0
863 31.0 37.91836734693877 52.0 4.004355621767156 49 1858.0
864 32.0 38.91836734693877 66.0 5.769303592772548 49 1907.0
865 32.0 38.6530612244898 54.0 4.8285221186549565 49 1894.0
866 32.0 38.59183673469388 52.0 3.910021138833197 49 1891.0
867 32.0 38.183673469387756 52.0 3.8926933124110614 49 1871.0
868 32.0 38.36734693877551 53.0 3.8659511418656765 49 1880.0
869 33.0 39.04081632653061 91.0 8.336563999618063 49 1913.0
870 32.0 38.6530612244898 58.0 4.502550297739435 49 1894.0
871 31.0 38.285714285714285 53.0 3.9947882714022955 49 1876.0
872 33.0 38.95918367346939 60.0 5.377263801078999 49 1909.0
873 32.0 38.40816326530612 53.0 3.999574807333372 49 1882.0
874 32.0 39.142857142857146 53.0 4.178317045573892 49 1918.0
875 32.0 38.40816326530612 53.0 4.066726608234496 49 1882.0
876 32.0 39.183673469387756 56.0 4.794412848078807 49 1920.0
877 33.0 39.204081632653065 57.0 4.600632165967044 49 1921.0
878 32.0 39.57142857142857 58.0 4.8776702088873 49 1939.0
879 32.0 38.69387755102041 53.0 3.8090029405817667 49 1896.0
880 32.0 38.69387755102041 53.0 3.900876405975185 49 1896.0
881 33.0 38.857142857142854 54.0 3.9210967853395307 49 1904.0
882 32.0 39.53061224489796 53.0 4.183808277237411 49 1937.0
883 32.0 39.142857142857146 51.0 3.662876829305986 49 1918.0
884 33.0 39.44897959183673 60.0 4.877931701764061 49 1933.0
885 32.0 38.69387755102041 51.0 3.477331841325167 49 1896.0
886 33.0 38.91836734693877 51.0 3.593029911589692 49 1907.0
887 32.0 38.755102040816325 51.0 3.4249733103880913 49 1899.0
888 33.0 38.87755102040816 50.0 3.4618916617293243 49 1905.0
889 32.0 39.38775510204081 65.0 5.1023537319008145 49 1930.0
890 33.0 39.36734693877551 51.0 3.64973673451833 49 1929.0
891 32.0 39.57142857142857 66.0 5.27967802048572 49 1939.0
892 33.0 39.16326530612245 52.0 3.5139421047658503 49 1919.0
893 33.0 39.224489795918366 52.0 3.5312020269452216 49 1922.0
894 33.0 39.16326530612245 52.0 3.653462619987544 49 1919.0
895 32.0 39.285714285714285 52.0 3.476108935769035 49 1925.0
896 33.0 39.204081632653065 53.0 3.582245523857526 49 1921.0
897 33.0 39.816326530612244 59.0 5.242746852349743 49 1951.0
898 33.0 39.734693877551024 52.0 3.7292509871514525 49 1947.0
899 34.0 39.53061224489796 58.0 4.411641988422635 49 1937.0
900 33.0 39.97959183673469 59.0 5.305224610067447 49 1959.0
901 33.0 39.89795918367347 60.0 5.095933419400804 49 1955.0
902 33.0 39.83673469387755 58.0 4.27369345909518 49 1952.0
903 33.0 39.61224489795919 51.0 3.57547389942119 49 1941.0
904 33.0 40.04081632653061 51.0 4.0205678686467365 49 1962.0
905 33.0 40.142857142857146 53.0 4.153311931459038 49 1967.0
906 34.0 41.142857142857146 65.0 5.385164807134504 49 2016.0
907 33.0 39.93877551020408 51.0 3.793679849792427 49 1957.0
908 33.0 40.16326530612245 55.0 4.155051838703451 49 1968.0
909 33.0 39.755102040816325 51.0 3.503156982428482 49 1948.0
910 34.0 40.08163265306123 52.0 3.6219052001552408 49 1964.0
911 33.0 40.04081632653061 51.0 3.7358576864036483 49 1962.0
912 34.0 40.06122448979592 51.0 3.7271982510621955 49 1963.0
913 34.0 40.06122448979592 54.0 4.365624064138799 49 1963.0
914 34.0 40.673469387755105 51.0 4.038294581782227 49 1993.0
915 34.0 40.0 52.0 3.926406329796582 49 1960.0
916 34.0 40.714285714285715 56.0 4.847679857416329 49 1995.0
917 33.0 40.55102040816327 51.0 3.9161057638605086 49 1987.0
918 34.0 40.91836734693877 60.0 4.581833397114257 49 2005.0
919 35.0 41.61224489795919 68.0 5.999362211000059 49 2039.0
920 35.0 40.46938775510204 52.0 3.6061408320641424 49 1983.0
921 34.0 40.326530612244895 51.0 3.596223453743065 49 1976.0
922 34.0 40.795918367346935 52.0 3.691090578658826 49 1999.0
923 34.0 40.816326530612244 54.0 4.131552721575324 49 2000.0
924 34.0 40.61224489795919 52.0 3.812350142030789 49 1990.0
925 34.0 41.183673469387756 68.0 5.360633783222198 49 2018.0
926 34.0 41.0 53.0 4.173328008516305 49 2009.0
927 34.0 40.775510204081634 53.0 4.11433118361118 49 1998.0
928 35.0 41.183673469387756 53.0 4.376421052011541 49 2018.0
929 35.0 41.08163265306123 53.0 4.06630839282736 49 2013.0
930 36.0 41.857142857142854 59.0 4.677071733467428 49 2051.0
931 35.0 41.285714285714285 52.0 4.077376607575024 49 2023.0
932 35.0 41.59183673469388 56.0 4.27160375496789 49 2038.0
933 34.0 41.16326530612245 52.0 3.8962959909354398 49 2017.0
934 35.0 42.04081632653061 61.0 5.318831261319967 49 2060.0
935 35.0 41.16326530612245 52.0 3.7156590867542714 49 2017.0
936 35.0 41.36734693877551 53.0 3.871336319406928 49 2027.0
937 34.0 41.3469387755102 55.0 4.130935227081168 49 2026.0
938 35.0 41.714285714285715 55.0 4.102844541697058 49 2044.0
939 34.0 42.16326530612245 79.0 7.042569780672838 49 2066.0
940 35.0 41.61224489795919 61.0 4.586285382032194 49 2039.0
941 34.0 41.775510204081634 64.0 5.241124665098325 49 2047.0
942 36.0 42.08163265306123 58.0 4.733905781231629 49 2062.0
943 35.0 41.857142857142854 56.0 4.183300132670378 49 2051.0
944 35.0 42.55102040816327 75.0 6.265185633355818 49 2085.0
945 35.0 41.97959183673469 55.0 4.413472725258267 49 2057.0
946 35.0 43.55102040816327 61.0 5.730260408894301 49 2134.0
947 35.0 41.83673469387755 56.0 4.194971884964935 49 2050.0
948 36.0 42.673469387755105 74.0 6.755823892212187 49 2091.0
949 35.0 43.142857142857146 84.0 7.756717518813398 49 2114.0
950 35.0 42.02040816326531 57.0 4.303534380397734 49 2059.0
951 35.0 41.91836734693877 56.0 4.137414322848458 49 2054.0
952 35.0 41.91836734693877 60.0 4.55904199866356 49 2054.0
953 35.0 42.326530612244895 56.0 4.46928291741733 49 2074.0
954 36.0 42.755102040816325 59.0 4.806812059657705 49 2095.0
955 35.0 42.12244897959184 60.0 4.371463585293949 49 2064.0
956 36.0 42.48979591836735 60.0 4.878193180623638 49 2082.0
957 36.0 42.204081632653065 56.0 4.112884185888365 49 2068.0
958 36.0 42.3469387755102 54.0 4.018452336867201 49 2075.0
959 35.0 42.40816326530612 57.0 4.434328055762502 49 2078.0
960 36.0 42.755102040816325 64.0 5.174177117526748 49 2095.0
961 37.0 42.69387755102041 55.0 4.2041848280049745 49 2092.0
962 37.0 43.30612244897959 66.0 5.304102506679197 49 2122.0
963 36.0 43.244897959183675 79.0 6.6911963686277645 49 2119.0
964 37.0 42.63265306122449 55.0 4.136694924448646 49 2089.0
965 37.0 42.87755102040816 58.0 4.361921657276491 49 2101.0
966 37.0 42.714285714285715 55.0 3.915780041490244 49 2093.0
967 37.0 42.59183673469388 56.0 3.9681984123095178 49 2087.0
968 37.0 43.775510204081634 69.0 5.7960665761447245 49 2145.0
969 37.0 43.46938775510204 70.0 5.6719413226290465 49 2130.0
970 37.0 44.10204081632653 63.0 5.401561880447112 49 2161.0
971 37.0 43.183673469387756 56.0 4.156688733173294 49 2116.0
972 37.0 42.83673469387755 56.0 4.15505183870345 49 2099.0
973 37.0 43.08163265306123 56.0 4.122280591967458 49 2111.0
974 38.0 44.06122448979592 65.0 5.569291409391421 49 2159.0
975 37.0 44.06122448979592 70.0 6.094424238820356 49 2159.0
976 38.0 43.83673469387755 66.0 5.304663588043348 49 2148.0
977 37.0 43.46938775510204 57.0 4.578491567537674 49 2130.0
978 38.0 44.20408163265306 63.0 4.9370182964886755 49 2166.0
979 38.0 43.38775510204081 58.0 4.309951307394185 49 2126.0
980 38.0 44.16326530612245 84.0 7.159920096084376 49 2164.0
981 38.0 44.0 64.0 5.578978401105349 49 2156.0
982 39.0 43.59183673469388 59.0 4.217613698067006 49 2136.0
983 37.0 43.42857142857143 58.0 4.411160089288682 49 2128.0
984 38.0 43.53061224489796 58.0 4.257845899123203 49 2133.0
985 38.0 43.673469387755105 57.0 4.298196109522967 49 2140.0
986 38.0 43.857142857142854 58.0 4.272001872658765 49 2149.0
987 38.0 43.857142857142854 60.0 4.873397172404482 49 2149.0
988 38.0 43.63265306122449 58.0 4.196694520448109 49 2138.0
989 38.0 43.87755102040816 59.0 4.789888016528607 49 2150.0
990 38.0 44.673469387755105 59.0 5.11284230761961 49 2189.0
991 38.0 43.857142857142854 59.0 4.291464396527912 49 2149.0
992 39.0 44.857142857142854 69.0 6.331139971074193 49 2198.0
993 38.0 43.93877551020408 58.0 4.293445407756777 49 2153.0
994 39.0 44.673469387755105 58.0 4.322363141760731 49 2189.0
995 38.0 44.265306122448976 65.0 5.219257251611899 49 2169.0
996 39.0 43.89795918367347 58.0 4.1795379427594614 49 2151.0
997 38.0 44.61224489795919 64.0 5.415319036964382 49 2186.0
998 39.0 44.46938775510204 62.0 4.6641453344294765 49 2179.0
999 38.0 44.46938775510204 61.0 4.743864637685214 49 2179.0
1000 39.0 44.3469387755102 60.0 4.284424409066729 49 2173.0
1001 38.0 44.02040816326531 55.0 3.7052316387236357 49 2157.0
1002 40.0 44.714285714285715 57.0 4.138236339311713 49 2191.0
1003 38.0 44.10204081632653 55.0 3.6925877215893808 49 2161.0
1004 39.0 44.40816326530612 55.0 3.8019642256061688 49 2176.0
1005 39.0 44.142857142857146 55.0 3.7305048809332324 49 2163.0
1006 39.0 44.61224489795919 56.0 4.061077066342808 49 2186.0
1007 39.0 44.734693877551024 62.0 4.5358548909590075 49 2192.0
1008 39.0 44.61224489795919 56.0 4.226978464432426 49 2186.0
1009 39.0 44.857142857142854 76.0 5.852349955359811 49 2198.0
1010 39.0 45.30612244897959 57.0 4.364650051038138 49 2220.0
1011 39.0 44.734693877551024 60.0 4.5404456013152945 49 2192.0
1012 39.0 44.79591836734694 57.0 4.173226129330954 49 2195.0
1013 40.0 44.93877551020408 71.0 5.363488305452068 49 2202.0
1014 39.0 44.69387755102041 56.0 3.9062134352030164 49 2190.0
1015 39.0 45.40816326530612 67.0 5.346020199437064 49 2225.0
1016 40.0 46.59183673469388 81.0 7.299881184383924 49 2283.0
1017 39.0 44.816326530612244 56.0 3.8604483191061894 49 2196.0
1018 40.0 45.673469387755105 67.0 5.39825494605294 49 2238.0
1019 39.0 45.183673469387756 60.0 4.6263442613460795 49 2214.0
1020 39.0 45.714285714285715 92.0 7.634897947364238 49 2240.0
1021 40.0 45.04081632653061 56.0 3.9631594281660205 49 2207.0
1022 40.0 45.244897959183675 56.0 4.059611086898689 49 2217.0
1023 40.0 44.857142857142854 57.0 3.947573094109004 49 2198.0
1024 39.0 45.16326530612245 60.0 4.615855548972432 49 2213.0
1025 39.0 45.02040816326531 57.0 3.9236982762777903 49 2206.0
1026 39.0 45.816326530612244 57.0 4.390678902458001 49 2245.0
1027 40.0 45.30612244897959 56.0 3.863310765137489 49 2220.0
1028 40.0 46.224489795918366 62.0 5.124554070528354 49 2265.0
1029 40.0 45.285714285714285 57.0 3.968626966596886 49 2219.0
1030 40.0 45.57142857142857 58.0 3.9210967853395307 49 2233.0
1031 40.0 45.714285714285715 58.0 4.262237284181475 49 2240.0
1032 40.0 45.857142857142854 62.0 4.546060565661953 49 2247.0
1033 40.0 46.06122448979592 77.0 6.111492463879377 49 2257.0
1034 40.0 45.714285714285715 59.0 4.092676385936225 49 2240.0
1035 40.0 46.183673469387756 72.0 6.411816790725008 49 2263.0
1036 40.0 45.714285714285715 59.0 4.051748593714407 49 2240.0
1037 40.0 45.91836734693877 59.0 4.4009314103848025 49 2250.0
1038 40.0 46.57142857142857 64.0 5.283622494715786 49 2282.0
1039 40.0 45.714285714285715 59.0 4.015594601052253 49 2240.0
1040 41.0 45.673469387755105 60.0 3.93376280371839 49 2238.0
1041 40.0 46.02040816326531 59.0 4.230296462810296 49 2255.0
1042 41.0 47.04081632653061 64.0 4.873222683166437 49 2305.0
1043 40.0 45.95918367346939 59.0 3.989356588022003 49 2252.0
1044 41.0 46.57142857142857 70.0 5.454356057317858 49 2282.0
1045 41.0 46.59183673469388 72.0 5.400302334695942 49 2283.0
1046 41.0 46.673469387755105 67.0 4.947169877406512 49 2287.0
1047 41.0 46.224489795918366 60.0 4.5746826216072485 49 2265.0
1048 41.0 46.183673469387756 57.0 4.101186156608411 49 2263.0
1049 40.0 47.08163265306123 69.0 5.844644039253223 49 2307.0
1050 41.0 46.55102040816327 58.0 4.168638988975677 49 2281.0
1051 41.0 46.326530612244895 59.0 4.2933463789044195 49 2270.0
1052 41.0 46.93877551020408 61.0 4.593510654831926 49 2300.0
1053 41.0 46.44897959183673 59.0 4.138544553391706 49 2276.0
1054 41.0 47.04081632653061 63.0 4.681342327409369 49 2305.0
1055 41.0 46.755102040816325 59.0 4.465285602310796 49 2291.0
1056 42.0 47.06122448979592 59.0 4.620642827145853 49 2306.0
1057 41.0 46.61224489795919 63.0 4.79068682676178 49 2284.0
1058 42.0 47.12244897959184 60.0 4.666514817743289 49 2309.0
1059 41.0 47.265306122448976 61.0 5.044698166574166 49 2316.0
1060 41.0 47.12244897959184 60.0 4.789888016528607 49 2309.0
1061 41.0 47.265306122448976 69.0 5.399751191042979 49 2316.0
1062 42.0 47.326530612244895 65.0 4.900628170202778 49 2319.0
1063 42.0 48.59183673469388 75.0 7.0767175987733975 49 2381.0
1064 42.0 47.61224489795919 58.0 4.466618438159773 49 2333.0
1065 41.0 47.42857142857143 60.0 4.6097722286464435 49 2324.0
1066 41.0 48.142857142857146 62.0 5.070338581725419 49 2359.0
1067 41.0 47.204081632653065 59.0 4.315570606520526 49 2313.0
1068 41.0 47.63265306122449 61.0 4.863528715308038 49 2334.0
1069 42.0 47.775510204081634 69.0 5.233168678895101 49 2341.0
1070 42.0 48.46938775510204 83.0 7.508611835797631 49 2375.0
1071 42.0 47.755102040816325 68.0 5.09710135046094 49 2340.0
1072 42.0 47.30612244897959 61.0 4.592584973051004 49 2318.0
1073 41.0 47.40816326530612 61.0 4.613920817062474 49 2323.0
1074 42.0 48.57142857142857 71.0 5.755432216610671 49 2380.0
1075 42.0 47.775510204081634 60.0 4.788289996275849 49 2341.0
1076 41.0 48.244897959183675 80.0 6.404850415391245 49 2364.0
1077 42.0 47.59183673469388 60.0 4.358508763264769 49 2332.0
1078 42.0 47.87755102040816 60.0 4.489026681165716 49 2346.0
1079 42.0 48.02040816326531 68.0 5.1132580771231675 49 2353.0
1080 42.0 47.755102040816325 58.0 4.230497469983574 49 2340.0
1081 42.0 48.183673469387756 65.0 5.162660285597902 49 2361.0
1082 42.0 48.30612244897959 64.0 4.753087074175465 49 2367.0
1083 42.0 48.93877551020408 66.0 5.98751535580949 49 2398.0
1084 42.0 48.244897959183675 64.0 4.772013080822118 49 2364.0
1085 42.0 49.08163265306122 81.0 7.3847724369528285 49 2405.0
1086 42.0 48.44897959183673 72.0 5.200405531021098 49 2374.0
1087 42.0 48.57142857142857 70.0 5.287564026405102 49 2380.0
1088 42.0 48.51020408163265 62.0 4.7086907636287805 49 2377.0
1089 42.0 48.224489795918366 60.0 4.412412917565857 49 2363.0
1090 42.0 48.673469387755105 60.0 4.4552766239503425 49 2385.0
1091 42.0 49.265306122448976 71.0 5.8870461969624515 49 2414.0
1092 43.0 48.755102040816325 75.0 5.8364180376498105 49 2389.0
1093 42.0 48.755102040816325 61.0 4.758897860170715 49 2389.0
1094 43.0 48.93877551020408 69.0 5.2377164365196185 49 2398.0
1095 43.0 48.97959183673469 72.0 5.371567880665629 49 2400.0
1096 43.0 48.795918367346935 62.0 4.8130880239749 49 2391.0
1097 43.0 49.53061224489796 83.0 6.862039422359332 49 2427.0
1098 43.0 48.93877551020408 62.0 4.692228340854811 49 2398.0
1099 43.0 49.183673469387756 65.0 5.345065751808528 49 2410.0
1100 43.0 48.87755102040816 63.0 4.706523190659714 49 2395.0
1101 43.0 49.857142857142854 77.0 6.522397309783165 49 2443.0
1102 43.0 49.6530612244898 69.0 5.383427580733933 49 2433.0
1103 43.0 49.285714285714285 62.0 5.012484413940855 49 2415.0
1104 43.0 49.16326530612245 63.0 4.76684267787875 49 2409.0
1105 43.0 50.12244897959184 71.0 6.616370647433356 49 2456.0
1106 43.0 49.755102040816325 63.0 4.862829304380055 49 2438.0
1107 43.0 49.87755102040816 72.0 6.196883131399017 49 2444.0
1108 44.0 49.61224489795919 64.0 4.9066974913997745 49 2431.0
1109 43.0 49.87755102040816 62.0 5.064717222532536 49 2444.0
1110 43.0 49.857142857142854 62.0 5.012484413940856 49 2443.0
1111 43.0 49.91836734693877 73.0 5.851768730812212 49 2446.0
1112 43.0 49.42857142857143 61.0 4.699290726623895 49 2422.0
1113 43.0 49.3469387755102 61.0 4.585080062951298 49 2418.0
1114 44.0 49.59183673469388 62.0 4.577655728950038 49 2430.0
1115 43.0 49.48979591836735 64.0 4.5831323394395165 49 2425.0
1116 44.0 50.06122448979592 72.0 5.778581729345105 49 2453.0
1117 44.0 50.285714285714285 70.0 6.02425652397594 49 2464.0
1118 43.0 49.46938775510204 62.0 4.596656578501407 49 2424.0
1119 44.0 49.57142857142857 61.0 4.495367986420393 49 2429.0
1120 44.0 50.244897959183675 71.0 5.903849775940335 49 2462.0
1121 44.0 50.06122448979592 63.0 5.217790733256213 49 2453.0
1122 44.0 50.714285714285715 66.0 5.224142672885828 49 2485.0
1123 44.0 49.55102040816327 62.0 4.257646183093208 49 2428.0
1124 44.0 49.69387755102041 62.0 4.524028816739996 49 2435.0
1125 44.0 49.775510204081634 69.0 5.189192720302009 49 2439.0
1126 44.0 50.30612244897959 67.0 5.132429905482771 49 2465.0
1127 44.0 50.6530612244898 67.0 5.786302145326219 49 2482.0
1128 44.0 50.48979591836735 71.0 5.579435638200006 49 2474.0
1129 43.0 49.63265306122449 61.0 4.428571428571428 49 2432.0
1130 44.0 50.0 62.0 4.4860896112315904 49 2450.0
1131 44.0 50.183673469387756 71.0 5.246719091440841 49 2459.0
1132 44.0 50.46938775510204 65.0 4.882374937877426 49 2473.0
1133 44.0 50.61224489795919 66.0 5.1145883124101195 49 2480.0
1134 44.0 51.204081632653065 71.0 5.8058145848104115 49 2509.0
1135 44.0 50.40816326530612 71.0 5.338220549907598 49 2470.0
1136 44.0 50.83673469387755 65.0 5.467125001526208 49 2491.0
1137 44.0 50.3469387755102 62.0 4.750223768449244 49 2467.0
1138 44.0 51.795918367346935 71.0 5.70810677836332 49 2538.0
1139 45.0 50.265306122448976 63.0 4.457089438019323 49 2463.0
1140 44.0 50.83673469387755 78.0 6.001204527618845 49 2491.0
1141 45.0 50.63265306122449 62.0 4.433273233698307 49 2481.0
1142 44.0 51.36734693877551 72.0 5.468446906080908 49 2517.0
1143 45.0 52.142857142857146 100.0 8.413778382312353 49 2555.0
1144 46.0 51.16326530612245 63.0 4.771211144176384 49 2507.0
1145 46.0 51.244897959183675 67.0 5.084824694802246 49 2511.0
1146 46.0 51.57142857142857 67.0 5.176066717756511 49 2527.0
1147 45.0 51.30612244897959 64.0 4.865713726477054 49 2514.0
1148 44.0 52.12244897959184 84.0 7.403919719370569 49 2554.0
1149 45.0 51.30612244897959 62.0 4.954812818667039 49 2514.0
1150 45.0 52.16326530612245 93.0 7.326740233485801 49 2556.0
1151 45.0 51.63265306122449 78.0 5.995463137347483 49 2530.0
1152 45.0 51.285714285714285 74.0 5.477225575051661 49 2513.0
1153 44.0 51.04081632653061 64.0 4.425113857638153 49 2501.0
1154 44.0 51.53061224489796 65.0 4.406917104660233 49 2525.0
1155 45.0 51.183673469387756 65.0 4.447253222438521 49 2508.0
1156 44.0 53.04081632653061 77.0 6.93409205686377 49 2599.0
1157 44.0 51.265306122448976 65.0 4.586099968946391 49 2512.0
1158 43.0 52.0 71.0 5.582711408148075 49 2548.0
1159 44.0 51.673469387755105 65.0 4.9176033928379885 49 2532.0
1160 45.0 51.97959183673469 77.0 5.868311071333214 49 2547.0
1161 46.0 52.42857142857143 79.0 6.595452979136459 49 2569.0
1162 45.0 51.51020408163265 65.0 4.5831323394395165 49 2524.0
1163 45.0 51.38775510204081 67.0 4.8425902440851685 49 2518.0
1164 46.0 51.51020408163265 67.0 4.878193180623638 49 2524.0
1165 46.0 52.61224489795919 71.0 6.257716325101528 49 2578.0
1166 45.0 51.95918367346939 67.0 5.03305400855795 49 2546.0
1167 46.0 51.755102040816325 68.0 4.879936014970287 49 2536.0
1168 46.0 52.142857142857146 67.0 5.552777082985894 49 2555.0
1169 46.0 51.89795918367347 67.0 5.0218061905021765 49 2543.0
1170 46.0 53.08163265306123 70.0 5.776521209076582 49 2601.0
1171 46.0 53.10204081632653 86.0 7.544989777879047 49 2602.0
1172 45.0 52.775510204081634 69.0 6.035538177199725 49 2586.0
1173 45.0 51.87755102040816 68.0 5.044108168039654 49 2542.0
1174 45.0 52.91836734693877 69.0 5.805301939799937 49 2593.0
1175 45.0 52.12244897959184 68.0 4.985949646511789 49 2554.0
1176 45.0 52.06122448979592 68.0 5.030772651331775 49 2551.0
1177 45.0 52.61224489795919 74.0 6.254386215990784 49 2578.0
1178 44.0 52.244897959183675 70.0 5.588420365082673 49 2560.0
1179 43.0 52.42857142857143 68.0 5.66421515598881 49 2569.0
1180 44.0 52.36734693877551 68.0 5.422537373280692 49 2566.0
1181 43.0 52.265306122448976 68.0 5.3571428571428585 49 2561.0
1182 43.0 52.63265306122449 68.0 5.380109499935156 49 2579.0
1183 44.0 52.59183673469388 80.0 6.337449432233953 49 2577.0
1184 46.0 52.224489795918366 68.0 4.900107592876784 49 2559.0
1185 45.0 52.6530612244898 69.0 5.558593273812492 49 2580.0
1186 44.0 52.775510204081634 69.0 4.9760480726947085 49 2586.0
1187 44.0 52.816326530612244 73.0 6.0300410079719295 49 2588.0
1188 45.0 52.46938775510204 69.0 4.839516336096709 49 2571.0
1189 44.0 53.02040816326531 69.0 5.509422973106952 49 2598.0
1190 44.0 53.51020408163265 71.0 5.697669293153967 49 2622.0
1191 44.0 52.51020408163265 69.0 4.856792704465534 49 2573.0
1192 45.0 52.6530612244898 69.0 4.670613005841969 49 2580.0
1193 44.0 53.285714285714285 70.0 5.6421036266035856 49 2611.0
1194 44.0 53.40816326530612 70.0 5.330409487658752 49 2617.0
1195 44.0 52.87755102040816 70.0 4.901669158992443 49 2591.0
1196 45.0 53.244897959183675 71.0 5.513357311433516 49 2609.0
1197 44.0 53.673469387755105 88.0 7.470463381159946 49 2630.0
1198 44.0 53.36734693877551 75.0 5.797606825058008 49 2615.0
1199 45.0 53.142857142857146 72.0 5.575242894559246 49 2604.0
1200 45.0 53.183673469387756 70.0 5.1180785350711915 49 2606.0
1201 44.0 53.79591836734694 85.0 7.202371113728032 49 2636.0
1202 45.0 53.97959183673469 76.0 5.584538909339963 49 2645.0
1203 44.0 54.04081632653061 70.0 5.511197630254961 49 2648.0
1204 45.0 53.61224489795919 70.0 5.1430224841146535 49 2627.0
1205 45.0 53.673469387755105 83.0 6.446535746371976 49 2630.0
1206 45.0 53.816326530612244 78.0 6.019667312885582 49 2637.0
1207 44.0 53.53061224489796 71.0 5.28402482652636 49 2623.0
1208 45.0 53.46938775510204 70.0 4.912153468762988 49 2620.0
1209 44.0 53.89795918367347 70.0 5.564938222026007 49 2641.0
1210 46.0 54.83673469387755 71.0 5.980339102618925 49 2687.0
1211 44.0 53.91836734693877 70.0 5.415397548864247 49 2642.0
1212 45.0 54.59183673469388 84.0 7.09142195233949 49 2675.0
1213 45.0 53.69387755102041 71.0 5.204981914924766 49 2631.0
1214 45.0 53.91836734693877 70.0 5.02840570614367 49 2642.0
1215 45.0 54.02040816326531 70.0 5.53206484927632 49 2647.0
1216 45.0 54.69387755102041 80.0 6.736727944734041 49 2680.0
1217 44.0 54.10204081632653 75.0 6.1618615218914154 49 2651.0
1218 46.0 55.734693877551024 74.0 7.011227633244414 49 2731.0
1219 45.0 54.06122448979592 71.0 5.440619462529465 49 2649.0
1220 46.0 54.42857142857143 71.0 5.4886246000250365 49 2667.0
1221 45.0 54.48979591836735 70.0 5.451003153012263 49 2670.0
1222 47.0 54.673469387755105 70.0 5.452017039217536 49 2679.0
1223 47.0 55.12244897959184 74.0 6.190155669357949 49 2701.0
1224 47.0 54.265306122448976 72.0 5.01570662271729 49 2659.0
1225 46.0 54.12244897959184 71.0 5.14227840659025 49 2652.0
1226 47.0 54.89795918367347 72.0 5.5084968380644455 49 2690.0
1227 46.0 54.36734693877551 71.0 4.977842059027774 49 2664.0
1228 46.0 55.857142857142854 75.0 6.788470618138767 49 2737.0
1229 45.0 55.36734693877551 82.0 7.163838233188443 49 2713.0
1230 46.0 54.36734693877551 71.0 4.9610729583386695 49 2664.0
1231 45.0 55.204081632653065 74.0 5.7481141539230585 49 2705.0
1232 46.0 54.57142857142857 71.0 5.008326400438905 49 2674.0
1233 45.0 54.59183673469388 71.0 5.012145113567222 49 2675.0
1234 46.0 56.59183673469388 82.0 7.094359165759027 49 2773.0
1235 46.0 54.46938775510204 71.0 4.8994134037331705 49 2669.0
1236 46.0 54.734693877551024 71.0 5.2550591108477 49 2682.0
1237 46.0 54.89795918367347 72.0 5.260881176029289 49 2690.0
1238 46.0 55.51020408163265 73.0 5.838530240921048 49 2720.0
1239 46.0 55.02040816326531 72.0 5.092845455139197 49 2696.0
1240 46.0 55.30612244897959 82.0 6.262334767057243 49 2710.0
1241 46.0 55.42857142857143 89.0 6.988085097745543 49 2716.0
1242 47.0 55.3469387755102 73.0 5.621947395432193 49 2712.0
1243 46.0 54.6530612244898 73.0 5.145997718325068 49 2678.0
1244 46.0 55.04081632653061 77.0 6.034481418182889 49 2697.0
1245 45.0 55.93877551020408 72.0 6.1454867018586175 49 2741.0
1246 46.0 55.857142857142854 72.0 5.41602560309064 49 2737.0
1247 46.0 56.755102040816325 100.0 8.630205222175817 49 2781.0
1248 46.0 55.30612244897959 72.0 5.172862205912753 49 2710.0
1249 46.0 56.10204081632653 73.0 6.014721169622024 49 2749.0
1250 47.0 56.48979591836735 80.0 6.4359745732470826 49 2768.0
1251 46.0 56.795918367346935 78.0 6.779194863197051 49 2783.0
1252 47.0 55.224489795918366 73.0 4.996937837826487 49 2706.0
1253 46.0 55.204081632653065 73.0 5.11525330032938 49 2705.0
1254 47.0 55.97959183673469 77.0 5.900175830425056 49 2743.0
1255 46.0 56.59183673469388 87.0 7.923904675481808 49 2773.0
1256 47.0 55.857142857142854 73.0 5.103103630798288 49 2737.0
1257 46.0 56.0 73.0 5.212165257037297 49 2744.0
1258 47.0 56.83673469387755 93.0 7.249560155552859 49 2785.0
1259 47.0 56.326530612244895 73.0 5.57295461395943 49 2760.0
1260 47.0 57.06122448979592 76.0 6.222968755831448 49 2796.0
1261 47.0 56.48979591836735 84.0 6.174957654981632 49 2768.0
1262 47.0 56.10204081632653 71.0 5.054885829403007 49 2749.0
1263 47.0 56.142857142857146 70.0 4.9413223601245315 49 2751.0
1264 47.0 55.97959183673469 71.0 4.621010873888812 49 2743.0
1265 47.0 56.816326530612244 79.0 6.15992921153778 49 2784.0
1266 47.0 56.285714285714285 71.0 4.8733971724044824 49 2758.0
1267 47.0 55.87755102040816 71.0 4.576355232156301 49 2738.0
1268 47.0 56.285714285714285 72.0 5.041494487418059 49 2758.0
1269 47.0 55.91836734693877 69.0 4.5772841961413 49 2740.0
1270 48.0 56.673469387755105 73.0 5.5128174704578266 49 2777.0
1271 47.0 56.51020408163265 69.0 4.8952462015867635 49 2769.0
1272 47.0 56.36734693877551 79.0 5.4032932764465516 49 2762.0
1273 47.0 56.48979591836735 75.0 5.346815442312335 49 2768.0
1274 48.0 56.3469387755102 72.0 4.901322187295329 49 2761.0
1275 47.0 56.79591836734694 80.0 6.157582019472466 49 2783.0
1276 48.0 56.89795918367347 77.0 5.810353180455784 49 2788.0
1277 47.0 56.285714285714285 69.0 4.995831595773955 49 2758.0
1278 48.0 56.57142857142857 69.0 4.920196473041836 49 2772.0
1279 47.0 56.89795918367347 72.0 5.38224278669831 49 2788.0
1280 48.0 56.95918367346938 83.0 6.0757687568236625 49 2791.0
1281 47.0 56.06122448979592 68.0 4.370393590519556 49 2747.0
1282 48.0 58.42857142857143 81.0 6.937218462755806 49 2863.0
1283 48.0 56.326530612244895 70.0 4.492529702656588 49 2760.0
1284 48.0 56.6530612244898 71.0 4.998128901599759 49 2776.0
1285 47.0 56.326530612244895 69.0 4.647525125905009 49 2760.0
1286 48.0 57.0 77.0 5.507570547286102 49 2793.0
1287 47.0 56.57142857142857 77.0 5.477225575051661 49 2772.0
1288 48.0 56.40816326530612 70.0 4.604881320163324 49 2764.0
1289 49.0 58.02040816326531 81.0 6.86018037881891 49 2843.0
1290 50.0 57.38775510204081 70.0 4.644962892436154 49 2812.0
1291 48.0 58.0 77.0 5.870122088452108 49 2842.0
1292 48.0 57.89795918367347 81.0 5.9485463839187345 49 2837.0
1293 48.0 57.285714285714285 93.0 6.661456297237114 49 2807.0
1294 49.0 57.08163265306122 71.0 4.676344435444373 49 2797.0
1295 48.0 57.36734693877551 74.0 5.42253737328069 49 2811.0
1296 48.0 57.285714285714285 71.0 5.012484413940856 49 2807.0
1297 49.0 57.97959183673469 82.0 6.450096239328421 49 2841.0
1298 50.0 57.97959183673469 71.0 5.190093913401951 49 2841.0
tot,0.0,28.182573722331018,519.0,17.848408235030675,63651
