##ver, min, mean, max, stddev, count
0 3.0 7.846153846153846 41.0 10.68368034157825 13 102.0
1 2.0 4.153846153846154 17.0 3.89114708550392 13 54.0
2 2.0 3.769230769230769 15.0 3.443686158605972 13 49.0
3 2.0 3.0 8.0 1.6832508230603465 13 39.0
4 2.0 3.230769230769231 8.0 1.5358952955766088 13 42.0
5 2.0 2.769230769230769 7.0 1.4232501627054275 13 36.0
6 2.0 3.076923076923077 7.0 1.3204505835470495 13 40.0
7 2.0 3.076923076923077 7.0 1.255755978254962 13 40.0
8 2.0 2.6153846153846154 5.0 0.9607689228305227 13 34.0
9 2.0 3.0 7.0 1.2909944487358056 13 39.0
10 2.0 2.769230769230769 6.0 1.165750556068647 13 36.0
11 2.0 3.0 6.0 1.0 13 39.0
12 2.0 2.8461538461538463 6.0 1.143543749793731 13 37.0
13 2.0 2.769230769230769 6.0 1.091928428198338 13 36.0
14 2.0 2.8461538461538463 6.0 1.0681880176381127 13 37.0
15 2.0 2.923076923076923 9.0 1.8912755158683456 13 38.0
16 2.0 3.230769230769231 9.0 1.7867030229749135 13 42.0
17 2.0 2.6923076923076925 4.0 0.7510676161988107 13 35.0
18 2.0 2.6153846153846154 4.0 0.6504436355879909 13 34.0
19 2.0 2.5384615384615383 4.0 0.6602252917735248 13 33.0
20 2.0 2.8461538461538463 4.0 0.5547001962252293 13 37.0
21 2.0 2.923076923076923 7.0 1.3821202589704018 13 38.0
22 2.0 2.5384615384615383 4.0 0.6602252917735248 13 33.0
23 2.0 2.6153846153846154 3.0 0.5063696835418334 13 34.0
24 2.0 2.6153846153846154 3.0 0.5063696835418334 13 34.0
25 2.0 2.5384615384615383 3.0 0.5188745216627708 13 33.0
26 2.0 2.769230769230769 4.0 0.5991446895152781 13 36.0
27 2.0 2.6153846153846154 3.0 0.5063696835418334 13 34.0
28 2.0 2.5384615384615383 3.0 0.5188745216627708 13 33.0
29 2.0 2.6153846153846154 3.0 0.5063696835418334 13 34.0
30 2.0 2.5384615384615383 3.0 0.5188745216627708 13 33.0
31 2.0 2.6153846153846154 3.0 0.5063696835418333 13 34.0
32 2.0 2.6153846153846154 3.0 0.5063696835418334 13 34.0
33 2.0 2.5384615384615383 3.0 0.5188745216627708 13 33.0
34 2.0 2.6153846153846154 3.0 0.5063696835418334 13 34.0
35 2.0 2.4615384615384617 3.0 0.5188745216627708 13 32.0
36 2.0 2.769230769230769 3.0 0.4385290096535146 13 36.0
37 2.0 2.6153846153846154 3.0 0.5063696835418334 13 34.0
38 2.0 3.0 10.0 2.160246899469287 13 39.0
39 2.0 2.923076923076923 7.0 1.3204505835470495 13 38.0
40 2.0 2.8461538461538463 4.0 0.6887372317211946 13 37.0
41 2.0 2.769230769230769 4.0 0.5991446895152781 13 36.0
42 2.0 2.6153846153846154 4.0 0.6504436355879909 13 34.0
43 2.0 2.769230769230769 5.0 0.8320502943378436 13 36.0
44 2.0 2.769230769230769 3.0 0.4385290096535146 13 36.0
45 2.0 2.769230769230769 3.0 0.4385290096535146 13 36.0
46 2.0 2.3846153846153846 3.0 0.5063696835418333 13 31.0
47 2.0 2.923076923076923 3.0 0.2773500981126146 13 38.0
48 2.0 2.6923076923076925 3.0 0.4803844614152614 13 35.0
49 2.0 2.8461538461538463 4.0 0.5547001962252293 13 37.0
50 2.0 2.923076923076923 3.0 0.2773500981126146 13 38.0
51 2.0 2.769230769230769 3.0 0.4385290096535146 13 36.0
52 2.0 2.8461538461538463 3.0 0.37553380809940534 13 37.0
53 2.0 2.769230769230769 3.0 0.4385290096535146 13 36.0
54 2.0 2.769230769230769 4.0 0.5991446895152781 13 36.0
55 2.0 2.923076923076923 4.0 0.49354811679282434 13 38.0
56 2.0 3.230769230769231 7.0 1.1657505560686465 13 42.0
57 2.0 3.3076923076923075 9.0 1.7504578155735608 13 43.0
58 2.0 3.230769230769231 7.0 1.1657505560686465 13 42.0
59 2.0 3.0 7.0 1.2909944487358056 13 39.0
60 3.0 3.3076923076923075 7.0 1.1094003924504585 13 43.0
61 2.0 3.1538461538461537 8.0 1.5191090506255003 13 41.0
62 3.0 3.3846153846153846 8.0 1.3867504905630723 13 44.0
63 2.0 3.1538461538461537 8.0 1.5191090506255003 13 41.0
64 3.0 3.230769230769231 6.0 0.8320502943378436 13 42.0
65 2.0 3.0 6.0 1.0 13 39.0
66 3.0 3.4615384615384617 6.0 1.1266014242982163 13 45.0
67 2.0 3.0 6.0 1.0 13 39.0
68 3.0 3.230769230769231 6.0 0.8320502943378436 13 42.0
69 2.0 3.076923076923077 7.0 1.255755978254962 13 40.0
70 3.0 3.3846153846153846 7.0 1.1208970766356097 13 44.0
71 2.0 3.3076923076923075 9.0 1.7504578155735608 13 43.0
72 2.0 3.3846153846153846 8.0 1.4455945454184547 13 44.0
73 2.0 3.3846153846153846 8.0 1.5021352323976211 13 44.0
74 2.0 3.4615384615384617 9.0 1.7134460703206966 13 45.0
75 2.0 3.1538461538461537 7.0 1.2142318453899055 13 41.0
76 3.0 3.3076923076923075 7.0 1.1094003924504585 13 43.0
77 2.0 3.1538461538461537 6.0 0.9870962335856489 13 41.0
78 2.0 3.230769230769231 7.0 1.1657505560686465 13 42.0
79 2.0 3.1538461538461537 7.0 1.2142318453899055 13 41.0
80 2.0 3.230769230769231 6.0 0.9268086959962986 13 42.0
81 2.0 3.3846153846153846 9.0 1.7097008285302202 13 44.0
82 2.0 3.4615384615384617 9.0 1.7134460703206966 13 45.0
83 2.0 3.1538461538461537 7.0 1.2142318453899055 13 41.0
84 2.0 3.3076923076923075 8.0 1.4366984945013914 13 43.0
85 2.0 3.3846153846153846 6.0 0.9607689228305226 13 44.0
86 2.0 3.1538461538461537 6.0 0.8987170342729167 13 41.0
87 2.0 3.3076923076923075 7.0 1.2506408613597129 13 43.0
88 3.0 3.4615384615384617 7.0 1.1266014242982163 13 45.0
89 2.0 3.1538461538461537 6.0 0.8987170342729167 13 41.0
90 2.0 3.4615384615384617 8.0 1.560736183952123 13 45.0
91 3.0 3.230769230769231 6.0 0.8320502943378436 13 42.0
92 2.0 3.5384615384615383 9.0 1.7134460703206957 13 46.0
93 2.0 3.3076923076923075 6.0 0.9473309334313421 13 43.0
94 2.0 3.8461538461538463 10.0 2.0754980866510837 13 50.0
95 2.0 3.5384615384615383 8.0 1.4500221041639678 13 46.0
96 2.0 3.3076923076923075 7.0 1.1821319289469758 13 43.0
97 2.0 3.076923076923077 6.0 0.9540735874430285 13 40.0
98 3.0 3.3846153846153846 6.0 0.869718492622904 13 44.0
99 2.0 3.4615384615384617 7.0 1.198289379030556 13 45.0
100 2.0 3.5384615384615383 6.0 1.2659242088545832 13 46.0
101 3.0 3.3846153846153846 7.0 1.1208970766356097 13 44.0
102 2.0 3.1538461538461537 6.0 0.8987170342729167 13 41.0
103 2.0 3.1538461538461537 6.0 0.9870962335856489 13 41.0
104 3.0 3.3846153846153846 6.0 0.8697184926229038 13 44.0
105 2.0 3.230769230769231 7.0 1.3008872711759816 13 42.0
106 3.0 3.4615384615384617 6.0 0.8770580193070292 13 45.0
107 3.0 3.3076923076923075 6.0 0.8548504142651104 13 43.0
108 2.0 3.076923076923077 7.0 1.255755978254962 13 40.0
109 3.0 3.4615384615384617 7.0 1.1266014242982163 13 45.0
110 2.0 3.230769230769231 7.0 1.2351684199496944 13 42.0
111 2.0 3.3846153846153846 7.0 1.1929278784054476 13 44.0
112 3.0 3.3076923076923075 6.0 0.8548504142651104 13 43.0
113 2.0 3.3076923076923075 8.0 1.5483655567842813 13 43.0
114 2.0 3.230769230769231 6.0 0.9268086959962986 13 42.0
115 2.0 3.230769230769231 6.0 1.0127393670836669 13 42.0
116 2.0 3.3846153846153846 8.0 1.4455945454184547 13 44.0
117 3.0 3.5384615384615383 9.0 1.664100588675687 13 46.0
118 2.0 3.3076923076923075 8.0 1.4935759876113537 13 43.0
119 2.0 3.4615384615384617 6.0 0.9674179220468453 13 45.0
120 2.0 3.3076923076923075 7.0 1.1821319289469758 13 43.0
121 2.0 3.3846153846153846 8.0 1.4455945454184547 13 44.0
122 2.0 3.3846153846153846 8.0 1.4455945454184547 13 44.0
123 2.0 3.5384615384615383 8.0 1.5063966175050871 13 46.0
124 3.0 3.4615384615384617 9.0 1.6641005886756872 13 45.0
125 2.0 3.6153846153846154 9.0 1.7097008285302209 13 47.0
126 2.0 3.3846153846153846 8.0 1.5021352323976211 13 44.0
127 3.0 3.4615384615384617 8.0 1.3913653136029496 13 45.0
128 2.0 3.3846153846153846 6.0 0.9607689228305225 13 44.0
129 2.0 3.230769230769231 7.0 1.2351684199496944 13 42.0
130 3.0 3.3846153846153846 6.0 0.869718492622904 13 44.0
131 2.0 3.5384615384615383 7.0 1.330124343522352 13 46.0
132 2.0 3.3076923076923075 6.0 0.947330933431342 13 43.0
133 3.0 3.3846153846153846 7.0 1.1208970766356097 13 44.0
134 2.0 3.230769230769231 7.0 1.2351684199496944 13 42.0
135 2.0 3.1538461538461537 6.0 0.8987170342729167 13 41.0
136 2.0 3.4615384615384617 6.0 0.9674179220468453 13 45.0
137 2.0 3.3076923076923075 6.0 1.0315534712764842 13 43.0
138 3.0 3.230769230769231 6.0 0.8320502943378436 13 42.0
139 2.0 3.3846153846153846 9.0 1.7097008285302202 13 44.0
140 2.0 3.3846153846153846 7.0 1.26085034391223 13 44.0
141 2.0 3.0 4.0 0.408248290463863 13 39.0
142 2.0 3.1538461538461537 4.0 0.5547001962252291 13 41.0
143 2.0 3.1538461538461537 4.0 0.5547001962252291 13 41.0
144 2.0 3.0 4.0 0.408248290463863 13 39.0
145 2.0 3.076923076923077 4.0 0.4935481167928245 13 40.0
146 2.0 3.076923076923077 4.0 0.49354811679282445 13 40.0
147 2.0 3.0 4.0 0.408248290463863 13 39.0
148 2.0 3.1538461538461537 4.0 0.5547001962252291 13 41.0
149 2.0 3.0 4.0 0.408248290463863 13 39.0
150 2.0 3.1538461538461537 4.0 0.5547001962252291 13 41.0
151 2.0 3.076923076923077 4.0 0.49354811679282445 13 40.0
152 2.0 2.923076923076923 4.0 0.4935481167928245 13 38.0
153 2.0 3.076923076923077 4.0 0.49354811679282445 13 40.0
154 2.0 3.1538461538461537 4.0 0.5547001962252293 13 41.0
155 2.0 3.076923076923077 4.0 0.49354811679282445 13 40.0
156 2.0 3.0 4.0 0.408248290463863 13 39.0
157 2.0 3.1538461538461537 4.0 0.5547001962252291 13 41.0
158 2.0 3.076923076923077 4.0 0.49354811679282445 13 40.0
159 2.0 2.923076923076923 4.0 0.6405126152203485 13 38.0
160 3.0 3.1538461538461537 4.0 0.3755338080994054 13 41.0
161 2.0 3.0 4.0 0.408248290463863 13 39.0
162 2.0 3.1538461538461537 4.0 0.6887372317211946 13 41.0
163 3.0 3.0 3.0 0.0 13 39.0
164 2.0 3.076923076923077 4.0 0.6405126152203486 13 40.0
165 2.0 3.076923076923077 4.0 0.6405126152203485 13 40.0
166 3.0 3.1538461538461537 4.0 0.37553380809940534 13 41.0
167 2.0 2.8461538461538463 3.0 0.3755338080994053 13 37.0
168 2.0 3.076923076923077 4.0 0.49354811679282456 13 40.0
169 2.0 3.0 4.0 0.5773502691896257 13 39.0
170 2.0 3.0 4.0 0.408248290463863 13 39.0
171 3.0 3.3076923076923075 4.0 0.4803844614152614 13 43.0
172 2.0 3.3076923076923075 9.0 1.7504578155735608 13 43.0
173 2.0 3.6153846153846154 7.0 1.3867504905630725 13 47.0
174 2.0 3.4615384615384617 8.0 1.4500221041639678 13 45.0
175 2.0 3.3846153846153846 8.0 1.4455945454184547 13 44.0
176 2.0 3.3076923076923075 7.0 1.1821319289469758 13 43.0
177 2.0 3.3076923076923075 8.0 1.4935759876113537 13 43.0
178 2.0 3.5384615384615383 8.0 1.4500221041639678 13 46.0
179 2.0 3.1538461538461537 6.0 0.8987170342729167 13 41.0
180 2.0 3.3076923076923075 6.0 1.0315534712764842 13 43.0
181 3.0 3.3076923076923075 6.0 0.8548504142651104 13 43.0
182 2.0 3.3076923076923075 8.0 1.4935759876113537 13 43.0
183 2.0 3.3846153846153846 7.0 1.1929278784054476 13 44.0
184 2.0 3.1538461538461537 6.0 0.8987170342729167 13 41.0
185 2.0 3.3846153846153846 7.0 1.26085034391223 13 44.0
186 3.0 3.3846153846153846 7.0 1.1208970766356097 13 44.0
187 2.0 3.1538461538461537 6.0 0.9870962335856489 13 41.0
188 2.0 3.3076923076923075 6.0 0.947330933431342 13 43.0
189 2.0 4.461538461538462 17.0 4.033513452218893 13 58.0
190 2.0 3.3076923076923075 9.0 1.7504578155735608 13 43.0
191 3.0 3.6923076923076925 7.0 1.1821319289469758 13 48.0
192 2.0 3.5384615384615383 7.0 1.198289379030556 13 46.0
193 2.0 3.3076923076923075 6.0 1.0315534712764842 13 43.0
194 3.0 3.3076923076923075 6.0 0.8548504142651104 13 43.0
195 2.0 3.3076923076923075 6.0 0.9473309334313421 13 43.0
196 2.0 3.3846153846153846 6.0 1.0439078454267836 13 44.0
197 3.0 3.3846153846153846 6.0 0.869718492622904 13 44.0
198 2.0 3.230769230769231 6.0 0.9268086959962986 13 42.0
199 2.0 3.769230769230769 6.0 1.4232501627054275 13 49.0
200 3.0 3.4615384615384617 6.0 0.8770580193070292 13 45.0
201 3.0 3.3846153846153846 7.0 1.1208970766356097 13 44.0
202 2.0 3.3076923076923075 6.0 1.0315534712764842 13 43.0
203 2.0 3.4615384615384617 6.0 0.9674179220468453 13 45.0
204 3.0 3.3076923076923075 6.0 0.8548504142651104 13 43.0
205 2.0 3.3076923076923075 6.0 1.0315534712764842 13 43.0
206 2.0 3.3076923076923075 6.0 0.947330933431342 13 43.0
207 3.0 3.4615384615384617 6.0 0.8770580193070292 13 45.0
208 2.0 3.230769230769231 6.0 1.0127393670836669 13 42.0
209 2.0 3.3846153846153846 6.0 0.9607689228305226 13 44.0
210 3.0 3.4615384615384617 6.0 0.8770580193070292 13 45.0
211 3.0 3.5384615384615383 7.0 1.1266014242982163 13 46.0
212 2.0 3.3076923076923075 7.0 1.3155870289605438 13 43.0
213 3.0 3.5384615384615383 9.0 1.664100588675687 13 46.0
214 3.0 3.769230769230769 8.0 1.3634420996046581 13 49.0
215 2.0 3.3076923076923075 7.0 1.2506408613597129 13 43.0
216 2.0 3.3846153846153846 6.0 0.9607689228305226 13 44.0
217 3.0 3.3846153846153846 6.0 0.869718492622904 13 44.0
218 3.0 3.4615384615384617 6.0 0.8770580193070292 13 45.0
219 2.0 4.076923076923077 16.0 3.66200169446389 13 53.0
220 3.0 3.1538461538461537 4.0 0.37553380809940534 13 41.0
221 2.0 3.230769230769231 4.0 0.5991446895152781 13 42.0
222 2.0 3.0 4.0 0.5773502691896257 13 39.0
223 2.0 3.076923076923077 4.0 0.49354811679282445 13 40.0
224 3.0 3.3846153846153846 4.0 0.5063696835418333 13 44.0
225 2.0 3.0 4.0 0.408248290463863 13 39.0
226 2.0 3.0 4.0 0.5773502691896257 13 39.0
227 3.0 3.1538461538461537 4.0 0.3755338080994054 13 41.0
228 2.0 3.3076923076923075 4.0 0.6304251719561152 13 43.0
229 2.0 2.769230769230769 3.0 0.4385290096535146 13 36.0
230 3.0 3.3076923076923075 4.0 0.4803844614152614 13 43.0
231 3.0 3.1538461538461537 4.0 0.37553380809940534 13 41.0
232 2.0 3.076923076923077 4.0 0.6405126152203484 13 40.0
233 2.0 3.230769230769231 4.0 0.599144689515278 13 42.0
234 3.0 3.076923076923077 4.0 0.2773500981126146 13 40.0
235 3.0 3.3076923076923075 4.0 0.48038446141526137 13 43.0
236 2.0 3.0 4.0 0.816496580927726 13 39.0
237 3.0 3.1538461538461537 4.0 0.3755338080994054 13 41.0
238 3.0 3.3846153846153846 4.0 0.5063696835418333 13 44.0
239 3.0 3.230769230769231 4.0 0.4385290096535146 13 42.0
240 2.0 3.076923076923077 4.0 0.75955452531275 13 40.0
241 3.0 3.230769230769231 4.0 0.4385290096535146 13 42.0
242 3.0 3.1538461538461537 4.0 0.37553380809940534 13 41.0
243 3.0 3.5384615384615383 4.0 0.5188745216627708 13 46.0
244 2.0 3.0 4.0 0.408248290463863 13 39.0
245 2.0 3.230769230769231 4.0 0.7250110520819842 13 42.0
246 3.0 3.3076923076923075 4.0 0.4803844614152614 13 43.0
247 3.0 3.3076923076923075 4.0 0.4803844614152614 13 43.0
248 2.0 3.3076923076923075 4.0 0.6304251719561152 13 43.0
249 3.0 3.1538461538461537 4.0 0.37553380809940534 13 41.0
250 2.0 3.3076923076923075 4.0 0.7510676161988106 13 43.0
251 3.0 3.4615384615384617 4.0 0.5188745216627708 13 45.0
252 3.0 3.3076923076923075 5.0 0.6304251719561152 13 43.0
253 2.0 3.6153846153846154 4.0 0.650443635587991 13 47.0
254 2.0 3.1538461538461537 4.0 0.5547001962252293 13 41.0
255 3.0 3.230769230769231 4.0 0.4385290096535146 13 42.0
256 3.0 3.3846153846153846 4.0 0.5063696835418333 13 44.0
257 2.0 3.0 4.0 0.5773502691896257 13 39.0
258 3.0 3.5384615384615383 4.0 0.5188745216627708 13 46.0
259 3.0 3.1538461538461537 4.0 0.3755338080994054 13 41.0
260 3.0 3.3846153846153846 4.0 0.5063696835418333 13 44.0
261 2.0 3.5384615384615383 7.0 1.198289379030556 13 46.0
262 2.0 2.923076923076923 4.0 0.49354811679282445 13 38.0
263 3.0 3.6153846153846154 4.0 0.5063696835418334 13 47.0
264 3.0 3.846153846153846 14.0 3.05085107923876 13 50.0
265 2.0 3.230769230769231 5.0 0.7250110520819841 13 42.0
266 2.0 3.3846153846153846 4.0 0.6504436355879909 13 44.0
267 2.0 3.1538461538461537 4.0 0.5547001962252291 13 41.0
268 3.0 3.3076923076923075 4.0 0.4803844614152614 13 43.0
269 2.0 3.076923076923077 4.0 0.49354811679282456 13 40.0
270 2.0 3.1538461538461537 4.0 0.5547001962252291 13 41.0
271 3.0 3.3076923076923075 4.0 0.4803844614152614 13 43.0
272 2.0 3.1538461538461537 4.0 0.6887372317211946 13 41.0
273 3.0 3.230769230769231 4.0 0.4385290096535146 13 42.0
274 2.0 3.076923076923077 4.0 0.49354811679282445 13 40.0
275 2.0 3.3076923076923075 4.0 0.6304251719561152 13 43.0
276 2.0 3.1538461538461537 4.0 0.5547001962252291 13 41.0
277 2.0 3.3846153846153846 4.0 0.6504436355879909 13 44.0
278 2.0 3.0 4.0 0.5773502691896257 13 39.0
279 2.0 3.3076923076923075 4.0 0.6304251719561151 13 43.0
280 3.0 3.1538461538461537 4.0 0.3755338080994054 13 41.0
281 2.0 3.1538461538461537 4.0 0.5547001962252291 13 41.0
282 3.0 3.3076923076923075 4.0 0.4803844614152615 13 43.0
283 2.0 3.0 4.0 0.5773502691896257 13 39.0
284 2.0 3.3076923076923075 4.0 0.6304251719561152 13 43.0
285 3.0 3.230769230769231 4.0 0.4385290096535146 13 42.0
286 3.0 3.1538461538461537 4.0 0.3755338080994054 13 41.0
287 2.0 3.3076923076923075 4.0 0.6304251719561151 13 43.0
288 2.0 3.076923076923077 4.0 0.6405126152203485 13 40.0
289 3.0 3.3076923076923075 4.0 0.4803844614152614 13 43.0
290 3.0 3.3076923076923075 4.0 0.4803844614152615 13 43.0
291 3.0 3.230769230769231 4.0 0.4385290096535146 13 42.0
292 2.0 3.3076923076923075 4.0 0.6304251719561152 13 43.0
293 2.0 3.3076923076923075 6.0 0.947330933431342 13 43.0
294 2.0 3.3846153846153846 4.0 0.6504436355879909 13 44.0
295 3.0 3.1538461538461537 4.0 0.3755338080994054 13 41.0
296 3.0 3.3846153846153846 4.0 0.5063696835418333 13 44.0
297 2.0 3.1538461538461537 4.0 0.5547001962252291 13 41.0
298 2.0 3.3846153846153846 4.0 0.6504436355879909 13 44.0
299 3.0 3.1538461538461537 4.0 0.3755338080994054 13 41.0
300 2.0 3.1538461538461537 4.0 0.5547001962252291 13 41.0
301 3.0 3.4615384615384617 5.0 0.6602252917735247 13 45.0
302 2.0 3.1538461538461537 4.0 0.5547001962252291 13 41.0
303 2.0 3.3846153846153846 4.0 0.6504436355879909 13 44.0
304 3.0 3.230769230769231 4.0 0.4385290096535146 13 42.0
305 3.0 3.3846153846153846 4.0 0.5063696835418333 13 44.0
306 2.0 3.076923076923077 4.0 0.49354811679282445 13 40.0
307 2.0 3.230769230769231 4.0 0.599144689515278 13 42.0
308 3.0 3.6153846153846154 6.0 0.869718492622904 13 47.0
309 2.0 3.230769230769231 4.0 0.599144689515278 13 42.0
310 2.0 3.230769230769231 4.0 0.5991446895152781 13 42.0
311 2.0 3.230769230769231 4.0 0.5991446895152781 13 42.0
312 3.0 3.3076923076923075 4.0 0.4803844614152615 13 43.0
313 3.0 3.230769230769231 4.0 0.4385290096535146 13 42.0
314 2.0 3.3076923076923075 4.0 0.7510676161988107 13 43.0
315 2.0 3.0 4.0 0.408248290463863 13 39.0
316 3.0 3.4615384615384617 4.0 0.5188745216627708 13 45.0
317 3.0 3.230769230769231 4.0 0.4385290096535146 13 42.0
318 2.0 3.230769230769231 4.0 0.5991446895152781 13 42.0
319 3.0 3.3076923076923075 4.0 0.4803844614152614 13 43.0
320 2.0 3.923076923076923 14.0 3.0676141234282395 13 51.0
321 3.0 3.769230769230769 9.0 1.640825308284734 13 49.0
322 2.0 3.3076923076923075 4.0 0.6304251719561152 13 43.0
323 2.0 3.230769230769231 4.0 0.599144689515278 13 42.0
324 3.0 3.3846153846153846 4.0 0.5063696835418333 13 44.0
325 2.0 3.1538461538461537 4.0 0.5547001962252291 13 41.0
326 2.0 3.3846153846153846 4.0 0.6504436355879909 13 44.0
327 3.0 3.076923076923077 4.0 0.2773500981126146 13 40.0
328 3.0 3.3846153846153846 4.0 0.5063696835418333 13 44.0
329 2.0 4.076923076923077 14.0 3.040327242845701 13 53.0
330 2.0 3.3846153846153846 5.0 0.7679476477883046 13 44.0
331 2.0 3.3846153846153846 5.0 0.7679476477883045 13 44.0
332 3.0 3.230769230769231 4.0 0.4385290096535146 13 42.0
333 3.0 3.5384615384615383 4.0 0.5188745216627708 13 46.0
334 3.0 3.076923076923077 4.0 0.2773500981126146 13 40.0
335 2.0 3.3076923076923075 4.0 0.8548504142651103 13 43.0
336 3.0 3.1538461538461537 4.0 0.3755338080994054 13 41.0
337 3.0 3.4615384615384617 4.0 0.5188745216627708 13 45.0
338 3.0 3.230769230769231 4.0 0.4385290096535146 13 42.0
339 2.0 3.1538461538461537 4.0 0.5547001962252293 13 41.0
340 2.0 3.3846153846153846 4.0 0.7679476477883045 13 44.0
341 3.0 3.076923076923077 4.0 0.2773500981126146 13 40.0
342 3.0 3.4615384615384617 4.0 0.5188745216627708 13 45.0
343 3.0 3.4615384615384617 6.0 0.8770580193070292 13 45.0
344 3.0 3.3846153846153846 4.0 0.5063696835418333 13 44.0
345 2.0 3.1538461538461537 4.0 0.6887372317211946 13 41.0
346 3.0 3.1538461538461537 4.0 0.3755338080994054 13 41.0
347 3.0 3.5384615384615383 4.0 0.5188745216627708 13 46.0
348 3.0 3.230769230769231 4.0 0.4385290096535146 13 42.0
349 3.0 3.3076923076923075 4.0 0.4803844614152614 13 43.0
350 3.0 3.3076923076923075 4.0 0.4803844614152614 13 43.0
351 2.0 3.3076923076923075 4.0 0.6304251719561152 13 43.0
352 3.0 3.3076923076923075 4.0 0.4803844614152614 13 43.0
353 2.0 3.1538461538461537 4.0 0.6887372317211946 13 41.0
354 3.0 3.3846153846153846 4.0 0.5063696835418333 13 44.0
355 3.0 3.230769230769231 4.0 0.4385290096535146 13 42.0
356 2.0 3.3846153846153846 4.0 0.6504436355879909 13 44.0
357 3.0 3.1538461538461537 4.0 0.3755338080994054 13 41.0
358 3.0 3.4615384615384617 4.0 0.5188745216627708 13 45.0
359 3.0 3.230769230769231 4.0 0.4385290096535146 13 42.0
360 3.0 3.4615384615384617 4.0 0.5188745216627708 13 45.0
361 2.0 3.230769230769231 4.0 0.5991446895152781 13 42.0
362 2.0 3.4615384615384617 4.0 0.6602252917735248 13 45.0
363 3.0 3.3846153846153846 4.0 0.5063696835418333 13 44.0
364 3.0 3.3846153846153846 4.0 0.5063696835418333 13 44.0
365 3.0 3.3846153846153846 4.0 0.5063696835418333 13 44.0
366 3.0 3.3076923076923075 4.0 0.4803844614152614 13 43.0
367 2.0 3.4615384615384617 4.0 0.6602252917735248 13 45.0
368 3.0 3.4615384615384617 4.0 0.5188745216627708 13 45.0
369 3.0 3.3846153846153846 4.0 0.5063696835418333 13 44.0
370 2.0 3.3076923076923075 4.0 0.6304251719561152 13 43.0
371 3.0 3.3076923076923075 4.0 0.4803844614152614 13 43.0
372 3.0 3.3846153846153846 4.0 0.5063696835418333 13 44.0
373 2.0 3.3846153846153846 4.0 0.6504436355879909 13 44.0
374 3.0 3.3076923076923075 4.0 0.4803844614152614 13 43.0
375 3.0 3.5384615384615383 4.0 0.5188745216627708 13 46.0
376 3.0 3.230769230769231 4.0 0.4385290096535146 13 42.0
377 3.0 3.5384615384615383 4.0 0.5188745216627708 13 46.0
378 2.0 3.3076923076923075 4.0 0.6304251719561152 13 43.0
379 3.0 3.3846153846153846 4.0 0.5063696835418333 13 44.0
380 3.0 3.5384615384615383 4.0 0.5188745216627708 13 46.0
381 3.0 3.3846153846153846 4.0 0.5063696835418333 13 44.0
382 3.0 3.4615384615384617 4.0 0.5188745216627708 13 45.0
383 3.0 3.4615384615384617 4.0 0.5188745216627708 13 45.0
384 3.0 3.5384615384615383 4.0 0.5188745216627708 13 46.0
385 3.0 3.5384615384615383 4.0 0.5188745216627708 13 46.0
386 3.0 3.5384615384615383 4.0 0.5188745216627708 13 46.0
387 2.0 3.230769230769231 4.0 0.599144689515278 13 42.0
388 3.0 3.4615384615384617 4.0 0.5188745216627708 13 45.0
389 3.0 3.4615384615384617 4.0 0.5188745216627708 13 45.0
390 3.0 3.769230769230769 7.0 1.0919284281983377 13 49.0
391 3.0 3.6153846153846154 4.0 0.5063696835418334 13 47.0
392 3.0 3.6153846153846154 6.0 0.869718492622904 13 47.0
393 3.0 3.4615384615384617 4.0 0.5188745216627708 13 45.0
394 3.0 3.3076923076923075 4.0 0.4803844614152614 13 43.0
395 3.0 3.5384615384615383 4.0 0.5188745216627708 13 46.0
396 3.0 3.4615384615384617 4.0 0.5188745216627708 13 45.0
397 3.0 3.3076923076923075 4.0 0.4803844614152614 13 43.0
398 3.0 3.5384615384615383 4.0 0.5188745216627708 13 46.0
399 3.0 3.5384615384615383 5.0 0.6602252917735248 13 46.0
400 3.0 3.4615384615384617 4.0 0.5188745216627708 13 45.0
401 3.0 3.5384615384615383 4.0 0.5188745216627708 13 46.0
402 3.0 3.3076923076923075 4.0 0.4803844614152614 13 43.0
403 3.0 3.6153846153846154 4.0 0.5063696835418334 13 47.0
404 3.0 3.3846153846153846 4.0 0.5063696835418334 13 44.0
405 2.0 3.4615384615384617 4.0 0.6602252917735248 13 45.0
406 3.0 3.3846153846153846 4.0 0.5063696835418333 13 44.0
407 3.0 3.3846153846153846 4.0 0.5063696835418333 13 44.0
408 3.0 3.5384615384615383 4.0 0.5188745216627708 13 46.0
409 3.0 3.3076923076923075 5.0 0.6304251719561151 13 43.0
410 2.0 3.4615384615384617 4.0 0.6602252917735248 13 45.0
411 3.0 3.4615384615384617 4.0 0.5188745216627708 13 45.0
412 3.0 3.923076923076923 12.0 2.465141593686471 13 51.0
413 3.0 3.6153846153846154 4.0 0.5063696835418334 13 47.0
414 3.0 3.3076923076923075 4.0 0.4803844614152614 13 43.0
415 3.0 3.4615384615384617 4.0 0.5188745216627708 13 45.0
416 3.0 3.4615384615384617 4.0 0.5188745216627708 13 45.0
417 3.0 3.3846153846153846 4.0 0.5063696835418333 13 44.0
418 3.0 4.153846153846154 12.0 2.409915415049314 13 54.0
419 3.0 3.6153846153846154 6.0 0.869718492622904 13 47.0
420 3.0 3.6923076923076925 6.0 0.8548504142651104 13 48.0
421 3.0 3.4615384615384617 4.0 0.5188745216627708 13 45.0
422 3.0 3.3846153846153846 4.0 0.5063696835418333 13 44.0
423 3.0 3.4615384615384617 4.0 0.5188745216627708 13 45.0
424 3.0 3.6153846153846154 4.0 0.5063696835418334 13 47.0
425 3.0 3.4615384615384617 4.0 0.5188745216627708 13 45.0
426 3.0 3.5384615384615383 4.0 0.5188745216627708 13 46.0
427 3.0 3.4615384615384617 4.0 0.5188745216627708 13 45.0
428 3.0 3.6923076923076925 8.0 1.3774744634423888 13 48.0
429 2.0 3.5384615384615383 5.0 0.7762500258061849 13 46.0
430 3.0 3.3846153846153846 4.0 0.5063696835418333 13 44.0
431 3.0 3.5384615384615383 4.0 0.5188745216627708 13 46.0
432 3.0 3.5384615384615383 4.0 0.5188745216627708 13 46.0
433 3.0 3.3076923076923075 4.0 0.4803844614152614 13 43.0
434 3.0 3.769230769230769 6.0 0.8320502943378437 13 49.0
435 3.0 3.230769230769231 4.0 0.4385290096535146 13 42.0
436 3.0 3.4615384615384617 4.0 0.5188745216627708 13 45.0
437 3.0 3.8461538461538463 5.0 0.5547001962252293 13 50.0
438 3.0 3.5384615384615383 7.0 1.1266014242982163 13 46.0
439 3.0 3.6923076923076925 6.0 0.8548504142651103 13 48.0
440 3.0 3.8461538461538463 7.0 1.0681880176381127 13 50.0
441 3.0 3.769230769230769 7.0 1.091928428198338 13 49.0
442 3.0 3.6153846153846154 6.0 0.869718492622904 13 47.0
443 3.0 3.769230769230769 7.0 1.091928428198338 13 49.0
444 3.0 3.6923076923076925 6.0 0.8548504142651103 13 48.0
445 3.0 3.6923076923076925 7.0 1.1094003924504585 13 48.0
446 3.0 4.153846153846154 9.0 1.573009527739414 13 54.0
447 3.0 3.8461538461538463 7.0 1.143543749793731 13 50.0
448 3.0 3.8461538461538463 7.0 1.143543749793731 13 50.0
449 3.0 3.923076923076923 7.0 1.0377490433255416 13 51.0
450 3.0 4.076923076923077 7.0 1.0377490433255419 13 53.0
451 3.0 3.6923076923076925 6.0 0.9473309334313419 13 48.0
452 3.0 4.0 7.0 1.0801234497346435 13 52.0
453 3.0 3.8461538461538463 7.0 1.143543749793731 13 50.0
454 3.0 3.8461538461538463 7.0 1.0681880176381127 13 50.0
455 3.0 3.923076923076923 6.0 0.8623164985025763 13 51.0
456 3.0 3.769230769230769 7.0 1.1657505560686465 13 49.0
457 3.0 4.0 7.0 1.0801234497346435 13 52.0
458 3.0 3.923076923076923 6.0 0.8623164985025763 13 51.0
459 3.0 3.8461538461538463 7.0 1.143543749793731 13 50.0
460 3.0 4.076923076923077 7.0 1.1875421719907089 13 53.0
461 3.0 3.6923076923076925 6.0 0.9473309334313419 13 48.0
462 3.0 3.923076923076923 7.0 1.1151635501529555 13 51.0
463 3.0 4.0 7.0 1.0801234497346435 13 52.0
464 3.0 3.5384615384615383 6.0 0.8770580193070292 13 46.0
465 3.0 3.6923076923076925 5.0 0.6304251719561151 13 48.0
466 3.0 3.6923076923076925 5.0 0.6304251719561151 13 48.0
467 3.0 3.5384615384615383 5.0 0.6602252917735248 13 46.0
468 3.0 3.6923076923076925 5.0 0.6304251719561151 13 48.0
469 3.0 3.6153846153846154 5.0 0.6504436355879909 13 47.0
470 3.0 3.769230769230769 6.0 1.0127393670836666 13 49.0
471 3.0 3.6153846153846154 5.0 0.6504436355879909 13 47.0
472 3.0 4.153846153846154 9.0 1.6251232694862383 13 54.0
473 3.0 3.8461538461538463 5.0 0.8006407690254357 13 50.0
474 3.0 3.8461538461538463 6.0 1.0681880176381127 13 50.0
475 3.0 3.923076923076923 6.0 0.8623164985025763 13 51.0
476 3.0 3.923076923076923 7.0 1.1875421719907089 13 51.0
477 3.0 4.0 7.0 1.1547005383792515 13 52.0
478 3.0 3.923076923076923 7.0 1.1151635501529555 13 51.0
479 3.0 4.076923076923077 7.0 1.1151635501529558 13 53.0
480 3.0 3.769230769230769 6.0 0.9268086959962984 13 49.0
481 3.0 3.923076923076923 7.0 1.1875421719907089 13 51.0
482 3.0 4.0 7.0 1.1547005383792515 13 52.0
483 3.0 3.8461538461538463 7.0 1.214231845389905 13 50.0
484 3.0 3.923076923076923 7.0 1.1151635501529555 13 51.0
485 3.0 3.8461538461538463 7.0 1.1435437497937313 13 50.0
486 3.0 3.923076923076923 7.0 1.1875421719907089 13 51.0
487 3.0 3.923076923076923 7.0 1.1875421719907089 13 51.0
488 3.0 4.153846153846154 8.0 1.3445044840729643 13 54.0
489 3.0 3.923076923076923 7.0 1.1875421719907089 13 51.0
490 3.0 3.6923076923076925 5.0 0.7510676161988107 13 48.0
491 3.0 3.769230769230769 5.0 0.8320502943378437 13 49.0
492 3.0 3.8461538461538463 5.0 0.5547001962252291 13 50.0
493 3.0 3.6923076923076925 5.0 0.8548504142651104 13 48.0
494 3.0 3.923076923076923 5.0 0.75955452531275 13 51.0
495 3.0 3.923076923076923 5.0 0.75955452531275 13 51.0
496 3.0 3.769230769230769 5.0 0.7250110520819841 13 49.0
497 3.0 3.5384615384615383 5.0 0.7762500258061849 13 46.0
498 3.0 3.769230769230769 5.0 0.7250110520819842 13 49.0
499 2.0 3.6923076923076925 5.0 0.947330933431342 13 48.0
500 3.0 3.5384615384615383 5.0 0.6602252917735248 13 46.0
501 3.0 3.923076923076923 5.0 0.75955452531275 13 51.0
502 3.0 3.6153846153846154 5.0 0.7679476477883045 13 47.0
503 3.0 3.769230769230769 5.0 0.8320502943378437 13 49.0
504 3.0 3.923076923076923 5.0 0.75955452531275 13 51.0
505 3.0 4.153846153846154 10.0 1.908147174886057 13 54.0
506 3.0 3.769230769230769 5.0 0.8320502943378437 13 49.0
507 3.0 4.076923076923077 5.0 0.7595545253127501 13 53.0
508 3.0 3.8461538461538463 5.0 0.898717034272917 13 50.0
509 3.0 4.3076923076923075 8.0 1.4366984945013914 13 56.0
510 3.0 3.769230769230769 6.0 0.9268086959962984 13 49.0
511 3.0 4.076923076923077 7.0 1.3204505835470497 13 53.0
512 3.0 4.0 6.0 0.9128709291752769 13 52.0
513 3.0 4.0 6.0 0.9128709291752769 13 52.0
514 3.0 3.6923076923076925 5.0 0.7510676161988107 13 48.0
515 3.0 4.0 5.0 0.7071067811865476 13 52.0
516 3.0 3.769230769230769 6.0 0.9268086959962986 13 49.0
517 3.0 3.769230769230769 5.0 0.8320502943378436 13 49.0
518 3.0 3.923076923076923 5.0 0.75955452531275 13 51.0
519 2.0 3.6923076923076925 5.0 0.8548504142651104 13 48.0
520 3.0 4.0 6.0 1.0801234497346435 13 52.0
521 3.0 3.923076923076923 5.0 0.75955452531275 13 51.0
522 3.0 3.923076923076923 5.0 0.75955452531275 13 51.0
523 3.0 3.769230769230769 5.0 0.8320502943378436 13 49.0
524 3.0 3.8461538461538463 6.0 0.8006407690254358 13 50.0
525 3.0 3.8461538461538463 5.0 0.8006407690254357 13 50.0
526 3.0 3.6923076923076925 5.0 0.8548504142651104 13 48.0
527 3.0 3.923076923076923 6.0 0.8623164985025763 13 51.0
528 3.0 3.923076923076923 5.0 0.75955452531275 13 51.0
529 3.0 3.769230769230769 5.0 0.7250110520819841 13 49.0
530 3.0 3.923076923076923 6.0 0.9540735874430285 13 51.0
531 3.0 3.6923076923076925 5.0 0.7510676161988107 13 48.0
532 3.0 4.0 6.0 0.9128709291752769 13 52.0
533 3.0 3.6153846153846154 5.0 0.6504436355879909 13 47.0
534 3.0 3.923076923076923 5.0 0.6405126152203486 13 51.0
535 3.0 3.769230769230769 5.0 0.7250110520819841 13 49.0
536 3.0 3.4615384615384617 5.0 0.7762500258061849 13 45.0
537 3.0 4.0 5.0 0.5773502691896257 13 52.0
538 3.0 3.769230769230769 5.0 0.599144689515278 13 49.0
539 3.0 3.6153846153846154 5.0 0.7679476477883045 13 47.0
540 3.0 4.692307692307692 16.0 3.449265994010305 13 61.0
541 3.0 3.8461538461538463 5.0 0.6887372317211946 13 50.0
542 3.0 3.4615384615384617 5.0 0.6602252917735248 13 45.0
543 3.0 3.6923076923076925 5.0 0.6304251719561151 13 48.0
544 3.0 3.8461538461538463 5.0 0.5547001962252293 13 50.0
545 3.0 3.769230769230769 5.0 0.599144689515278 13 49.0
546 3.0 3.3076923076923075 4.0 0.4803844614152614 13 43.0
547 3.0 3.8461538461538463 5.0 0.5547001962252293 13 50.0
548 3.0 4.076923076923077 7.0 1.0377490433255419 13 53.0
549 3.0 3.5384615384615383 5.0 0.6602252917735248 13 46.0
550 3.0 3.5384615384615383 5.0 0.6602252917735248 13 46.0
551 3.0 3.8461538461538463 5.0 0.5547001962252293 13 50.0
552 3.0 3.8461538461538463 5.0 0.5547001962252293 13 50.0
553 3.0 3.5384615384615383 5.0 0.6602252917735248 13 46.0
554 3.0 3.6923076923076925 5.0 0.6304251719561152 13 48.0
555 3.0 3.769230769230769 5.0 0.599144689515278 13 49.0
556 3.0 3.769230769230769 5.0 0.599144689515278 13 49.0
557 3.0 3.769230769230769 5.0 0.5991446895152781 13 49.0
558 3.0 3.6923076923076925 5.0 0.6304251719561152 13 48.0
559 3.0 3.6153846153846154 5.0 0.6504436355879909 13 47.0
560 3.0 3.923076923076923 5.0 0.6405126152203486 13 51.0
561 3.0 3.8461538461538463 5.0 0.5547001962252293 13 50.0
562 3.0 3.923076923076923 5.0 0.6405126152203486 13 51.0
563 3.0 3.8461538461538463 5.0 0.5547001962252293 13 50.0
564 3.0 3.769230769230769 5.0 0.599144689515278 13 49.0
565 3.0 3.8461538461538463 5.0 0.5547001962252293 13 50.0
566 3.0 3.769230769230769 5.0 0.599144689515278 13 49.0
567 3.0 3.6923076923076925 5.0 0.6304251719561152 13 48.0
568 3.0 3.6923076923076925 5.0 0.6304251719561152 13 48.0
569 3.0 3.923076923076923 5.0 0.49354811679282434 13 51.0
570 3.0 3.769230769230769 5.0 0.599144689515278 13 49.0
571 3.0 3.923076923076923 5.0 0.4935481167928244 13 51.0
572 3.0 4.076923076923077 8.0 1.3204505835470497 13 53.0
573 3.0 3.769230769230769 5.0 0.7250110520819841 13 49.0
574 3.0 3.8461538461538463 5.0 0.6887372317211946 13 50.0
575 3.0 3.923076923076923 5.0 0.6405126152203486 13 51.0
576 3.0 3.923076923076923 5.0 0.6405126152203486 13 51.0
577 3.0 4.0 5.0 0.5773502691896257 13 52.0
578 3.0 3.923076923076923 5.0 0.6405126152203486 13 51.0
579 3.0 3.8461538461538463 5.0 0.6887372317211946 13 50.0
580 3.0 3.6923076923076925 5.0 0.7510676161988107 13 48.0
581 3.0 3.8461538461538463 5.0 0.6887372317211946 13 50.0
582 3.0 4.076923076923077 6.0 0.7595545253127501 13 53.0
583 3.0 4.0 5.0 0.5773502691896257 13 52.0
584 3.0 3.769230769230769 5.0 0.7250110520819841 13 49.0
585 3.0 4.0 5.0 0.5773502691896257 13 52.0
586 3.0 3.769230769230769 5.0 0.7250110520819841 13 49.0
587 3.0 3.8461538461538463 5.0 0.6887372317211946 13 50.0
588 3.0 4.153846153846154 7.0 1.0681880176381124 13 54.0
589 3.0 3.923076923076923 5.0 0.6405126152203486 13 51.0
590 3.0 3.923076923076923 5.0 0.6405126152203486 13 51.0
591 3.0 4.0 5.0 0.5773502691896257 13 52.0
592 3.0 3.8461538461538463 5.0 0.6887372317211946 13 50.0
593 3.0 3.769230769230769 5.0 0.7250110520819841 13 49.0
594 3.0 3.769230769230769 5.0 0.7250110520819841 13 49.0
595 3.0 4.769230769230769 16.0 3.443686158605972 13 62.0
596 3.0 3.8461538461538463 5.0 0.5547001962252293 13 50.0
597 3.0 4.0 6.0 0.9128709291752769 13 52.0
598 3.0 3.923076923076923 5.0 0.6405126152203486 13 51.0
599 3.0 3.8461538461538463 5.0 0.6887372317211946 13 50.0
600 3.0 4.076923076923077 5.0 0.49354811679282445 13 53.0
601 3.0 3.769230769230769 5.0 0.7250110520819841 13 49.0
602 3.0 3.923076923076923 5.0 0.6405126152203486 13 51.0
603 3.0 3.769230769230769 5.0 0.7250110520819841 13 49.0
604 3.0 3.923076923076923 5.0 0.6405126152203486 13 51.0
605 3.0 3.923076923076923 5.0 0.6405126152203486 13 51.0
606 3.0 3.769230769230769 5.0 0.7250110520819841 13 49.0
607 3.0 4.0 5.0 0.7071067811865476 13 52.0
608 3.0 4.076923076923077 5.0 0.49354811679282445 13 53.0
609 3.0 3.6923076923076925 5.0 0.7510676161988107 13 48.0
610 3.0 3.8461538461538463 5.0 0.6887372317211946 13 50.0
611 3.0 3.923076923076923 5.0 0.75955452531275 13 51.0
612 3.0 3.923076923076923 5.0 0.49354811679282434 13 51.0
613 3.0 3.923076923076923 6.0 0.7595545253127501 13 51.0
614 3.0 3.769230769230769 5.0 0.599144689515278 13 49.0
615 3.0 3.769230769230769 5.0 0.599144689515278 13 49.0
616 3.0 3.769230769230769 5.0 0.7250110520819842 13 49.0
617 3.0 3.8461538461538463 5.0 0.5547001962252293 13 50.0
618 3.0 3.769230769230769 5.0 0.5991446895152781 13 49.0
619 3.0 3.923076923076923 5.0 0.49354811679282434 13 51.0
620 3.0 3.8461538461538463 5.0 0.6887372317211946 13 50.0
621 3.0 3.769230769230769 5.0 0.599144689515278 13 49.0
622 3.0 3.923076923076923 5.0 0.4935481167928244 13 51.0
623 3.0 3.6153846153846154 5.0 0.6504436355879909 13 47.0
624 3.0 3.8461538461538463 5.0 0.6887372317211946 13 50.0
625 3.0 3.8461538461538463 5.0 0.5547001962252293 13 50.0
626 3.0 3.923076923076923 5.0 0.4935481167928244 13 51.0
627 3.0 3.923076923076923 5.0 0.4935481167928244 13 51.0
628 3.0 3.923076923076923 5.0 0.6405126152203485 13 51.0
629 3.0 3.769230769230769 6.0 0.8320502943378436 13 49.0
630 3.0 3.8461538461538463 5.0 0.5547001962252293 13 50.0
631 3.0 3.8461538461538463 5.0 0.5547001962252293 13 50.0
632 3.0 3.6923076923076925 5.0 0.6304251719561152 13 48.0
633 3.0 3.8461538461538463 5.0 0.5547001962252293 13 50.0
634 3.0 3.8461538461538463 5.0 0.5547001962252293 13 50.0
635 3.0 3.8461538461538463 5.0 0.5547001962252293 13 50.0
636 3.0 3.923076923076923 5.0 0.4935481167928244 13 51.0
637 3.0 4.0 6.0 0.7071067811865476 13 52.0
638 3.0 3.8461538461538463 5.0 0.5547001962252293 13 50.0
639 3.0 3.923076923076923 5.0 0.4935481167928244 13 51.0
640 3.0 4.0 6.0 0.7071067811865476 13 52.0
641 3.0 3.769230769230769 5.0 0.599144689515278 13 49.0
642 3.0 3.769230769230769 5.0 0.599144689515278 13 49.0
643 3.0 3.8461538461538463 5.0 0.5547001962252293 13 50.0
644 3.0 3.769230769230769 5.0 0.5991446895152781 13 49.0
645 3.0 3.923076923076923 5.0 0.4935481167928244 13 51.0
646 3.0 3.923076923076923 6.0 0.7595545253127501 13 51.0
647 3.0 3.923076923076923 5.0 0.4935481167928244 13 51.0
648 3.0 3.8461538461538463 5.0 0.5547001962252293 13 50.0
649 3.0 3.8461538461538463 5.0 0.5547001962252293 13 50.0
650 3.0 4.076923076923077 5.0 0.49354811679282445 13 53.0
651 3.0 4.0 6.0 0.7071067811865476 13 52.0
652 3.0 3.8461538461538463 5.0 0.5547001962252293 13 50.0
653 3.0 3.923076923076923 5.0 0.4935481167928244 13 51.0
654 3.0 4.0 5.0 0.408248290463863 13 52.0
655 3.0 3.923076923076923 5.0 0.6405126152203485 13 51.0
656 3.0 4.076923076923077 6.0 0.7595545253127501 13 53.0
657 3.0 4.0 5.0 0.5773502691896257 13 52.0
658 3.0 3.923076923076923 5.0 0.49354811679282434 13 51.0
659 3.0 4.0 5.0 0.408248290463863 13 52.0
660 3.0 4.0 6.0 0.816496580927726 13 52.0
661 3.0 4.153846153846154 7.0 0.9870962335856491 13 54.0
662 3.0 4.076923076923077 5.0 0.49354811679282445 13 53.0
663 3.0 4.0 5.0 0.5773502691896257 13 52.0
664 3.0 4.0 6.0 0.7071067811865476 13 52.0
665 3.0 4.153846153846154 7.0 0.9870962335856489 13 54.0
666 3.0 4.0 5.0 0.5773502691896257 13 52.0
667 3.0 3.923076923076923 5.0 0.4935481167928244 13 51.0
668 3.0 4.0 5.0 0.5773502691896257 13 52.0
669 3.0 4.0 6.0 0.7071067811865476 13 52.0
670 3.0 4.0 5.0 0.408248290463863 13 52.0
671 3.0 3.8461538461538463 5.0 0.5547001962252293 13 50.0
672 3.0 4.076923076923077 6.0 0.7595545253127501 13 53.0
673 3.0 4.384615384615385 8.0 1.2608503439122305 13 57.0
674 3.0 3.923076923076923 6.0 0.7595545253127501 13 51.0
675 3.0 3.923076923076923 5.0 0.4935481167928244 13 51.0
676 3.0 3.8461538461538463 5.0 0.5547001962252293 13 50.0
677 3.0 4.0 5.0 0.408248290463863 13 52.0
678 3.0 3.923076923076923 5.0 0.4935481167928244 13 51.0
679 3.0 3.8461538461538463 5.0 0.6887372317211946 13 50.0
680 3.0 3.8461538461538463 6.0 0.8006407690254358 13 50.0
681 4.0 4.076923076923077 5.0 0.2773500981126145 13 53.0
682 3.0 3.8461538461538463 5.0 0.5547001962252293 13 50.0
683 3.0 3.8461538461538463 5.0 0.5547001962252293 13 50.0
684 3.0 3.923076923076923 5.0 0.4935481167928244 13 51.0
685 3.0 4.076923076923077 6.0 0.6405126152203487 13 53.0
686 3.0 3.8461538461538463 5.0 0.5547001962252293 13 50.0
687 3.0 3.923076923076923 5.0 0.6405126152203486 13 51.0
688 3.0 3.923076923076923 5.0 0.4935481167928244 13 51.0
689 3.0 4.0 5.0 0.408248290463863 13 52.0
690 3.0 3.8461538461538463 5.0 0.5547001962252293 13 50.0
691 3.0 3.8461538461538463 5.0 0.5547001962252293 13 50.0
692 3.0 4.0 6.0 0.7071067811865476 13 52.0
693 3.0 3.8461538461538463 5.0 0.5547001962252293 13 50.0
694 3.0 4.0 5.0 0.408248290463863 13 52.0
695 3.0 3.923076923076923 5.0 0.4935481167928244 13 51.0
696 3.0 4.153846153846154 8.0 1.2810252304406973 13 54.0
697 3.0 4.076923076923077 7.0 1.0377490433255419 13 53.0
698 3.0 4.384615384615385 8.0 1.5021352323976214 13 57.0
699 3.0 3.8461538461538463 5.0 0.6887372317211946 13 50.0
700 3.0 4.3076923076923075 8.0 1.3774744634423892 13 56.0
701 3.0 3.923076923076923 5.0 0.6405126152203485 13 51.0
702 3.0 4.153846153846154 6.0 0.6887372317211945 13 54.0
703 3.0 4.230769230769231 7.0 1.0127393670836666 13 55.0
704 3.0 3.923076923076923 5.0 0.6405126152203485 13 51.0
705 3.0 4.153846153846154 6.0 0.8987170342729168 13 54.0
706 3.0 4.153846153846154 5.0 0.5547001962252291 13 54.0
707 3.0 3.923076923076923 5.0 0.6405126152203485 13 51.0
708 3.0 4.0 5.0 0.5773502691896257 13 52.0
709 3.0 3.923076923076923 5.0 0.4935481167928244 13 51.0
710 3.0 4.076923076923077 6.0 0.7595545253127501 13 53.0
711 3.0 4.076923076923077 6.0 0.8623164985025763 13 53.0
712 3.0 4.076923076923077 5.0 0.49354811679282445 13 53.0
713 3.0 3.923076923076923 5.0 0.6405126152203484 13 51.0
714 3.0 3.923076923076923 5.0 0.49354811679282434 13 51.0
715 3.0 4.0 6.0 0.7071067811865476 13 52.0
716 3.0 3.923076923076923 5.0 0.4935481167928244 13 51.0
717 3.0 4.0 5.0 0.5773502691896257 13 52.0
718 3.0 3.923076923076923 5.0 0.4935481167928244 13 51.0
719 3.0 4.0 6.0 0.816496580927726 13 52.0
720 3.0 3.923076923076923 5.0 0.4935481167928244 13 51.0
721 3.0 4.0 5.0 0.408248290463863 13 52.0
722 3.0 3.8461538461538463 5.0 0.5547001962252293 13 50.0
723 3.0 3.923076923076923 5.0 0.6405126152203486 13 51.0
724 3.0 4.076923076923077 6.0 0.6405126152203486 13 53.0
725 3.0 3.923076923076923 5.0 0.49354811679282434 13 51.0
726 3.0 3.8461538461538463 5.0 0.5547001962252293 13 50.0
727 3.0 3.923076923076923 5.0 0.4935481167928244 13 51.0
728 3.0 3.923076923076923 5.0 0.4935481167928244 13 51.0
729 3.0 3.923076923076923 5.0 0.49354811679282434 13 51.0
730 3.0 4.0 6.0 0.7071067811865476 13 52.0
731 3.0 3.923076923076923 5.0 0.6405126152203486 13 51.0
732 3.0 3.8461538461538463 5.0 0.5547001962252293 13 50.0
733 3.0 4.0 5.0 0.408248290463863 13 52.0
734 3.0 3.8461538461538463 5.0 0.5547001962252293 13 50.0
735 3.0 3.8461538461538463 5.0 0.5547001962252293 13 50.0
736 3.0 3.8461538461538463 5.0 0.5547001962252293 13 50.0
737 3.0 3.923076923076923 5.0 0.49354811679282434 13 51.0
738 3.0 3.923076923076923 6.0 0.7595545253127501 13 51.0
739 3.0 3.923076923076923 5.0 0.4935481167928244 13 51.0
740 3.0 3.923076923076923 5.0 0.4935481167928244 13 51.0
741 3.0 3.8461538461538463 5.0 0.5547001962252293 13 50.0
742 3.0 3.8461538461538463 5.0 0.5547001962252293 13 50.0
743 3.0 3.923076923076923 5.0 0.6405126152203486 13 51.0
744 3.0 3.923076923076923 5.0 0.4935481167928244 13 51.0
745 3.0 4.0 5.0 0.5773502691896257 13 52.0
746 3.0 3.923076923076923 5.0 0.49354811679282434 13 51.0
747 3.0 4.0 5.0 0.5773502691896257 13 52.0
748 3.0 3.923076923076923 6.0 0.7595545253127501 13 51.0
749 3.0 3.8461538461538463 5.0 0.5547001962252293 13 50.0
750 3.0 3.769230769230769 5.0 0.599144689515278 13 49.0
751 4.0 4.076923076923077 5.0 0.2773500981126145 13 53.0
752 3.0 3.8461538461538463 5.0 0.5547001962252293 13 50.0
753 3.0 3.8461538461538463 5.0 0.5547001962252293 13 50.0
754 3.0 3.8461538461538463 5.0 0.5547001962252293 13 50.0
755 3.0 3.923076923076923 5.0 0.49354811679282434 13 51.0
756 3.0 3.8461538461538463 5.0 0.5547001962252293 13 50.0
757 3.0 3.8461538461538463 5.0 0.5547001962252293 13 50.0
758 3.0 4.076923076923077 6.0 0.7595545253127501 13 53.0
759 3.0 3.769230769230769 5.0 0.599144689515278 13 49.0
760 3.0 3.923076923076923 5.0 0.49354811679282434 13 51.0
761 3.0 3.769230769230769 5.0 0.5991446895152781 13 49.0
762 3.0 3.923076923076923 5.0 0.4935481167928244 13 51.0
763 3.0 4.0 5.0 0.408248290463863 13 52.0
764 3.0 3.8461538461538463 5.0 0.5547001962252293 13 50.0
765 3.0 4.0 6.0 0.7071067811865476 13 52.0
766 3.0 3.8461538461538463 5.0 0.5547001962252293 13 50.0
767 3.0 4.0 6.0 0.7071067811865476 13 52.0
768 3.0 4.3076923076923075 5.0 0.6304251719561151 13 56.0
769 3.0 3.923076923076923 5.0 0.6405126152203485 13 51.0
770 3.0 4.0 5.0 0.5773502691896257 13 52.0
771 3.0 4.076923076923077 6.0 0.7595545253127501 13 53.0
772 3.0 3.923076923076923 5.0 0.4935481167928244 13 51.0
773 3.0 4.0 5.0 0.7071067811865476 13 52.0
774 3.0 5.615384615384616 25.0 5.838642272801408 13 73.0
775 3.0 3.769230769230769 4.0 0.4385290096535146 13 49.0
776 3.0 3.6923076923076925 4.0 0.4803844614152615 13 48.0
777 3.0 3.8461538461538463 4.0 0.37553380809940534 13 50.0
778 3.0 4.384615384615385 9.0 1.445594545418455 13 57.0
779 3.0 3.923076923076923 5.0 0.4935481167928245 13 51.0
780 3.0 3.6923076923076925 4.0 0.4803844614152615 13 48.0
781 3.0 3.8461538461538463 4.0 0.3755338080994053 13 50.0
782 3.0 3.923076923076923 5.0 0.4935481167928245 13 51.0
783 3.0 3.6923076923076925 4.0 0.4803844614152615 13 48.0
784 3.0 3.8461538461538463 5.0 0.5547001962252291 13 50.0
785 3.0 4.0 6.0 0.816496580927726 13 52.0
786 3.0 3.6923076923076925 4.0 0.4803844614152615 13 48.0
787 3.0 3.923076923076923 5.0 0.4935481167928245 13 51.0
788 3.0 3.769230769230769 4.0 0.4385290096535146 13 49.0
789 3.0 3.5384615384615383 4.0 0.5188745216627708 13 46.0
790 3.0 3.8461538461538463 4.0 0.3755338080994053 13 50.0
791 3.0 3.6923076923076925 4.0 0.4803844614152614 13 48.0
792 3.0 3.923076923076923 7.0 1.0377490433255416 13 51.0
793 3.0 3.6923076923076925 4.0 0.4803844614152614 13 48.0
794 3.0 3.6923076923076925 4.0 0.4803844614152615 13 48.0
795 3.0 3.769230769230769 4.0 0.4385290096535146 13 49.0
796 3.0 3.8461538461538463 4.0 0.37553380809940534 13 50.0
797 3.0 3.6923076923076925 4.0 0.4803844614152615 13 48.0
798 3.0 3.6923076923076925 4.0 0.4803844614152615 13 48.0
799 3.0 3.769230769230769 5.0 0.599144689515278 13 49.0
800 3.0 3.8461538461538463 4.0 0.3755338080994053 13 50.0
801 3.0 3.923076923076923 7.0 1.0377490433255416 13 51.0
802 3.0 3.769230769230769 4.0 0.4385290096535146 13 49.0
803 3.0 3.8461538461538463 4.0 0.37553380809940534 13 50.0
804 3.0 3.6923076923076925 4.0 0.4803844614152615 13 48.0
805 3.0 3.923076923076923 7.0 1.0377490433255416 13 51.0
806 3.0 3.8461538461538463 4.0 0.37553380809940534 13 50.0
807 3.0 3.6923076923076925 4.0 0.4803844614152615 13 48.0
808 3.0 3.6923076923076925 4.0 0.4803844614152615 13 48.0
809 4.0 4.076923076923077 5.0 0.2773500981126145 13 53.0
810 3.0 3.6923076923076925 4.0 0.4803844614152615 13 48.0
811 3.0 3.6923076923076925 4.0 0.4803844614152615 13 48.0
812 3.0 3.8461538461538463 5.0 0.5547001962252291 13 50.0
813 3.0 3.769230769230769 4.0 0.4385290096535146 13 49.0
814 3.0 4.0 7.0 1.0 13 52.0
815 3.0 3.8461538461538463 5.0 0.5547001962252291 13 50.0
816 3.0 3.8461538461538463 5.0 0.5547001962252291 13 50.0
817 3.0 3.769230769230769 4.0 0.4385290096535146 13 49.0
818 3.0 4.0 5.0 0.5773502691896257 13 52.0
819 3.0 3.6923076923076925 4.0 0.4803844614152615 13 48.0
820 3.0 3.769230769230769 4.0 0.4385290096535146 13 49.0
821 3.0 4.076923076923077 7.0 0.9540735874430285 13 53.0
822 3.0 3.923076923076923 5.0 0.49354811679282456 13 51.0
823 3.0 3.6923076923076925 4.0 0.4803844614152615 13 48.0
824 3.0 3.8461538461538463 4.0 0.3755338080994053 13 50.0
825 3.0 3.769230769230769 4.0 0.4385290096535146 13 49.0
826 3.0 3.8461538461538463 5.0 0.5547001962252291 13 50.0
827 3.0 3.923076923076923 6.0 0.75955452531275 13 51.0
828 3.0 3.8461538461538463 4.0 0.3755338080994053 13 50.0
829 3.0 3.6923076923076925 4.0 0.4803844614152615 13 48.0
830 3.0 3.8461538461538463 4.0 0.37553380809940534 13 50.0
831 3.0 3.769230769230769 4.0 0.4385290096535146 13 49.0
832 3.0 3.769230769230769 4.0 0.4385290096535146 13 49.0
833 3.0 3.769230769230769 4.0 0.4385290096535146 13 49.0
834 3.0 3.8461538461538463 5.0 0.6887372317211946 13 50.0
835 3.0 3.769230769230769 4.0 0.4385290096535146 13 49.0
836 3.0 3.769230769230769 4.0 0.4385290096535146 13 49.0
837 3.0 3.6923076923076925 4.0 0.4803844614152615 13 48.0
838 3.0 4.384615384615385 12.0 2.328750077418555 13 57.0
839 3.0 4.230769230769231 8.0 1.1657505560686465 13 55.0
840 3.0 4.153846153846154 7.0 0.9870962335856487 13 54.0
841 3.0 4.230769230769231 8.0 1.2351684199496944 13 55.0
842 3.0 4.0 7.0 1.0 13 52.0
843 3.0 4.153846153846154 7.0 0.9870962335856487 13 54.0
844 3.0 4.230769230769231 8.0 1.1657505560686465 13 55.0
845 3.0 4.0 7.0 1.0 13 52.0
846 3.0 4.076923076923077 7.0 0.9540735874430287 13 53.0
847 3.0 4.153846153846154 8.0 1.2142318453899055 13 54.0
848 3.0 4.0 7.0 1.0 13 52.0
849 3.0 4.0 7.0 1.0 13 52.0
850 3.0 4.153846153846154 8.0 1.2142318453899053 13 54.0
851 3.0 4.076923076923077 7.0 1.0377490433255419 13 53.0
852 3.0 4.076923076923077 7.0 0.9540735874430287 13 53.0
853 3.0 4.0 7.0 1.0 13 52.0
854 3.0 4.153846153846154 8.0 1.2142318453899055 13 54.0
855 3.0 4.076923076923077 7.0 0.9540735874430287 13 53.0
856 3.0 4.153846153846154 7.0 0.9870962335856487 13 54.0
857 3.0 4.076923076923077 8.0 1.2557559782549623 13 53.0
858 3.0 4.076923076923077 7.0 0.9540735874430287 13 53.0
859 3.0 4.076923076923077 7.0 0.9540735874430287 13 53.0
860 3.0 4.153846153846154 8.0 1.2142318453899055 13 54.0
861 3.0 4.076923076923077 7.0 0.9540735874430287 13 53.0
862 3.0 4.0 7.0 1.0 13 52.0
863 3.0 4.461538461538462 8.0 1.3913653136029498 13 58.0
864 3.0 4.0 7.0 1.0 13 52.0
865 3.0 4.0 7.0 1.0 13 52.0
866 3.0 4.230769230769231 8.0 1.1657505560686465 13 55.0
867 3.0 4.076923076923077 7.0 0.9540735874430287 13 53.0
868 3.0 4.076923076923077 7.0 1.0377490433255419 13 53.0
869 3.0 4.153846153846154 8.0 1.2142318453899055 13 54.0
870 3.0 4.076923076923077 7.0 1.0377490433255419 13 53.0
871 3.0 4.076923076923077 5.0 0.49354811679282445 13 53.0
872 3.0 3.8461538461538463 4.0 0.3755338080994053 13 50.0
873 3.0 3.769230769230769 5.0 0.599144689515278 13 49.0
874 3.0 3.769230769230769 4.0 0.4385290096535146 13 49.0
875 3.0 3.8461538461538463 4.0 0.3755338080994053 13 50.0
876 3.0 3.923076923076923 5.0 0.6405126152203485 13 51.0
877 3.0 3.923076923076923 5.0 0.49354811679282445 13 51.0
878 3.0 3.8461538461538463 5.0 0.5547001962252291 13 50.0
879 3.0 3.769230769230769 4.0 0.4385290096535146 13 49.0
880 3.0 3.923076923076923 5.0 0.49354811679282445 13 51.0
881 3.0 3.769230769230769 4.0 0.4385290096535146 13 49.0
882 3.0 3.8461538461538463 4.0 0.37553380809940534 13 50.0
883 3.0 3.6923076923076925 4.0 0.4803844614152615 13 48.0
884 3.0 4.230769230769231 8.0 1.3008872711759816 13 55.0
885 3.0 3.8461538461538463 4.0 0.3755338080994053 13 50.0
886 3.0 3.8461538461538463 5.0 0.5547001962252291 13 50.0
887 3.0 3.769230769230769 4.0 0.4385290096535146 13 49.0
888 3.0 3.8461538461538463 4.0 0.3755338080994053 13 50.0
889 3.0 3.8461538461538463 5.0 0.5547001962252291 13 50.0
890 3.0 3.923076923076923 5.0 0.6405126152203486 13 51.0
891 3.0 3.769230769230769 4.0 0.4385290096535146 13 49.0
892 3.0 3.923076923076923 5.0 0.4935481167928245 13 51.0
893 3.0 3.8461538461538463 5.0 0.5547001962252291 13 50.0
894 3.0 3.769230769230769 4.0 0.4385290096535146 13 49.0
895 3.0 3.923076923076923 5.0 0.49354811679282456 13 51.0
896 3.0 3.769230769230769 5.0 0.5991446895152781 13 49.0
897 3.0 3.8461538461538463 4.0 0.3755338080994054 13 50.0
898 3.0 3.8461538461538463 5.0 0.5547001962252291 13 50.0
899 3.0 3.769230769230769 5.0 0.599144689515278 13 49.0
900 3.0 3.8461538461538463 5.0 0.5547001962252291 13 50.0
901 3.0 3.923076923076923 5.0 0.49354811679282445 13 51.0
902 3.0 3.923076923076923 6.0 0.75955452531275 13 51.0
903 3.0 3.769230769230769 5.0 0.599144689515278 13 49.0
904 3.0 3.923076923076923 5.0 0.49354811679282445 13 51.0
905 3.0 3.769230769230769 5.0 0.599144689515278 13 49.0
906 3.0 3.8461538461538463 5.0 0.5547001962252291 13 50.0
907 3.0 3.923076923076923 5.0 0.49354811679282445 13 51.0
908 3.0 4.076923076923077 7.0 1.0377490433255416 13 53.0
909 3.0 3.6923076923076925 5.0 0.6304251719561151 13 48.0
910 3.0 3.8461538461538463 5.0 0.6887372317211946 13 50.0
911 3.0 3.8461538461538463 5.0 0.5547001962252291 13 50.0
912 3.0 3.8461538461538463 6.0 0.8006407690254358 13 50.0
913 3.0 3.923076923076923 5.0 0.49354811679282445 13 51.0
914 3.0 4.0 7.0 1.0801234497346435 13 52.0
915 3.0 3.769230769230769 5.0 0.599144689515278 13 49.0
916 3.0 4.0 5.0 0.408248290463863 13 52.0
917 3.0 3.8461538461538463 5.0 0.6887372317211946 13 50.0
918 3.0 3.8461538461538463 5.0 0.5547001962252291 13 50.0
919 3.0 3.769230769230769 6.0 0.8320502943378436 13 49.0
920 3.0 4.0 5.0 0.5773502691896257 13 52.0
921 3.0 4.076923076923077 7.0 1.0377490433255419 13 53.0
922 3.0 3.8461538461538463 5.0 0.6887372317211946 13 50.0
923 4.0 4.076923076923077 5.0 0.2773500981126145 13 53.0
924 3.0 3.8461538461538463 6.0 0.8006407690254357 13 50.0
925 3.0 3.769230769230769 5.0 0.599144689515278 13 49.0
926 3.0 3.923076923076923 5.0 0.49354811679282445 13 51.0
927 3.0 4.0 5.0 0.5773502691896257 13 52.0
928 3.0 4.153846153846154 8.0 1.281025230440697 13 54.0
929 3.0 3.923076923076923 5.0 0.6405126152203486 13 51.0
930 3.0 3.8461538461538463 5.0 0.5547001962252291 13 50.0
931 3.0 3.923076923076923 5.0 0.49354811679282445 13 51.0
932 3.0 3.769230769230769 4.0 0.4385290096535146 13 49.0
933 3.0 3.6923076923076925 4.0 0.4803844614152615 13 48.0
934 3.0 3.8461538461538463 5.0 0.5547001962252291 13 50.0
935 3.0 3.923076923076923 4.0 0.2773500981126146 13 51.0
936 3.0 3.6923076923076925 4.0 0.4803844614152615 13 48.0
937 3.0 4.076923076923077 7.0 1.0377490433255416 13 53.0
938 3.0 3.769230769230769 4.0 0.4385290096535146 13 49.0
939 3.0 3.8461538461538463 4.0 0.37553380809940534 13 50.0
940 3.0 3.6923076923076925 4.0 0.4803844614152615 13 48.0
941 3.0 3.8461538461538463 5.0 0.5547001962252291 13 50.0
942 3.0 3.769230769230769 4.0 0.4385290096535146 13 49.0
943 3.0 3.6923076923076925 4.0 0.4803844614152615 13 48.0
944 3.0 3.923076923076923 4.0 0.2773500981126146 13 51.0
945 3.0 3.769230769230769 5.0 0.599144689515278 13 49.0
946 3.0 3.8461538461538463 5.0 0.5547001962252291 13 50.0
947 3.0 3.769230769230769 4.0 0.4385290096535146 13 49.0
948 3.0 3.769230769230769 4.0 0.4385290096535146 13 49.0
949 3.0 3.8461538461538463 5.0 0.5547001962252291 13 50.0
950 3.0 3.923076923076923 5.0 0.49354811679282445 13 51.0
951 3.0 3.6923076923076925 4.0 0.4803844614152615 13 48.0
952 3.0 3.6923076923076925 4.0 0.4803844614152615 13 48.0
953 3.0 3.769230769230769 4.0 0.4385290096535146 13 49.0
954 3.0 4.076923076923077 7.0 0.9540735874430286 13 53.0
955 3.0 3.769230769230769 4.0 0.4385290096535146 13 49.0
956 3.0 3.6923076923076925 4.0 0.4803844614152615 13 48.0
957 3.0 3.769230769230769 4.0 0.4385290096535146 13 49.0
958 3.0 3.8461538461538463 4.0 0.3755338080994053 13 50.0
959 3.0 4.0 6.0 0.816496580927726 13 52.0
960 3.0 3.8461538461538463 5.0 0.5547001962252291 13 50.0
961 3.0 3.769230769230769 5.0 0.599144689515278 13 49.0
962 3.0 3.8461538461538463 4.0 0.3755338080994053 13 50.0
963 3.0 3.769230769230769 5.0 0.5991446895152781 13 49.0
964 3.0 3.8461538461538463 4.0 0.37553380809940534 13 50.0
965 3.0 3.8461538461538463 5.0 0.6887372317211946 13 50.0
966 3.0 3.8461538461538463 5.0 0.5547001962252291 13 50.0
967 3.0 3.923076923076923 5.0 0.49354811679282445 13 51.0
968 3.0 3.8461538461538463 5.0 0.6887372317211946 13 50.0
969 3.0 3.923076923076923 6.0 0.75955452531275 13 51.0
970 3.0 3.8461538461538463 5.0 0.5547001962252291 13 50.0
971 3.0 3.8461538461538463 5.0 0.5547001962252291 13 50.0
972 3.0 3.6923076923076925 5.0 0.6304251719561151 13 48.0
973 3.0 3.923076923076923 5.0 0.6405126152203485 13 51.0
974 3.0 4.0 6.0 0.7071067811865476 13 52.0
975 3.0 3.8461538461538463 5.0 0.6887372317211946 13 50.0
976 3.0 3.8461538461538463 5.0 0.5547001962252291 13 50.0
977 3.0 3.8461538461538463 5.0 0.5547001962252291 13 50.0
978 3.0 3.923076923076923 5.0 0.49354811679282445 13 51.0
979 3.0 3.769230769230769 5.0 0.599144689515278 13 49.0
980 3.0 3.923076923076923 6.0 0.75955452531275 13 51.0
981 3.0 3.8461538461538463 5.0 0.5547001962252291 13 50.0
982 3.0 3.8461538461538463 5.0 0.5547001962252291 13 50.0
983 3.0 3.8461538461538463 5.0 0.5547001962252291 13 50.0
984 3.0 3.8461538461538463 5.0 0.5547001962252291 13 50.0
985 3.0 3.8461538461538463 5.0 0.6887372317211946 13 50.0
986 3.0 3.8461538461538463 6.0 0.8006407690254358 13 50.0
987 3.0 3.8461538461538463 5.0 0.5547001962252291 13 50.0
988 3.0 3.923076923076923 5.0 0.6405126152203485 13 51.0
989 3.0 3.8461538461538463 5.0 0.5547001962252291 13 50.0
990 3.0 3.769230769230769 5.0 0.599144689515278 13 49.0
991 3.0 4.076923076923077 6.0 0.6405126152203486 13 53.0
992 3.0 3.769230769230769 5.0 0.599144689515278 13 49.0
993 3.0 3.8461538461538463 5.0 0.6887372317211946 13 50.0
994 3.0 3.923076923076923 5.0 0.49354811679282445 13 51.0
995 3.0 4.0 5.0 0.5773502691896257 13 52.0
996 3.0 3.8461538461538463 6.0 0.8006407690254357 13 50.0
997 3.0 3.769230769230769 5.0 0.599144689515278 13 49.0
998 3.0 4.0 5.0 0.408248290463863 13 52.0
999 3.0 4.076923076923077 7.0 1.0377490433255416 13 53.0
1000 3.0 3.769230769230769 5.0 0.599144689515278 13 49.0
1001 3.0 4.076923076923077 6.0 0.8623164985025763 13 53.0
1002 3.0 3.8461538461538463 5.0 0.5547001962252291 13 50.0
1003 3.0 3.923076923076923 5.0 0.49354811679282445 13 51.0
1004 3.0 3.923076923076923 5.0 0.6405126152203486 13 51.0
1005 3.0 3.769230769230769 5.0 0.599144689515278 13 49.0
1006 3.0 3.923076923076923 6.0 0.75955452531275 13 51.0
1007 3.0 4.3076923076923075 10.0 1.797434068545834 13 56.0
1008 3.0 3.8461538461538463 5.0 0.5547001962252291 13 50.0
1009 3.0 3.8461538461538463 5.0 0.6887372317211946 13 50.0
1010 3.0 3.923076923076923 5.0 0.49354811679282445 13 51.0
1011 3.0 4.0 6.0 0.816496580927726 13 52.0
1012 3.0 4.0 5.0 0.7071067811865476 13 52.0
1013 3.0 3.8461538461538463 5.0 0.5547001962252291 13 50.0
1014 3.0 3.8461538461538463 5.0 0.5547001962252291 13 50.0
1015 3.0 3.8461538461538463 6.0 0.8006407690254357 13 50.0
1016 3.0 3.8461538461538463 5.0 0.5547001962252291 13 50.0
1017 3.0 4.3076923076923075 7.0 0.947330933431342 13 56.0
1018 3.0 3.8461538461538463 5.0 0.6887372317211946 13 50.0
1019 3.0 3.8461538461538463 6.0 0.8006407690254357 13 50.0
1020 3.0 4.0 5.0 0.408248290463863 13 52.0
1021 3.0 4.230769230769231 7.0 1.0919284281983377 13 55.0
1022 3.0 3.923076923076923 5.0 0.75955452531275 13 51.0
1023 3.0 4.0 6.0 0.7071067811865476 13 52.0
1024 3.0 3.923076923076923 5.0 0.6405126152203485 13 51.0
1025 3.0 4.0 5.0 0.5773502691896257 13 52.0
1026 3.0 3.8461538461538463 5.0 0.6887372317211946 13 50.0
1027 3.0 4.076923076923077 6.0 0.75955452531275 13 53.0
1028 3.0 3.769230769230769 5.0 0.599144689515278 13 49.0
1029 3.0 4.0 5.0 0.5773502691896257 13 52.0
1030 3.0 4.0 6.0 0.7071067811865476 13 52.0
1031 3.0 3.6923076923076925 4.0 0.4803844614152615 13 48.0
1032 3.0 4.153846153846154 8.0 1.281025230440697 13 54.0
1033 3.0 3.8461538461538463 5.0 0.5547001962252291 13 50.0
1034 3.0 4.0 6.0 0.7071067811865476 13 52.0
1035 3.0 4.0 5.0 0.7071067811865476 13 52.0
1036 3.0 3.769230769230769 5.0 0.5991446895152781 13 49.0
1037 3.0 4.230769230769231 5.0 0.5991446895152781 13 55.0
1038 3.0 4.076923076923077 6.0 0.8623164985025763 13 53.0
1039 3.0 3.923076923076923 6.0 0.8623164985025763 13 51.0
1040 3.0 3.8461538461538463 5.0 0.5547001962252291 13 50.0
1041 3.0 4.153846153846154 6.0 0.6887372317211945 13 54.0
1042 3.0 3.8461538461538463 5.0 0.6887372317211946 13 50.0
1043 3.0 3.923076923076923 5.0 0.6405126152203484 13 51.0
1044 3.0 4.0 5.0 0.7071067811865476 13 52.0
1045 3.0 4.230769230769231 6.0 0.8320502943378437 13 55.0
1046 3.0 4.0 5.0 0.7071067811865476 13 52.0
1047 3.0 3.8461538461538463 5.0 0.5547001962252291 13 50.0
1048 3.0 3.923076923076923 5.0 0.6405126152203484 13 51.0
1049 3.0 3.923076923076923 5.0 0.49354811679282456 13 51.0
1050 3.0 4.0 6.0 0.816496580927726 13 52.0
1051 3.0 3.8461538461538463 5.0 0.6887372317211946 13 50.0
1052 3.0 3.923076923076923 5.0 0.49354811679282456 13 51.0
1053 3.0 4.076923076923077 5.0 0.6405126152203485 13 53.0
1054 3.0 4.0 6.0 0.816496580927726 13 52.0
1055 3.0 3.8461538461538463 5.0 0.6887372317211946 13 50.0
1056 3.0 4.0 5.0 0.5773502691896257 13 52.0
1057 3.0 4.076923076923077 5.0 0.6405126152203485 13 53.0
1058 3.0 3.8461538461538463 5.0 0.6887372317211946 13 50.0
1059 3.0 4.3076923076923075 8.0 1.377474463442389 13 56.0
1060 3.0 4.0 5.0 0.5773502691896257 13 52.0
1061 3.0 3.8461538461538463 5.0 0.5547001962252291 13 50.0
1062 3.0 4.0 5.0 0.7071067811865476 13 52.0
1063 3.0 4.0 5.0 0.5773502691896257 13 52.0
1064 3.0 4.0 6.0 0.816496580927726 13 52.0
1065 3.0 4.0 5.0 0.7071067811865476 13 52.0
1066 3.0 3.923076923076923 5.0 0.49354811679282456 13 51.0
1067 3.0 4.0 5.0 0.7071067811865476 13 52.0
1068 3.0 4.076923076923077 6.0 0.8623164985025763 13 53.0
1069 3.0 4.153846153846154 7.0 1.0681880176381127 13 54.0
1070 3.0 3.8461538461538463 5.0 0.5547001962252291 13 50.0
1071 3.0 4.153846153846154 5.0 0.8006407690254357 13 54.0
1072 3.0 4.0 5.0 0.5773502691896257 13 52.0
1073 3.0 3.923076923076923 5.0 0.6405126152203484 13 51.0
1074 3.0 4.0 5.0 0.7071067811865476 13 52.0
1075 3.0 3.8461538461538463 5.0 0.5547001962252291 13 50.0
1076 3.0 4.0 5.0 0.7071067811865476 13 52.0
1077 3.0 3.923076923076923 5.0 0.49354811679282456 13 51.0
1078 3.0 4.461538461538462 10.0 1.853617391992597 13 58.0
1079 3.0 3.769230769230769 5.0 0.5991446895152781 13 49.0
1080 3.0 5.0 15.0 3.0550504633038935 13 65.0
1081 3.0 4.153846153846154 5.0 0.8006407690254357 13 54.0
1082 3.0 3.8461538461538463 5.0 0.6887372317211946 13 50.0
1083 3.0 4.461538461538462 10.0 1.8536173919925967 13 58.0
1084 3.0 4.0 5.0 0.408248290463863 13 52.0
1085 3.0 3.8461538461538463 5.0 0.6887372317211946 13 50.0
1086 3.0 3.923076923076923 5.0 0.6405126152203484 13 51.0
1087 3.0 4.0 5.0 0.408248290463863 13 52.0
1088 3.0 3.923076923076923 6.0 0.8623164985025763 13 51.0
1089 3.0 3.769230769230769 5.0 0.5991446895152781 13 49.0
1090 3.0 4.0 5.0 0.5773502691896257 13 52.0
1091 3.0 4.0 5.0 0.5773502691896257 13 52.0
1092 3.0 3.923076923076923 5.0 0.75955452531275 13 51.0
1093 3.0 4.153846153846154 6.0 0.8006407690254357 13 54.0
1094 3.0 3.8461538461538463 5.0 0.5547001962252291 13 50.0
1095 3.0 3.923076923076923 5.0 0.6405126152203484 13 51.0
1096 3.0 3.769230769230769 5.0 0.5991446895152781 13 49.0
1097 3.0 4.0 5.0 0.5773502691896257 13 52.0
1098 3.0 3.923076923076923 5.0 0.6405126152203485 13 51.0
1099 3.0 4.0 7.0 1.0 13 52.0
1100 3.0 3.769230769230769 4.0 0.4385290096535146 13 49.0
1101 3.0 3.923076923076923 5.0 0.4935481167928245 13 51.0
1102 3.0 3.8461538461538463 5.0 0.5547001962252291 13 50.0
1103 3.0 3.769230769230769 4.0 0.4385290096535146 13 49.0
1104 3.0 3.769230769230769 5.0 0.599144689515278 13 49.0
1105 3.0 3.923076923076923 4.0 0.2773500981126146 13 51.0
1106 3.0 3.923076923076923 5.0 0.49354811679282445 13 51.0
1107 3.0 3.8461538461538463 5.0 0.5547001962252293 13 50.0
1108 3.0 3.8461538461538463 5.0 0.5547001962252291 13 50.0
1109 3.0 4.076923076923077 5.0 0.49354811679282445 13 53.0
1110 3.0 3.8461538461538463 5.0 0.5547001962252293 13 50.0
1111 3.0 3.8461538461538463 5.0 0.5547001962252291 13 50.0
1112 4.0 4.153846153846154 5.0 0.3755338080994054 13 54.0
1113 3.0 3.769230769230769 4.0 0.4385290096535146 13 49.0
1114 3.0 3.923076923076923 5.0 0.6405126152203486 13 51.0
1115 3.0 4.076923076923077 5.0 0.49354811679282445 13 53.0
1116 3.0 3.923076923076923 5.0 0.49354811679282445 13 51.0
1117 3.0 3.923076923076923 5.0 0.6405126152203485 13 51.0
1118 3.0 3.8461538461538463 4.0 0.37553380809940534 13 50.0
1119 3.0 4.076923076923077 5.0 0.49354811679282445 13 53.0
1120 3.0 4.076923076923077 5.0 0.6405126152203485 13 53.0
1121 3.0 3.8461538461538463 5.0 0.5547001962252293 13 50.0
1122 3.0 4.0 5.0 0.408248290463863 13 52.0
1123 3.0 4.538461538461538 12.0 2.2954805094425805 13 59.0
1124 3.0 4.076923076923077 5.0 0.7595545253127501 13 53.0
1125 3.0 4.3076923076923075 6.0 0.7510676161988107 13 56.0
1126 3.0 3.923076923076923 5.0 0.4935481167928244 13 51.0
1127 3.0 3.8461538461538463 5.0 0.5547001962252293 13 50.0
1128 4.0 4.076923076923077 5.0 0.2773500981126145 13 53.0
1129 3.0 4.0 5.0 0.7071067811865476 13 52.0
1130 3.0 4.153846153846154 7.0 1.0681880176381127 13 54.0
1131 4.0 4.076923076923077 5.0 0.2773500981126145 13 53.0
1132 3.0 4.384615384615385 8.0 1.5021352323976214 13 57.0
1133 3.0 3.8461538461538463 5.0 0.5547001962252291 13 50.0
1134 3.0 4.153846153846154 5.0 0.5547001962252291 13 54.0
1135 3.0 3.923076923076923 5.0 0.49354811679282445 13 51.0
1136 3.0 3.8461538461538463 5.0 0.5547001962252293 13 50.0
1137 3.0 4.0 5.0 0.408248290463863 13 52.0
1138 3.0 4.0 5.0 0.5773502691896257 13 52.0
1139 3.0 4.153846153846154 5.0 0.6887372317211945 13 54.0
1140 3.0 3.923076923076923 5.0 0.49354811679282434 13 51.0
1141 3.0 4.076923076923077 5.0 0.6405126152203485 13 53.0
1142 3.0 3.923076923076923 5.0 0.4935481167928244 13 51.0
1143 3.0 3.923076923076923 5.0 0.49354811679282445 13 51.0
1144 3.0 4.0 5.0 0.408248290463863 13 52.0
1145 3.0 3.8461538461538463 5.0 0.5547001962252291 13 50.0
1146 3.0 3.923076923076923 5.0 0.49354811679282434 13 51.0
1147 3.0 4.0 5.0 0.5773502691896257 13 52.0
1148 3.0 4.076923076923077 5.0 0.6405126152203486 13 53.0
1149 3.0 4.0 5.0 0.5773502691896257 13 52.0
1150 3.0 3.8461538461538463 4.0 0.37553380809940534 13 50.0
1151 3.0 4.0 5.0 0.5773502691896257 13 52.0
1152 3.0 3.923076923076923 5.0 0.49354811679282456 13 51.0
1153 3.0 4.0 5.0 0.5773502691896257 13 52.0
1154 3.0 3.8461538461538463 4.0 0.37553380809940534 13 50.0
1155 3.0 3.923076923076923 5.0 0.49354811679282434 13 51.0
1156 3.0 4.0 5.0 0.5773502691896257 13 52.0
1157 3.0 4.076923076923077 5.0 0.6405126152203486 13 53.0
1158 3.0 4.0 5.0 0.5773502691896257 13 52.0
1159 3.0 3.923076923076923 5.0 0.6405126152203486 13 51.0
1160 3.0 4.0 5.0 0.5773502691896257 13 52.0
1161 3.0 4.0 5.0 0.5773502691896257 13 52.0
1162 3.0 4.0 5.0 0.5773502691896257 13 52.0
1163 3.0 3.8461538461538463 5.0 0.5547001962252293 13 50.0
1164 3.0 4.0 5.0 0.408248290463863 13 52.0
1165 3.0 3.8461538461538463 4.0 0.3755338080994053 13 50.0
1166 3.0 3.923076923076923 5.0 0.6405126152203485 13 51.0
1167 3.0 4.230769230769231 5.0 0.5991446895152781 13 55.0
1168 3.0 3.923076923076923 5.0 0.49354811679282434 13 51.0
1169 3.0 3.923076923076923 5.0 0.6405126152203485 13 51.0
1170 4.0 4.153846153846154 5.0 0.3755338080994054 13 54.0
1171 3.0 3.8461538461538463 5.0 0.5547001962252291 13 50.0
1172 3.0 4.0 5.0 0.5773502691896257 13 52.0
1173 3.0 3.923076923076923 4.0 0.2773500981126146 13 51.0
1174 3.0 3.923076923076923 5.0 0.6405126152203486 13 51.0
1175 3.0 3.8461538461538463 4.0 0.37553380809940534 13 50.0
1176 3.0 4.230769230769231 5.0 0.599144689515278 13 55.0
1177 3.0 3.8461538461538463 5.0 0.5547001962252291 13 50.0
1178 3.0 4.0 5.0 0.5773502691896257 13 52.0
1179 3.0 4.076923076923077 5.0 0.6405126152203486 13 53.0
1180 3.0 3.8461538461538463 4.0 0.37553380809940534 13 50.0
1181 3.0 4.769230769230769 12.0 2.2417941532712193 13 62.0
1182 3.0 4.0 6.0 0.7071067811865476 13 52.0
1183 3.0 4.153846153846154 6.0 0.6887372317211945 13 54.0
1184 3.0 4.230769230769231 8.0 1.1657505560686465 13 55.0
1185 3.0 4.153846153846154 7.0 0.9870962335856488 13 54.0
1186 4.0 4.384615384615385 8.0 1.1208970766356101 13 57.0
1187 3.0 4.384615384615385 7.0 0.960768922830523 13 57.0
1188 3.0 4.461538461538462 8.0 1.2659242088545828 13 58.0
1189 3.0 4.769230769230769 12.0 2.4884347876341244 13 62.0
1190 4.0 4.846153846153846 8.0 1.4632243987255136 13 63.0
1191 3.0 4.615384615384615 9.0 1.8045526471705549 13 60.0
1192 3.0 4.538461538461538 8.0 1.4500221041639683 13 59.0
1193 4.0 4.538461538461538 8.0 1.3301243435223522 13 59.0
1194 3.0 4.3076923076923075 8.0 1.2506408613597126 13 56.0
1195 3.0 4.3076923076923075 8.0 1.2506408613597129 13 56.0
1196 3.0 4.769230769230769 9.0 1.739436985245808 13 62.0
1197 3.0 4.538461538461538 8.0 1.198289379030556 13 59.0
1198 3.0 4.461538461538462 8.0 1.4500221041639683 13 58.0
1199 3.0 4.3076923076923075 8.0 1.1821319289469758 13 56.0
1200 4.0 4.769230769230769 8.0 1.3008872711759818 13 62.0
1201 3.0 4.384615384615385 8.0 1.2608503439122303 13 57.0
1202 3.0 4.3076923076923075 9.0 1.4935759876113537 13 56.0
1203 3.0 4.461538461538462 8.0 1.198289379030556 13 58.0
1204 3.0 4.3076923076923075 8.0 1.2506408613597126 13 56.0
1205 3.0 4.230769230769231 8.0 1.2351684199496946 13 55.0
1206 3.0 4.384615384615385 8.0 1.1929278784054478 13 57.0
1207 3.0 4.461538461538462 8.0 1.39136531360295 13 58.0
1208 3.0 4.846153846153846 9.0 1.7246329970051528 13 63.0
1209 3.0 4.384615384615385 8.0 1.445594545418455 13 57.0
1210 3.0 4.6923076923076925 8.0 1.5483655567842813 13 61.0
1211 3.0 4.538461538461538 8.0 1.39136531360295 13 59.0
1212 3.0 4.538461538461538 8.0 1.613246448179602 13 59.0
1213 3.0 4.461538461538462 8.0 1.3301243435223522 13 58.0
1214 4.0 4.461538461538462 9.0 1.3913653136029498 13 58.0
1215 3.0 4.153846153846154 8.0 1.2810252304406973 13 54.0
1216 3.0 4.153846153846154 8.0 1.2142318453899053 13 54.0
1217 3.0 4.384615384615385 8.0 1.1929278784054476 13 57.0
1218 3.0 4.153846153846154 8.0 1.2810252304406973 13 54.0
1219 3.0 4.076923076923077 8.0 1.255755978254962 13 53.0
1220 3.0 4.230769230769231 8.0 1.2351684199496946 13 55.0
1221 3.0 4.3076923076923075 8.0 1.2506408613597129 13 56.0
1222 3.0 4.230769230769231 8.0 1.2351684199496946 13 55.0
1223 3.0 4.230769230769231 8.0 1.2351684199496946 13 55.0
1224 3.0 4.153846153846154 8.0 1.2142318453899053 13 54.0
1225 3.0 4.3076923076923075 8.0 1.3155870289605438 13 56.0
1226 3.0 4.615384615384615 9.0 1.7577666482623884 13 60.0
1227 3.0 4.3076923076923075 8.0 1.2506408613597129 13 56.0
1228 3.0 4.076923076923077 8.0 1.255755978254962 13 53.0
1229 3.0 4.230769230769231 8.0 1.2351684199496946 13 55.0
1230 3.0 4.615384615384615 8.0 1.6092680291808414 13 60.0
1231 3.0 4.153846153846154 8.0 1.2142318453899053 13 54.0
1232 3.0 4.3076923076923075 8.0 1.2506408613597126 13 56.0
1233 3.0 4.384615384615385 8.0 1.660244035197915 13 57.0
1234 3.0 4.230769230769231 8.0 1.1657505560686465 13 55.0
1235 3.0 4.230769230769231 8.0 1.2351684199496946 13 55.0
1236 3.0 4.3076923076923075 8.0 1.4935759876113537 13 56.0
1237 3.0 4.3076923076923075 8.0 1.2506408613597126 13 56.0
1238 3.0 4.3076923076923075 9.0 1.4935759876113537 13 56.0
1239 3.0 4.3076923076923075 8.0 1.2506408613597126 13 56.0
1240 3.0 4.230769230769231 8.0 1.2351684199496946 13 55.0
1241 3.0 4.076923076923077 8.0 1.255755978254962 13 53.0
1242 3.0 4.3076923076923075 8.0 1.2506408613597126 13 56.0
1243 3.0 4.3076923076923075 8.0 1.1821319289469758 13 56.0
1244 3.0 4.230769230769231 8.0 1.3008872711759816 13 55.0
1245 3.0 4.153846153846154 8.0 1.2142318453899053 13 54.0
1246 3.0 4.3076923076923075 8.0 1.2506408613597126 13 56.0
1247 3.0 4.384615384615385 8.0 1.1929278784054478 13 57.0
1248 3.0 4.3076923076923075 8.0 1.1821319289469758 13 56.0
1249 3.0 4.230769230769231 9.0 1.4806443503784736 13 55.0
1250 3.0 4.3076923076923075 8.0 1.2506408613597126 13 56.0
1251 4.0 4.461538461538462 8.0 1.1266014242982163 13 58.0
1252 3.0 4.3076923076923075 8.0 1.2506408613597126 13 56.0
1253 3.0 4.153846153846154 7.0 0.9870962335856489 13 54.0
1254 3.0 4.0 5.0 0.408248290463863 13 52.0
1255 3.0 3.923076923076923 5.0 0.49354811679282434 13 51.0
1256 3.0 4.0 5.0 0.408248290463863 13 52.0
1257 3.0 3.923076923076923 4.0 0.2773500981126146 13 51.0
1258 3.0 3.8461538461538463 5.0 0.6887372317211946 13 50.0
1259 3.0 3.8461538461538463 4.0 0.3755338080994053 13 50.0
1260 3.0 3.923076923076923 5.0 0.4935481167928244 13 51.0
1261 4.0 4.0 4.0 0.0 13 52.0
1262 3.0 3.923076923076923 5.0 0.6405126152203486 13 51.0
1263 3.0 3.923076923076923 4.0 0.2773500981126146 13 51.0
1264 3.0 3.923076923076923 5.0 0.4935481167928244 13 51.0
1265 3.0 3.923076923076923 5.0 0.49354811679282434 13 51.0
1266 3.0 4.076923076923077 5.0 0.49354811679282445 13 53.0
1267 3.0 3.6923076923076925 4.0 0.4803844614152614 13 48.0
1268 3.0 4.0 5.0 0.408248290463863 13 52.0
1269 3.0 3.8461538461538463 5.0 0.5547001962252293 13 50.0
1270 3.0 3.8461538461538463 5.0 0.5547001962252291 13 50.0
1271 3.0 3.8461538461538463 4.0 0.3755338080994053 13 50.0
1272 3.0 3.8461538461538463 5.0 0.5547001962252293 13 50.0
1273 3.0 3.923076923076923 5.0 0.49354811679282434 13 51.0
1274 3.0 3.923076923076923 5.0 0.4935481167928244 13 51.0
1275 4.0 4.0 4.0 0.0 13 52.0
1276 3.0 3.8461538461538463 5.0 0.5547001962252291 13 50.0
1277 3.0 3.923076923076923 5.0 0.49354811679282434 13 51.0
1278 3.0 3.8461538461538463 5.0 0.5547001962252291 13 50.0
1279 3.0 3.6923076923076925 4.0 0.4803844614152614 13 48.0
1280 3.0 3.923076923076923 5.0 0.49354811679282445 13 51.0
1281 3.0 3.8461538461538463 5.0 0.5547001962252293 13 50.0
1282 3.0 3.923076923076923 5.0 0.4935481167928244 13 51.0
1283 3.0 3.8461538461538463 4.0 0.3755338080994054 13 50.0
1284 3.0 3.8461538461538463 5.0 0.5547001962252291 13 50.0
1285 3.0 3.8461538461538463 4.0 0.3755338080994054 13 50.0
1286 3.0 3.6153846153846154 4.0 0.5063696835418334 13 47.0
1287 3.0 3.923076923076923 5.0 0.6405126152203486 13 51.0
1288 3.0 3.8461538461538463 4.0 0.3755338080994053 13 50.0
1289 3.0 3.923076923076923 5.0 0.4935481167928244 13 51.0
1290 3.0 3.8461538461538463 4.0 0.37553380809940534 13 50.0
1291 3.0 3.769230769230769 5.0 0.599144689515278 13 49.0
1292 3.0 3.6153846153846154 4.0 0.5063696835418334 13 47.0
1293 3.0 3.6923076923076925 4.0 0.48038446141526137 13 48.0
1294 3.0 4.923076923076923 17.0 3.662001694463892 13 64.0
1295 3.0 3.6923076923076925 4.0 0.4803844614152615 13 48.0
1296 3.0 3.5384615384615383 4.0 0.5188745216627708 13 46.0
1297 3.0 3.6153846153846154 5.0 0.6504436355879909 13 47.0
1298 3.0 3.6923076923076925 4.0 0.4803844614152615 13 48.0
