##ver, min, mean, max, stddev, count, total
0 0.0 0.3076923076923078 4.0 1.1094003924504583 13 4.0
1 0.0 0.38461538461538464 2.0 0.650443635587991 13 5.0
2 0.0 0.23076923076923073 1.0 0.43852900965351466 13 3.0
3 0.0 0.23076923076923073 1.0 0.4385290096535146 13 3.0
4 0.0 0.38461538461538464 2.0 0.650443635587991 13 5.0
5 0.0 0.23076923076923073 2.0 0.599144689515278 13 3.0
6 0.0 0.30769230769230765 2.0 0.6304251719561151 13 4.0
7 0.0 0.46153846153846145 2.0 0.6602252917735247 13 6.0
8 0.0 0.5384615384615384 2.0 0.6602252917735248 13 7.0
9 0.0 0.4615384615384615 2.0 0.6602252917735248 13 6.0
10 0.0 0.38461538461538464 3.0 0.8697184926229038 13 5.0
11 0.0 0.38461538461538464 2.0 0.650443635587991 13 5.0
12 0.0 0.5384615384615385 3.0 0.8770580193070292 13 7.0
13 0.0 0.6153846153846154 3.0 0.869718492622904 13 8.0
14 0.0 0.6153846153846154 3.0 0.869718492622904 13 8.0
15 0.0 0.846153846153846 4.0 1.0681880176381127 13 11.0
16 0.0 0.923076923076923 3.0 0.7595545253127501 13 12.0
17 0.0 0.6153846153846154 3.0 0.869718492622904 13 8.0
18 0.0 0.7692307692307693 3.0 0.8320502943378436 13 10.0
19 0.0 1.0 4.0 1.0 13 13.0
20 0.0 0.923076923076923 3.0 0.7595545253127501 13 12.0
21 0.0 0.6923076923076923 3.0 0.8548504142651101 13 9.0
22 0.0 0.923076923076923 3.0 0.7595545253127501 13 12.0
23 0.0 1.0769230769230769 4.0 0.9540735874430287 13 14.0
24 0.0 1.076923076923077 4.0 0.9540735874430285 13 14.0
25 0.0 0.9230769230769229 4.0 1.0377490433255416 13 12.0
26 0.0 0.923076923076923 4.0 1.0377490433255419 13 12.0
27 0.0 1.0 4.0 1.0 13 13.0
28 0.0 1.1538461538461537 4.0 0.8987170342729167 13 15.0
29 1.0 1.3076923076923077 5.0 1.1094003924504585 13 17.0
30 1.0 1.3076923076923077 5.0 1.1094003924504585 13 17.0
31 0.0 1.307692307692308 5.0 1.1821319289469758 13 17.0
32 1.0 1.3846153846153846 5.0 1.1208970766356097 13 18.0
33 1.0 1.3076923076923077 5.0 1.1094003924504585 13 17.0
34 1.0 1.3076923076923077 4.0 0.8548504142651103 13 17.0
35 1.0 1.3846153846153846 5.0 1.1208970766356097 13 18.0
36 1.0 1.6153846153846154 5.0 1.12089707663561 13 21.0
37 1.0 1.6153846153846154 6.0 1.3867504905630723 13 21.0
38 1.0 1.4615384615384615 5.0 1.1266014242982163 13 19.0
39 1.0 1.6153846153846154 6.0 1.3867504905630723 13 21.0
40 1.0 1.7692307692307692 6.0 1.3634420996046581 13 23.0
41 1.0 1.7692307692307692 6.0 1.3634420996046581 13 23.0
42 1.0 1.7692307692307692 6.0 1.3634420996046581 13 23.0
43 1.0 1.6153846153846154 6.0 1.3867504905630723 13 21.0
44 1.0 1.7692307692307692 6.0 1.3634420996046581 13 23.0
45 1.0 1.692307692307692 5.0 1.109400392450458 13 22.0
46 1.0 1.7692307692307692 6.0 1.3634420996046581 13 23.0
47 1.0 2.0 6.0 1.2909944487358056 13 26.0
48 1.0 1.7692307692307692 6.0 1.3634420996046581 13 23.0
49 1.0 1.846153846153846 7.0 1.6251232694862383 13 24.0
50 1.0 1.846153846153846 7.0 1.6251232694862383 13 24.0
51 1.0 2.153846153846154 7.0 1.5191090506255 13 28.0
52 1.0 2.0 7.0 1.5811388300841898 13 26.0
53 1.0 2.076923076923077 7.0 1.5525000516123697 13 27.0
54 1.0 2.3076923076923075 8.0 1.7504578155735608 13 30.0
55 1.0 2.153846153846154 8.0 1.8187062180825984 13 28.0
56 1.0 2.3076923076923075 8.0 1.7504578155735608 13 30.0
57 1.0 2.3076923076923075 8.0 1.7504578155735608 13 30.0
58 1.0 2.3076923076923075 8.0 1.7504578155735608 13 30.0
59 1.0 2.4615384615384617 8.0 1.713446070320696 13 32.0
60 1.0 2.4615384615384617 8.0 1.713446070320696 13 32.0
61 2.0 2.6153846153846154 9.0 1.9381460874790266 13 34.0
62 1.0 2.4615384615384617 9.0 1.9839096340048952 13 32.0
63 1.0 2.4615384615384617 9.0 2.0662116951635836 13 32.0
64 1.0 2.6153846153846154 8.0 1.7097008285302207 13 34.0
65 2.0 2.6153846153846154 8.0 1.660244035197915 13 34.0
66 2.0 2.5384615384615383 8.0 1.664100588675687 13 33.0
67 2.0 2.846153846153846 8.0 1.6251232694862383 13 37.0
68 1.0 2.6153846153846154 9.0 1.9806758753205747 13 34.0
69 2.0 2.6923076923076925 9.0 1.9315199276138026 13 35.0
70 2.0 2.846153846153846 10.0 2.1926450482675737 13 37.0
71 2.0 2.6153846153846154 9.0 1.9381460874790266 13 34.0
72 1.0 2.8461538461538463 10.0 2.2303271003059115 13 37.0
73 2.0 2.846153846153846 10.0 2.1926450482675737 13 37.0
74 2.0 2.923076923076923 10.0 2.1779783615981456 13 38.0
75 2.0 3.0 10.0 2.160246899469287 13 39.0
76 2.0 3.0 10.0 2.160246899469287 13 39.0
77 2.0 2.769230769230769 8.0 1.640825308284734 13 36.0
78 2.0 2.769230769230769 8.0 1.640825308284734 13 36.0
79 2.0 2.8461538461538463 7.0 1.344504484072964 13 37.0
80 2.0 2.923076923076923 7.0 1.3204505835470497 13 38.0
81 2.0 2.769230769230769 7.0 1.3634420996046581 13 36.0
82 2.0 2.8461538461538463 6.0 1.143543749793731 13 37.0
83 2.0 3.076923076923077 7.0 1.255755978254962 13 40.0
84 2.0 3.0 7.0 1.2909944487358056 13 39.0
85 2.0 3.1538461538461537 6.0 0.9870962335856489 13 41.0
86 2.0 2.8461538461538463 6.0 1.0681880176381127 13 37.0
87 2.0 3.0 7.0 1.2909944487358056 13 39.0
88 2.0 2.923076923076923 7.0 1.3821202589704018 13 38.0
89 2.0 3.153846153846154 9.0 1.8187062180825984 13 41.0
90 2.0 3.1538461538461537 6.0 0.9870962335856489 13 41.0
91 2.0 2.923076923076923 5.0 0.7595545253127501 13 38.0
92 3.0 3.1538461538461537 4.0 0.37553380809940534 13 41.0
93 2.0 3.3076923076923075 5.0 0.7510676161988107 13 43.0
94 2.0 3.076923076923077 6.0 0.9540735874430285 13 40.0
95 2.0 3.1538461538461537 5.0 0.6887372317211946 13 41.0
96 2.0 3.3076923076923075 5.0 0.7510676161988107 13 43.0
97 2.0 3.3076923076923075 6.0 0.947330933431342 13 43.0
98 3.0 3.3846153846153846 6.0 0.8697184926229038 13 44.0
99 3.0 3.3846153846153846 7.0 1.1208970766356097 13 44.0
100 2.0 3.4615384615384617 6.0 0.9674179220468453 13 45.0
101 2.0 3.3846153846153846 6.0 0.9607689228305226 13 44.0
102 2.0 3.3846153846153846 5.0 0.7679476477883046 13 44.0
103 3.0 3.3846153846153846 4.0 0.5063696835418334 13 44.0
104 2.0 3.230769230769231 4.0 0.599144689515278 13 42.0
105 3.0 3.4615384615384617 4.0 0.5188745216627708 13 45.0
106 3.0 3.3076923076923075 4.0 0.4803844614152614 13 43.0
107 3.0 6.0 33.0 8.12403840463596 13 78.0
108 3.0 3.4615384615384617 4.0 0.5188745216627708 13 45.0
109 3.0 3.3846153846153846 5.0 0.650443635587991 13 44.0
110 3.0 3.769230769230769 6.0 0.9268086959962983 13 49.0
111 3.0 3.8461538461538463 5.0 0.5547001962252291 13 50.0
112 3.0 3.6923076923076925 5.0 0.6304251719561152 13 48.0
113 3.0 3.5384615384615383 5.0 0.6602252917735248 13 46.0
114 3.0 3.6923076923076925 5.0 0.6304251719561152 13 48.0
115 3.0 3.6923076923076925 5.0 0.7510676161988107 13 48.0
116 3.0 3.5384615384615383 4.0 0.5188745216627708 13 46.0
117 3.0 3.8461538461538463 5.0 0.5547001962252293 13 50.0
118 3.0 3.769230769230769 5.0 0.7250110520819842 13 49.0
119 3.0 3.923076923076923 5.0 0.4935481167928245 13 51.0
120 3.0 4.0 5.0 0.7071067811865476 13 52.0
121 3.0 4.076923076923077 5.0 0.49354811679282456 13 53.0
122 3.0 3.923076923076923 5.0 0.49354811679282456 13 51.0
123 3.0 4.0 5.0 0.408248290463863 13 52.0
124 3.0 4.076923076923077 5.0 0.6405126152203485 13 53.0
125 3.0 4.076923076923077 5.0 0.6405126152203486 13 53.0
126 3.0 4.153846153846154 5.0 0.5547001962252291 13 54.0
127 3.0 4.076923076923077 5.0 0.6405126152203485 13 53.0
128 3.0 11.307692307692308 101.0 26.95485304289569 13 147.0
129 3.0 4.3076923076923075 6.0 0.7510676161988107 13 56.0
130 4.0 4.384615384615385 5.0 0.5063696835418332 13 57.0
131 4.0 4.384615384615385 5.0 0.5063696835418332 13 57.0
132 4.0 4.3076923076923075 5.0 0.4803844614152614 13 56.0
133 3.0 4.3076923076923075 5.0 0.8548504142651103 13 56.0
134 3.0 4.153846153846154 6.0 0.8987170342729172 13 54.0
135 3.0 4.384615384615385 5.0 0.6504436355879908 13 57.0
136 3.0 4.3076923076923075 6.0 0.9473309334313418 13 56.0
137 3.0 4.3076923076923075 5.0 0.7510676161988107 13 56.0
138 4.0 4.461538461538462 6.0 0.6602252917735248 13 58.0
139 4.0 4.769230769230769 6.0 0.7250110520819842 13 62.0
140 4.0 4.615384615384615 5.0 0.5063696835418333 13 60.0
141 4.0 4.6923076923076925 5.0 0.48038446141526137 13 61.0
142 4.0 4.846153846153846 6.0 0.6887372317211945 13 63.0
143 4.0 5.0 6.0 0.5773502691896257 13 65.0
144 4.0 4.6923076923076925 6.0 0.6304251719561152 13 61.0
145 4.0 4.6923076923076925 6.0 0.6304251719561152 13 61.0
146 4.0 4.769230769230769 6.0 0.5991446895152781 13 62.0
147 4.0 4.923076923076923 6.0 0.49354811679282456 13 64.0
148 4.0 4.769230769230769 6.0 0.5991446895152781 13 62.0
149 4.0 5.0 6.0 0.5773502691896257 13 65.0
150 4.0 5.0 7.0 0.9128709291752769 13 65.0
151 4.0 5.230769230769231 6.0 0.599144689515278 13 68.0
152 4.0 4.846153846153846 6.0 0.6887372317211945 13 63.0
153 4.0 5.076923076923077 6.0 0.75955452531275 13 66.0
154 4.0 5.076923076923077 6.0 0.49354811679282456 13 66.0
155 5.0 5.3076923076923075 7.0 0.6304251719561151 13 69.0
156 4.0 5.153846153846154 6.0 0.6887372317211945 13 67.0
157 4.0 5.153846153846154 6.0 0.8006407690254357 13 67.0
158 4.0 5.538461538461538 7.0 0.7762500258061847 13 72.0
159 5.0 5.384615384615385 6.0 0.5063696835418332 13 70.0
160 4.0 5.384615384615385 6.0 0.7679476477883044 13 70.0
161 4.0 5.230769230769231 7.0 0.9268086959962983 13 68.0
162 5.0 5.6923076923076925 7.0 0.6304251719561152 13 74.0
163 5.0 5.538461538461538 6.0 0.5188745216627708 13 72.0
164 4.0 5.384615384615385 7.0 0.7679476477883044 13 70.0
165 5.0 5.538461538461538 7.0 0.6602252917735248 13 72.0
166 5.0 5.923076923076923 7.0 0.49354811679282456 13 77.0
167 5.0 5.846153846153846 7.0 0.6887372317211945 13 76.0
168 5.0 5.769230769230769 7.0 0.5991446895152781 13 75.0
169 5.0 5.615384615384615 7.0 0.6504436355879908 13 73.0
170 5.0 5.846153846153846 7.0 0.6887372317211945 13 76.0
171 5.0 5.923076923076923 7.0 0.75955452531275 13 77.0
172 5.0 5.6923076923076925 7.0 0.6304251719561152 13 74.0
173 5.0 5.846153846153846 7.0 0.8006407690254357 13 76.0
174 5.0 6.0 7.0 0.7071067811865476 13 78.0
175 5.0 6.076923076923077 7.0 0.8623164985025763 13 79.0
176 5.0 5.923076923076923 8.0 0.8623164985025763 13 77.0
177 5.0 5.923076923076923 7.0 0.75955452531275 13 77.0
178 6.0 8.923076923076923 39.0 9.050428520808085 13 116.0
179 5.0 6.3076923076923075 8.0 0.7510676161988107 13 82.0
180 5.0 6.3076923076923075 7.0 0.6304251719561152 13 82.0
181 5.0 6.230769230769231 8.0 0.8320502943378436 13 81.0
182 5.0 6.538461538461538 8.0 0.7762500258061849 13 85.0
183 5.0 6.3076923076923075 8.0 0.8548504142651104 13 82.0
184 5.0 6.461538461538462 8.0 0.9674179220468453 13 84.0
185 6.0 6.461538461538462 8.0 0.6602252917735248 13 84.0
186 5.0 6.461538461538462 8.0 0.8770580193070292 13 84.0
187 5.0 6.6923076923076925 9.0 1.0315534712764842 13 87.0
188 5.0 6.538461538461538 9.0 1.1266014242982163 13 85.0
189 6.0 6.615384615384615 8.0 0.6504436355879908 13 86.0
190 6.0 6.846153846153846 8.0 0.6887372317211945 13 89.0
191 6.0 6.6923076923076925 8.0 0.6304251719561152 13 87.0
192 6.0 6.6923076923076925 8.0 0.7510676161988107 13 87.0
193 6.0 6.769230769230769 8.0 0.5991446895152781 13 88.0
194 6.0 6.923076923076923 8.0 0.6405126152203485 13 90.0
195 6.0 7.0 8.0 0.7071067811865476 13 91.0
196 5.0 6.923076923076923 8.0 0.8623164985025763 13 90.0
197 6.0 7.153846153846154 9.0 0.8987170342729172 13 93.0
198 6.0 7.076923076923077 9.0 0.75955452531275 13 92.0
199 6.0 7.153846153846154 8.0 0.8006407690254357 13 93.0
200 6.0 7.230769230769231 8.0 0.8320502943378436 13 94.0
201 6.0 7.076923076923077 8.0 0.75955452531275 13 92.0
202 7.0 7.384615384615385 9.0 0.6504436355879909 13 96.0
203 6.0 7.3076923076923075 8.0 0.7510676161988108 13 95.0
204 7.0 7.461538461538462 8.0 0.5188745216627708 13 97.0
205 6.0 7.153846153846154 8.0 0.8006407690254357 13 93.0
206 6.0 7.6923076923076925 9.0 0.8548504142651104 13 100.0
207 6.0 7.538461538461538 9.0 0.7762500258061849 13 98.0
208 7.0 7.538461538461538 9.0 0.7762500258061849 13 98.0
209 6.0 7.846153846153846 9.0 0.8006407690254357 13 102.0
210 7.0 10.769230769230768 48.0 11.196382199575647 13 140.0
211 7.0 7.923076923076923 9.0 0.49354811679282456 13 103.0
212 6.0 7.6923076923076925 9.0 0.8548504142651104 13 100.0
213 6.0 10.615384615384617 45.0 10.356467074075516 13 138.0
214 6.0 7.615384615384615 8.0 0.6504436355879908 13 99.0
215 7.0 7.6923076923076925 9.0 0.6304251719561152 13 100.0
216 7.0 7.846153846153846 9.0 0.8006407690254357 13 102.0
217 6.0 7.615384615384615 9.0 0.7679476477883044 13 99.0
218 7.0 7.923076923076923 9.0 0.6405126152203485 13 103.0
219 7.0 8.076923076923077 10.0 0.8623164985025763 13 105.0
220 7.0 8.0 9.0 0.7071067811865476 13 104.0
221 7.0 7.923076923076923 9.0 0.6405126152203485 13 103.0
222 7.0 8.23076923076923 10.0 0.9268086959962983 13 107.0
223 7.0 8.0 9.0 0.7071067811865476 13 104.0
224 7.0 8.153846153846153 10.0 0.9870962335856491 13 106.0
225 7.0 8.384615384615385 10.0 0.869718492622904 13 109.0
226 7.0 8.307692307692308 9.0 0.7510676161988108 13 108.0
227 7.0 8.307692307692308 10.0 0.9473309334313419 13 108.0
228 7.0 8.384615384615385 10.0 0.869718492622904 13 109.0
229 7.0 8.461538461538462 10.0 0.8770580193070292 13 110.0
230 7.0 8.461538461538462 10.0 0.7762500258061849 13 110.0
231 7.0 8.461538461538462 9.0 0.7762500258061849 13 110.0
232 7.0 8.615384615384615 9.0 0.6504436355879909 13 112.0
233 7.0 8.307692307692308 10.0 0.9473309334313419 13 108.0
234 8.0 8.615384615384615 10.0 0.7679476477883044 13 112.0
235 8.0 8.76923076923077 10.0 0.7250110520819842 13 114.0
236 7.0 8.76923076923077 10.0 0.8320502943378436 13 114.0
237 8.0 8.76923076923077 10.0 0.7250110520819842 13 114.0
238 8.0 8.923076923076923 10.0 0.75955452531275 13 116.0
239 8.0 8.923076923076923 11.0 0.8623164985025763 13 116.0
240 8.0 8.923076923076923 10.0 0.9540735874430286 13 116.0
241 8.0 8.923076923076923 10.0 0.6405126152203485 13 116.0
242 8.0 9.307692307692308 10.0 0.6304251719561152 13 121.0
243 8.0 9.307692307692308 11.0 0.9473309334313419 13 121.0
244 8.0 9.153846153846153 11.0 0.898717034272917 13 119.0
245 8.0 9.23076923076923 10.0 0.8320502943378437 13 120.0
246 8.0 9.307692307692308 10.0 0.7510676161988108 13 121.0
247 8.0 9.538461538461538 12.0 1.0500305245868344 13 124.0
248 8.0 9.461538461538462 11.0 0.9674179220468453 13 123.0
249 8.0 9.615384615384615 11.0 0.7679476477883044 13 125.0
250 8.0 9.538461538461538 11.0 0.8770580193070292 13 124.0
251 8.0 9.692307692307692 11.0 0.7510676161988108 13 126.0
252 8.0 9.461538461538462 11.0 0.7762500258061849 13 123.0
253 8.0 9.538461538461538 10.0 0.6602252917735248 13 124.0
254 9.0 9.846153846153847 11.0 0.6887372317211946 13 128.0
255 9.0 9.846153846153847 11.0 0.6887372317211945 13 128.0
256 8.0 9.846153846153847 11.0 0.898717034272917 13 128.0
257 9.0 9.923076923076923 11.0 0.75955452531275 13 129.0
258 9.0 10.23076923076923 12.0 0.8320502943378436 13 133.0
259 9.0 10.076923076923077 11.0 0.6405126152203485 13 131.0
260 8.0 9.846153846153847 11.0 0.9870962335856489 13 128.0
261 9.0 10.076923076923077 11.0 0.8623164985025763 13 131.0
262 9.0 10.23076923076923 11.0 0.7250110520819842 13 133.0
263 9.0 10.384615384615385 12.0 0.8697184926229041 13 135.0
264 9.0 10.23076923076923 11.0 0.7250110520819842 13 133.0
265 9.0 10.23076923076923 11.0 0.8320502943378437 13 133.0
266 10.0 10.615384615384615 12.0 0.7679476477883044 13 138.0
267 9.0 10.692307692307692 12.0 0.7510676161988108 13 139.0
268 9.0 10.461538461538462 12.0 0.8770580193070292 13 136.0
269 9.0 10.461538461538462 11.0 0.7762500258061849 13 136.0
270 9.0 11.076923076923077 16.0 1.7541160386140584 13 144.0
271 9.0 10.846153846153847 12.0 0.898717034272917 13 141.0
272 9.0 10.615384615384615 12.0 0.869718492622904 13 138.0
273 9.0 10.692307692307692 12.0 1.031553471276484 13 139.0
274 10.0 10.76923076923077 12.0 0.5991446895152781 13 140.0
275 10.0 11.0 12.0 0.5773502691896257 13 143.0
276 9.0 12.538461538461538 32.0 5.938790345620122 13 163.0
277 10.0 11.153846153846153 13.0 0.987096233585649 13 145.0
278 10.0 11.153846153846153 13.0 0.898717034272917 13 145.0
279 9.0 11.23076923076923 13.0 1.0919284281983377 13 146.0
280 10.0 11.23076923076923 13.0 0.9268086959962984 13 146.0
281 10.0 11.23076923076923 13.0 0.9268086959962984 13 146.0
282 10.0 11.615384615384615 13.0 0.8697184926229041 13 151.0
283 10.0 14.538461538461538 51.0 10.981919873253677 13 189.0
284 10.0 11.538461538461538 13.0 0.8770580193070292 13 150.0
285 10.0 11.384615384615385 13.0 0.7679476477883044 13 148.0
286 10.0 11.538461538461538 13.0 0.7762500258061849 13 150.0
287 10.0 11.615384615384615 13.0 0.8697184926229041 13 151.0
288 11.0 11.846153846153847 14.0 0.898717034272917 13 154.0
289 10.0 11.538461538461538 13.0 0.8770580193070292 13 150.0
290 10.0 11.846153846153847 13.0 0.8006407690254357 13 154.0
291 10.0 11.76923076923077 13.0 0.7250110520819842 13 153.0
292 10.0 11.76923076923077 14.0 1.0127393670836666 13 153.0
293 11.0 11.76923076923077 13.0 0.7250110520819842 13 153.0
294 11.0 12.076923076923077 13.0 0.6405126152203485 13 157.0
295 10.0 12.076923076923077 13.0 0.8623164985025763 13 157.0
296 10.0 12.0 13.0 1.0 13 156.0
297 11.0 12.076923076923077 14.0 0.8623164985025763 13 157.0
298 11.0 12.076923076923077 13.0 0.75955452531275 13 157.0
299 11.0 12.23076923076923 13.0 0.7250110520819842 13 159.0
300 11.0 12.076923076923077 13.0 0.75955452531275 13 157.0
301 11.0 12.384615384615385 13.0 0.6504436355879908 13 161.0
302 11.0 12.307692307692308 13.0 0.7510676161988108 13 160.0
303 11.0 12.615384615384615 14.0 0.9607689228305228 13 164.0
304 11.0 12.538461538461538 14.0 0.9674179220468453 13 163.0
305 11.0 12.538461538461538 14.0 0.7762500258061849 13 163.0
306 11.0 12.923076923076923 14.0 0.8623164985025763 13 168.0
307 11.0 12.923076923076923 14.0 0.8623164985025763 13 168.0
308 11.0 12.692307692307692 14.0 0.9473309334313419 13 165.0
309 11.0 12.692307692307692 14.0 1.031553471276484 13 165.0
310 11.0 13.23076923076923 19.0 1.9215378456610464 13 172.0
311 11.0 13.461538461538462 20.0 2.2588855886396955 13 175.0
312 12.0 13.76923076923077 20.0 2.0475125621855645 13 179.0
313 11.0 13.538461538461538 21.0 2.436369724794953 13 176.0
314 12.0 13.923076923076923 23.0 2.8419928002940247 13 181.0
315 12.0 13.923076923076923 21.0 2.215909838025097 13 181.0
316 12.0 13.846153846153847 21.0 2.444250186531439 13 180.0
317 12.0 13.923076923076923 21.0 2.325995788959303 13 181.0
318 12.0 14.0 21.0 2.273030282830976 13 182.0
319 12.0 14.153846153846153 21.0 2.3038429433649137 13 184.0
320 12.0 13.923076923076923 19.0 1.800996874952798 13 181.0
321 12.0 14.153846153846153 21.0 2.3038429433649137 13 184.0
322 13.0 14.153846153846153 20.0 1.9081471748860575 13 184.0
323 12.0 14.153846153846153 19.0 1.7246329970051528 13 184.0
324 12.0 14.076923076923077 19.0 1.800996874952798 13 183.0
325 12.0 13.923076923076923 19.0 1.7059473644448737 13 181.0
326 12.0 14.384615384615385 19.0 1.7577666482623882 13 187.0
327 12.0 14.307692307692308 19.0 1.6525039276108335 13 186.0
328 12.0 14.307692307692308 19.0 1.7504578155735615 13 186.0
329 12.0 14.384615384615385 20.0 1.8946618668626838 13 187.0
330 13.0 14.692307692307692 20.0 1.8432134703923737 13 191.0
331 13.0 14.692307692307692 20.0 1.797434068545834 13 191.0
332 13.0 14.615384615384615 20.0 1.757766648262388 13 190.0
333 12.0 14.538461538461538 19.0 1.8081014266989472 13 189.0
334 12.0 14.692307692307692 19.0 1.6525039276108333 13 191.0
335 13.0 14.615384615384615 19.0 1.6602440351979149 13 190.0
336 13.0 17.384615384615383 49.0 9.674179220468453 13 226.0
337 13.0 15.076923076923077 20.0 1.7059473644448737 13 196.0
338 12.0 15.0 20.0 1.8257418583505538 13 195.0
339 13.0 15.23076923076923 20.0 1.7867030229749132 13 198.0
340 12.0 15.076923076923077 20.0 2.0599975105785306 13 196.0
341 12.0 15.307692307692308 20.0 2.0159619451027746 13 199.0
342 13.0 15.307692307692308 20.0 1.7504578155735615 13 199.0
343 12.0 15.153846153846153 20.0 1.8639632438326073 13 197.0
344 13.0 15.307692307692308 20.0 1.7974340685458343 13 199.0
345 13.0 15.615384615384615 20.0 1.8045526471705544 13 203.0
346 13.0 15.538461538461538 20.0 1.7134460703206957 13 202.0
347 13.0 17.692307692307693 42.0 7.48759658128712 13 230.0
348 13.0 15.76923076923077 20.0 1.739436985245808 13 205.0
349 12.0 15.692307692307692 20.0 1.9315199276138029 13 204.0
350 12.0 15.846153846153847 21.0 2.1152680620571416 13 206.0
351 13.0 16.0 21.0 2.041241452319315 13 208.0
352 13.0 16.0 21.0 2.0 13 208.0
353 13.0 15.846153846153847 21.0 2.0754980866510837 13 206.0
354 13.0 16.153846153846153 21.0 1.951330906763973 13 210.0
355 14.0 16.384615384615383 21.0 1.7577666482623882 13 213.0
356 13.0 16.076923076923077 21.0 2.0191391920625676 13 209.0
357 13.0 16.0 21.0 2.041241452319315 13 208.0
358 13.0 17.692307692307693 36.0 5.793453422968253 13 230.0
359 13.0 16.23076923076923 21.0 1.832750490103429 13 211.0
360 13.0 15.76923076923077 21.0 1.877669040497027 13 205.0
361 13.0 16.0 22.0 2.1213203435596424 13 208.0
362 15.0 16.307692307692307 21.0 1.7021856236720772 13 212.0
363 14.0 16.307692307692307 22.0 1.8878830906871753 13 212.0
364 13.0 16.307692307692307 21.0 1.9315199276138029 13 212.0
365 14.0 16.23076923076923 21.0 1.69085018821135 13 211.0
366 14.0 16.615384615384617 22.0 2.0223114472661203 13 216.0
367 13.0 16.46153846153846 21.0 1.853617391992597 13 214.0
368 13.0 19.0 52.0 10.082988974836116 13 247.0
369 14.0 16.46153846153846 21.0 1.7614096918559583 13 214.0
370 15.0 16.615384615384617 21.0 1.6092680291808414 13 216.0
371 14.0 16.923076923076923 22.0 1.9348358440936906 13 220.0
372 14.0 16.615384615384617 22.0 2.0223114472661203 13 216.0
373 14.0 16.846153846153847 22.0 1.9081471748860575 13 219.0
374 14.0 16.923076923076923 22.0 1.84668795692624 13 220.0
375 14.0 16.923076923076923 22.0 1.9348358440936906 13 220.0
376 14.0 16.76923076923077 22.0 1.9215378456610457 13 218.0
377 15.0 16.846153846153847 22.0 1.9081471748860575 13 219.0
378 15.0 17.153846153846153 22.0 1.7722938923964169 13 223.0
379 15.0 17.23076923076923 23.0 2.0475125621855645 13 224.0
380 14.0 16.923076923076923 23.0 2.100061049173669 13 220.0
381 14.0 17.153846153846153 22.0 1.951330906763973 13 223.0
382 15.0 17.307692307692307 23.0 1.9315199276138024 13 225.0
383 14.0 17.384615384615383 23.0 2.0223114472661203 13 226.0
384 15.0 17.384615384615383 23.0 1.8946618668626838 13 226.0
385 14.0 17.153846153846153 22.0 1.8187062180825986 13 223.0
386 15.0 17.46153846153846 22.0 1.6641005886756874 13 227.0
387 16.0 17.846153846153847 23.0 1.7246329970051528 13 232.0
388 14.0 17.23076923076923 23.0 2.0475125621855645 13 224.0
389 14.0 17.46153846153846 23.0 1.9839096340048952 13 227.0
390 15.0 17.923076923076923 24.0 2.100061049173669 13 233.0
391 15.0 17.923076923076923 23.0 1.8912755158683456 13 233.0
392 15.0 17.615384615384617 23.0 1.9381460874790262 13 229.0
393 15.0 17.846153846153847 23.0 1.951330906763973 13 232.0
394 16.0 18.307692307692307 23.0 2.2870874995874626 13 238.0
395 16.0 18.153846153846153 23.0 1.7246329970051528 13 236.0
396 15.0 18.153846153846153 24.0 2.0754980866510837 13 236.0
397 15.0 18.153846153846153 24.0 2.0349510168614975 13 236.0
398 15.0 18.076923076923077 24.0 2.0191391920625676 13 235.0
399 15.0 18.23076923076923 24.0 2.0475125621855645 13 237.0
400 15.0 18.307692307692307 24.0 2.136376035276225 13 238.0
401 15.0 18.23076923076923 24.0 2.0475125621855645 13 237.0
402 16.0 18.307692307692307 24.0 1.9315199276138024 13 238.0
403 16.0 18.384615384615383 24.0 1.9381460874790262 13 239.0
404 15.0 18.46153846153846 24.0 2.0662116951635836 13 240.0
405 15.0 18.692307692307693 24.0 1.9315199276138029 13 243.0
406 15.0 22.53846153846154 71.0 14.626547693693732 13 293.0
407 15.0 18.153846153846153 20.0 1.281025230440697 13 236.0
408 15.0 18.307692307692307 20.0 1.315587028960544 13 238.0
409 16.0 18.23076923076923 20.0 1.0919284281983377 13 237.0
410 16.0 18.076923076923077 19.0 0.9540735874430286 13 235.0
411 16.0 18.53846153846154 20.0 1.0500305245868342 13 241.0
412 16.0 18.307692307692307 20.0 1.031553471276484 13 238.0
413 16.0 18.53846153846154 20.0 1.126601424298216 13 241.0
414 15.0 18.307692307692307 20.0 1.2506408613597126 13 238.0
415 16.0 18.53846153846154 20.0 1.126601424298216 13 241.0
416 15.0 18.23076923076923 20.0 1.1657505560686465 13 237.0
417 16.0 18.615384615384617 20.0 1.0439078454267838 13 242.0
418 17.0 19.076923076923077 21.0 1.1875421719907089 13 248.0
419 18.0 19.0 20.0 0.7071067811865476 13 247.0
420 16.0 18.615384615384617 20.0 1.2608503439122305 13 242.0
421 17.0 18.846153846153847 21.0 1.0681880176381127 13 245.0
422 16.0 20.76923076923077 46.0 7.65020529303894 13 270.0
423 16.0 19.23076923076923 21.0 1.4232501627054273 13 250.0
424 17.0 18.923076923076923 20.0 1.0377490433255416 13 246.0
425 16.0 18.923076923076923 21.0 1.3204505835470497 13 246.0
426 18.0 19.153846153846153 21.0 1.0681880176381127 13 249.0
427 18.0 19.23076923076923 21.0 0.9268086959962983 13 250.0
428 16.0 19.076923076923077 22.0 1.4411533842457842 13 248.0
429 16.0 19.23076923076923 21.0 1.4232501627054273 13 250.0
430 17.0 19.384615384615383 21.0 1.0439078454267838 13 252.0
431 17.0 19.46153846153846 21.0 1.0500305245868342 13 253.0
432 17.0 19.53846153846154 22.0 1.2659242088545832 13 254.0
433 17.0 19.384615384615383 21.0 1.2608503439122305 13 252.0
434 18.0 19.615384615384617 21.0 1.12089707663561 13 255.0
435 18.0 19.692307692307693 21.0 1.031553471276484 13 256.0
436 16.0 19.53846153846154 21.0 1.3301243435223524 13 254.0
437 17.0 19.615384615384617 21.0 1.0439078454267838 13 255.0
438 17.0 19.76923076923077 21.0 1.1657505560686465 13 257.0
439 17.0 19.76923076923077 21.0 1.0919284281983377 13 257.0
440 17.0 19.46153846153846 21.0 1.2659242088545832 13 253.0
441 17.0 19.76923076923077 22.0 1.3008872711759816 13 257.0
442 18.0 20.153846153846153 22.0 1.143543749793731 13 262.0
443 18.0 20.153846153846153 22.0 1.214231845389905 13 262.0
444 17.0 19.846153846153847 22.0 1.214231845389905 13 258.0
445 17.0 20.0 22.0 1.35400640077266 13 260.0
446 17.0 20.307692307692307 22.0 1.315587028960544 13 264.0
447 17.0 20.23076923076923 22.0 1.3634420996046581 13 263.0
448 17.0 20.23076923076923 22.0 1.3634420996046581 13 263.0
449 18.0 20.384615384615383 22.0 1.2608503439122305 13 265.0
450 19.0 20.384615384615383 22.0 0.9607689228305228 13 265.0
451 19.0 20.692307692307693 22.0 1.109400392450458 13 269.0
452 17.0 20.23076923076923 22.0 1.4232501627054273 13 263.0
453 18.0 20.307692307692307 22.0 1.109400392450458 13 264.0
454 18.0 20.615384615384617 22.0 1.2608503439122305 13 268.0
455 18.0 20.615384615384617 23.0 1.3252962900462133 13 268.0
456 18.0 20.46153846153846 22.0 1.1982893790305562 13 266.0
457 18.0 20.76923076923077 23.0 1.3634420996046581 13 270.0
458 19.0 21.0 22.0 0.9128709291752769 13 273.0
459 19.0 21.076923076923077 23.0 1.1151635501529558 13 274.0
460 18.0 21.076923076923077 24.0 1.4978617237881953 13 274.0
461 18.0 21.076923076923077 24.0 1.4978617237881953 13 274.0
462 18.0 21.307692307692307 24.0 1.702185623672077 13 277.0
463 19.0 21.53846153846154 25.0 1.6641005886756872 13 280.0
464 18.0 20.846153846153847 24.0 1.7246329970051526 13 271.0
465 18.0 21.23076923076923 25.0 1.8776690404970269 13 276.0
466 20.0 21.692307692307693 25.0 1.2506408613597126 13 282.0
467 20.0 21.46153846153846 24.0 1.1982893790305562 13 279.0
468 18.0 21.384615384615383 24.0 1.7097008285302209 13 278.0
469 19.0 21.53846153846154 25.0 1.5607361839521232 13 280.0
470 18.0 21.76923076923077 24.0 1.5892265495016829 13 283.0
471 18.0 21.692307692307693 24.0 1.4366984945013914 13 282.0
472 19.0 21.53846153846154 25.0 1.5607361839521232 13 280.0
473 19.0 21.846153846153847 25.0 1.6756169931378435 13 284.0
474 20.0 22.076923076923077 25.0 1.3821202589704018 13 287.0
475 20.0 22.0 25.0 1.35400640077266 13 286.0
476 18.0 21.692307692307693 25.0 1.7974340685458343 13 282.0
477 19.0 23.153846153846153 38.0 4.980732105593746 13 301.0
478 19.0 22.0 24.0 1.1547005383792515 13 286.0
479 19.0 22.153846153846153 24.0 1.281025230440697 13 288.0
480 19.0 21.846153846153847 24.0 1.3445044840729643 13 284.0
481 19.0 22.0 24.0 1.4142135623730951 13 286.0
482 21.0 22.23076923076923 24.0 0.9268086959962983 13 289.0
483 20.0 22.307692307692307 24.0 1.109400392450458 13 290.0
484 19.0 22.23076923076923 24.0 1.3008872711759816 13 289.0
485 19.0 22.153846153846153 24.0 1.281025230440697 13 288.0
486 19.0 22.384615384615383 25.0 1.5021352323976216 13 291.0
487 20.0 22.53846153846154 24.0 1.3301243435223524 13 293.0
488 19.0 22.23076923076923 24.0 1.3008872711759816 13 289.0
489 20.0 22.23076923076923 24.0 1.3008872711759816 13 289.0
490 21.0 22.53846153846154 24.0 0.8770580193070292 13 293.0
491 21.0 22.923076923076923 24.0 1.0377490433255416 13 298.0
492 20.0 22.46153846153846 24.0 1.3301243435223524 13 292.0
493 19.0 22.153846153846153 24.0 1.4632243987255138 13 288.0
494 19.0 22.53846153846154 24.0 1.5063966175050876 13 293.0
495 20.0 22.46153846153846 24.0 1.1982893790305562 13 292.0
496 20.0 22.692307692307693 25.0 1.6525039276108333 13 295.0
497 20.0 22.692307692307693 24.0 1.2506408613597126 13 295.0
498 22.0 22.923076923076923 25.0 1.2557559782549623 13 298.0
499 22.0 24.0 32.0 2.70801280154532 13 312.0
500 20.0 22.846153846153847 24.0 1.214231845389905 13 297.0
501 20.0 22.923076923076923 25.0 1.3204505835470495 13 298.0
502 20.0 23.307692307692307 25.0 1.4366984945013914 13 303.0
503 20.0 22.923076923076923 25.0 1.3204505835470497 13 298.0
504 20.0 23.153846153846153 25.0 1.3445044840729643 13 301.0
505 20.0 23.076923076923077 25.0 1.3204505835470495 13 300.0
506 22.0 23.384615384615383 25.0 1.0439078454267836 13 304.0
507 21.0 23.153846153846153 25.0 1.214231845389905 13 301.0
508 21.0 23.23076923076923 25.0 1.2351684199496946 13 302.0
509 20.0 23.076923076923077 25.0 1.4978617237881953 13 300.0
510 20.0 23.384615384615383 25.0 1.386750490563073 13 304.0
511 20.0 23.384615384615383 25.0 1.5566235649883127 13 304.0
512 21.0 23.076923076923077 25.0 1.3821202589704018 13 300.0
513 20.0 26.46153846153846 63.0 11.06507557298627 13 344.0
514 20.0 23.46153846153846 25.0 1.5063966175050876 13 305.0
515 21.0 23.53846153846154 25.0 1.1982893790305562 13 306.0
516 20.0 23.307692307692307 26.0 1.6012815380508714 13 303.0
517 20.0 23.46153846153846 26.0 1.6641005886756877 13 305.0
518 20.0 23.307692307692307 26.0 1.797434068545834 13 303.0
519 21.0 23.615384615384617 26.0 1.5021352323976216 13 307.0
520 20.0 23.307692307692307 25.0 1.5483655567842816 13 303.0
521 21.0 23.692307692307693 26.0 1.5483655567842816 13 308.0
522 20.0 24.076923076923077 26.0 1.5525000516123697 13 313.0
523 21.0 24.076923076923077 26.0 1.255755978254962 13 313.0
524 21.0 23.76923076923077 26.0 1.4806443503784736 13 309.0
525 21.0 23.615384615384617 26.0 1.5566235649883127 13 307.0
526 21.0 27.846153846153847 73.0 13.655561466829512 13 362.0
527 21.0 24.0 26.0 1.4719601443879744 13 312.0
528 21.0 23.923076923076923 26.0 1.5525000516123697 13 311.0
529 21.0 24.153846153846153 26.0 1.6251232694862385 13 314.0
530 22.0 24.53846153846154 26.0 1.126601424298216 13 319.0
531 21.0 24.46153846153846 27.0 1.5607361839521232 13 318.0
532 21.0 26.153846153846153 51.0 7.614089503962964 13 340.0
533 21.0 24.23076923076923 27.0 1.7394369852458083 13 315.0
534 21.0 24.384615384615383 27.0 1.8045526471705549 13 317.0
535 21.0 24.615384615384617 27.0 1.7097008285302209 13 320.0
536 21.0 24.153846153846153 27.0 1.6756169931378437 13 314.0
537 21.0 24.46153846153846 27.0 1.6641005886756877 13 318.0
538 22.0 24.53846153846154 27.0 1.3913653136029502 13 319.0
539 21.0 24.76923076923077 27.0 1.640825308284734 13 322.0
540 22.0 24.53846153846154 27.0 1.5607361839521232 13 319.0
541 22.0 24.615384615384617 27.0 1.5021352323976216 13 320.0
542 21.0 24.692307692307693 27.0 1.797434068545834 13 321.0
543 22.0 24.923076923076923 28.0 1.84668795692624 13 324.0
544 22.0 24.846153846153847 27.0 1.5730095277394143 13 323.0
545 22.0 24.846153846153847 28.0 1.7246329970051526 13 323.0
546 22.0 25.076923076923077 27.0 1.3821202589704018 13 326.0
547 22.0 25.46153846153846 29.0 1.8081014266989472 13 331.0
548 22.0 24.923076923076923 28.0 1.800996874952798 13 324.0
549 22.0 24.846153846153847 28.0 1.7246329970051526 13 323.0
550 22.0 25.076923076923077 28.0 1.800996874952798 13 326.0
551 22.0 25.384615384615383 29.0 1.8946618668626838 13 330.0
552 22.0 25.384615384615383 28.0 1.7097008285302209 13 330.0
553 23.0 25.384615384615383 29.0 1.7097008285302207 13 330.0
554 22.0 25.53846153846154 28.0 1.5063966175050876 13 332.0
555 23.0 26.53846153846154 39.0 3.9919791377081917 13 345.0
556 22.0 25.307692307692307 29.0 1.974192467171298 13 329.0
557 23.0 25.46153846153846 29.0 1.8081014266989472 13 331.0
558 22.0 25.615384615384617 28.0 1.8946618668626838 13 333.0
559 23.0 25.692307692307693 29.0 1.887883090687176 13 334.0
560 22.0 25.692307692307693 29.0 1.9315199276138029 13 334.0
561 22.0 25.692307692307693 28.0 1.8878830906871757 13 334.0
562 23.0 26.076923076923077 28.0 1.4411533842457842 13 339.0
563 23.0 29.615384615384617 71.0 12.560111872766512 13 385.0
564 23.0 25.53846153846154 29.0 1.713446070320696 13 332.0
565 23.0 25.76923076923077 29.0 1.8776690404970273 13 335.0
566 22.0 26.0 29.0 1.9578900207451218 13 338.0
567 23.0 26.307692307692307 29.0 1.8432134703923733 13 342.0
568 22.0 26.153846153846153 29.0 2.1152680620571416 13 340.0
569 23.0 26.0 28.0 1.7320508075688772 13 338.0
570 23.0 26.384615384615383 28.0 1.4455945454184551 13 343.0
571 24.0 26.46153846153846 30.0 1.6132464481796025 13 344.0
572 23.0 26.307692307692307 29.0 1.7021856236720767 13 342.0
573 24.0 26.692307692307693 30.0 1.9315199276138029 13 347.0
574 23.0 27.0 31.0 2.160246899469287 13 351.0
575 23.0 27.846153846153847 35.0 3.1050001032247394 13 362.0
576 23.0 27.076923076923077 31.0 2.2898885875932358 13 352.0
577 24.0 27.153846153846153 31.0 2.1152680620571416 13 353.0
578 24.0 27.307692307692307 31.0 1.931519927613803 13 355.0
579 24.0 29.692307692307693 57.0 8.429952702364503 13 386.0
580 23.0 26.846153846153847 31.0 2.230327100305911 13 349.0
581 23.0 27.076923076923077 31.0 2.325995788959303 13 352.0
582 23.0 27.153846153846153 31.0 2.1926450482675732 13 353.0
583 24.0 27.384615384615383 31.0 2.103111248383433 13 356.0
584 24.0 28.076923076923077 37.0 3.3531462454819567 13 365.0
585 24.0 27.46153846153846 32.0 2.221687969967303 13 357.0
586 24.0 27.53846153846154 31.0 1.983909634004895 13 358.0
587 25.0 27.846153846153847 32.0 1.7722938923964167 13 362.0
588 24.0 27.307692307692307 32.0 2.0970064133034736 13 355.0
589 24.0 27.46153846153846 31.0 2.0662116951635836 13 357.0
590 23.0 28.23076923076923 41.0 4.225987974305459 13 367.0
591 24.0 27.384615384615383 29.0 1.660244035197915 13 356.0
592 24.0 27.384615384615383 30.0 1.7577666482623882 13 356.0
593 25.0 27.53846153846154 30.0 1.5607361839521232 13 358.0
594 25.0 27.615384615384617 30.0 1.2608503439122305 13 359.0
595 25.0 27.76923076923077 30.0 1.3634420996046581 13 361.0
596 24.0 27.53846153846154 30.0 1.7614096918559585 13 358.0
597 24.0 27.76923076923077 31.0 1.7394369852458083 13 361.0
598 25.0 27.692307692307693 30.0 1.6012815380508716 13 360.0
599 25.0 27.846153846153847 31.0 1.7722938923964169 13 362.0
600 24.0 27.846153846153847 31.0 1.863963243832607 13 362.0
601 25.0 27.923076923076923 31.0 1.7541160386140584 13 363.0
602 25.0 28.23076923076923 30.0 1.3634420996046581 13 367.0
603 25.0 28.384615384615383 31.0 1.5021352323976216 13 369.0
604 25.0 28.153846153846153 31.0 1.7722938923964169 13 366.0
605 25.0 28.23076923076923 30.0 1.5358952955766088 13 367.0
606 25.0 28.23076923076923 31.0 1.6908501882113507 13 367.0
607 25.0 28.153846153846153 30.0 1.6251232694862388 13 366.0
608 25.0 28.076923076923077 31.0 1.6563785025137654 13 365.0
609 25.0 28.307692307692307 31.0 1.6525039276108333 13 368.0
610 26.0 28.384615384615383 30.0 1.325296290046213 13 369.0
611 26.0 28.76923076923077 31.0 1.4806443503784736 13 374.0
612 25.0 28.23076923076923 31.0 1.5892265495016829 13 367.0
613 26.0 28.53846153846154 31.0 1.5063966175050876 13 371.0
614 25.0 28.46153846153846 31.0 1.6132464481796025 13 370.0
615 26.0 28.76923076923077 32.0 1.7394369852458085 13 374.0
616 25.0 28.384615384615383 30.0 1.6092680291808414 13 369.0
617 26.0 28.692307692307693 31.0 1.5483655567842816 13 373.0
618 27.0 28.923076923076923 31.0 1.1151635501529558 13 376.0
619 26.0 29.076923076923077 31.0 1.4978617237881953 13 378.0
620 26.0 28.692307692307693 31.0 1.6525039276108335 13 373.0
621 25.0 28.846153846153847 31.0 1.6251232694862385 13 375.0
622 25.0 28.846153846153847 31.0 1.863963243832607 13 375.0
623 26.0 29.076923076923077 31.0 1.7541160386140584 13 378.0
624 27.0 31.615384615384617 62.0 9.2334397846312 13 411.0
625 25.0 29.076923076923077 32.0 1.9348358440936906 13 378.0
626 25.0 29.076923076923077 31.0 1.84668795692624 13 378.0
627 25.0 29.384615384615383 32.0 1.8946618668626838 13 382.0
628 25.0 28.923076923076923 31.0 1.7059473644448737 13 376.0
629 26.0 29.153846153846153 31.0 1.5191090506255 13 379.0
630 25.0 29.307692307692307 32.0 1.797434068545834 13 381.0
631 25.0 29.384615384615383 32.0 2.0223114472661203 13 382.0
632 25.0 29.23076923076923 32.0 1.921537845661046 13 380.0
633 25.0 29.153846153846153 32.0 2.034951016861497 13 379.0
634 26.0 29.23076923076923 31.0 1.4232501627054273 13 380.0
635 26.0 29.692307692307693 32.0 1.8878830906871757 13 386.0
636 25.0 29.153846153846153 32.0 2.0754980866510833 13 379.0
637 26.0 29.46153846153846 32.0 1.8081014266989475 13 383.0
638 25.0 29.46153846153846 32.0 1.941450686788302 13 383.0
639 26.0 29.692307692307693 32.0 1.8878830906871757 13 386.0
640 25.0 29.615384615384617 32.0 1.9381460874790262 13 385.0
641 25.0 29.615384615384617 32.0 1.9806758753205744 13 385.0
642 26.0 29.923076923076923 33.0 1.8912755158683456 13 389.0
643 26.0 31.923076923076923 58.0 8.004806248556118 13 415.0
644 25.0 29.615384615384617 32.0 1.8946618668626838 13 385.0
645 26.0 29.53846153846154 32.0 1.8081014266989475 13 384.0
646 26.0 29.923076923076923 33.0 1.9774368283857795 13 389.0
647 26.0 29.923076923076923 32.0 1.8912755158683456 13 389.0
648 26.0 29.76923076923077 33.0 1.8776690404970273 13 387.0
649 26.0 29.923076923076923 33.0 1.9348358440936906 13 389.0
650 27.0 30.076923076923077 33.0 1.84668795692624 13 391.0
651 27.0 30.23076923076923 33.0 1.6408253082847342 13 393.0
652 26.0 29.923076923076923 33.0 1.84668795692624 13 389.0
653 26.0 29.923076923076923 33.0 1.8912755158683456 13 389.0
654 27.0 30.23076923076923 32.0 1.5358952955766088 13 393.0
655 27.0 31.384615384615383 43.0 3.905945500952395 13 408.0
656 26.0 31.153846153846153 40.0 3.2620584974867697 13 405.0
657 27.0 31.384615384615383 42.0 3.5246385521180637 13 408.0
658 28.0 33.53846153846154 66.0 9.870962335856492 13 436.0
659 28.0 30.923076923076923 33.0 1.6563785025137654 13 402.0
660 26.0 30.615384615384617 33.0 2.0223114472661203 13 398.0
661 26.0 30.76923076923077 34.0 2.006400016357911 13 400.0
662 26.0 30.615384615384617 34.0 1.9806758753205744 13 398.0
663 27.0 31.0 34.0 1.8708286933869707 13 403.0
664 26.0 30.692307692307693 34.0 2.0159619451027746 13 399.0
665 27.0 31.0 34.0 1.9578900207451218 13 403.0
666 28.0 31.153846153846153 34.0 1.7246329970051526 13 405.0
667 28.0 31.307692307692307 34.0 1.6525039276108335 13 407.0
668 26.0 31.0 34.0 2.0816659994661326 13 403.0
669 27.0 31.0 34.0 1.8708286933869707 13 403.0
670 28.0 31.23076923076923 34.0 1.832750490103429 13 406.0
671 28.0 31.46153846153846 34.0 1.7614096918559587 13 409.0
672 27.0 31.153846153846153 34.0 1.8187062180825986 13 405.0
673 28.0 31.384615384615383 35.0 1.8501559185854912 13 408.0
674 29.0 31.384615384615383 34.0 1.5566235649883127 13 408.0
675 29.0 31.46153846153846 34.0 1.4500221041639685 13 409.0
676 28.0 31.23076923076923 34.0 1.7394369852458083 13 406.0
677 28.0 31.76923076923077 35.0 1.964427234329223 13 413.0
678 28.0 31.692307692307693 35.0 1.887883090687176 13 412.0
679 28.0 31.923076923076923 35.0 2.100061049173669 13 415.0
680 28.0 31.692307692307693 35.0 1.887883090687176 13 412.0
681 29.0 31.923076923076923 35.0 1.6563785025137654 13 415.0
682 30.0 32.0 35.0 1.5275252316519468 13 416.0
683 29.0 32.15384615384615 35.0 1.6756169931378437 13 418.0
684 28.0 32.15384615384615 35.0 2.154303980645638 13 418.0
685 29.0 32.38461538461539 37.0 2.3992520201950973 13 421.0
686 28.0 32.61538461538461 37.0 2.328750077418554 13 424.0
687 28.0 32.30769230769231 37.0 2.323238235187235 13 420.0
688 28.0 32.07692307692308 37.0 2.325995788959303 13 417.0
689 29.0 32.23076923076923 37.0 2.006400016357911 13 419.0
690 29.0 32.61538461538461 37.0 1.9381460874790262 13 424.0
691 29.0 32.92307692307692 38.0 2.1000610491736684 13 428.0
692 29.0 34.07692307692308 52.0 5.780160586891718 13 443.0
693 29.0 32.84615384615385 37.0 2.230327100305911 13 427.0
694 29.0 33.46153846153846 39.0 2.7268841992093167 13 435.0
695 29.0 33.92307692307692 42.0 3.3030677271676416 13 441.0
696 29.0 33.69230769230769 42.0 3.400603264731505 13 438.0
697 29.0 33.92307692307692 42.0 3.426892140641392 13 441.0
698 30.0 34.15384615384615 42.0 3.1582208558552356 13 444.0
699 30.0 34.15384615384615 43.0 3.411894728889747 13 444.0
700 28.0 33.46153846153846 42.0 3.5734060459498256 13 435.0
701 29.0 34.92307692307692 50.0 5.780160586891718 13 454.0
702 29.0 33.46153846153846 43.0 3.454836817549772 13 435.0
703 30.0 33.61538461538461 43.0 3.3050078552216675 13 437.0
704 29.0 33.46153846153846 43.0 3.3569674960045064 13 435.0
705 29.0 33.38461538461539 43.0 3.4529808749943753 13 434.0
706 31.0 34.0 43.0 3.1622776601683795 13 442.0
707 31.0 34.07692307692308 43.0 3.0946604138294522 13 443.0
708 29.0 33.69230769230769 43.0 3.4972516682059407 13 438.0
709 29.0 33.53846153846154 43.0 3.5264567820827515 13 436.0
710 29.0 33.69230769230769 43.0 3.4492659940103056 13 438.0
711 30.0 34.15384615384615 43.0 3.3626912299068294 13 444.0
712 30.0 33.69230769230769 43.0 3.400603264731505 13 438.0
713 30.0 33.92307692307692 43.0 3.3282011773513753 13 441.0
714 31.0 34.15384615384615 43.0 3.05085107923876 13 444.0
715 31.0 34.53846153846154 43.0 3.0717905911532175 13 449.0
716 30.0 33.92307692307692 43.0 3.377907105036551 13 441.0
717 30.0 34.92307692307692 44.0 4.23205108785993 13 454.0
718 30.0 34.46153846153846 44.0 3.454836817549772 13 448.0
719 30.0 34.53846153846154 44.0 3.381700376422701 13 449.0
720 29.0 34.30769230769231 44.0 3.5445877847928338 13 446.0
721 30.0 34.38461538461539 43.0 3.202563076101743 13 447.0
722 32.0 34.84615384615385 43.0 2.8238907511373337 13 453.0
723 31.0 34.92307692307692 43.0 2.956956161932358 13 454.0
724 30.0 34.76923076923077 44.0 3.3204880703958306 13 452.0
725 30.0 34.84615384615385 44.0 3.484397457384223 13 453.0
726 30.0 36.0 48.0 5.115336417740935 13 468.0
727 31.0 35.15384615384615 44.0 3.1844977062365176 13 457.0
728 30.0 34.84615384615385 44.0 3.3378174966623986 13 453.0
729 31.0 35.0 44.0 3.2145502536643185 13 455.0
730 31.0 35.23076923076923 44.0 3.0863637221884637 13 458.0
731 31.0 35.38461538461539 45.0 3.4529808749943753 13 460.0
732 30.0 35.07692307692308 45.0 3.616202853397895 13 456.0
733 31.0 35.23076923076923 45.0 3.5391582368751227 13 458.0
734 31.0 35.15384615384615 45.0 3.387382318894484 13 457.0
735 31.0 35.46153846153846 45.0 3.3320510354080866 13 461.0
736 31.0 35.30769230769231 45.0 3.400603264731505 13 459.0
737 31.0 35.38461538461539 45.0 3.355057414771058 13 460.0
738 32.0 35.76923076923077 44.0 2.832956234332085 13 465.0
739 32.0 35.76923076923077 45.0 3.1925393799149435 13 465.0
740 31.0 35.46153846153846 45.0 3.4062536756037565 13 461.0
741 31.0 35.53846153846154 45.0 3.4306312493811935 13 462.0
742 31.0 35.76923076923077 45.0 3.2952957923340294 13 465.0
743 31.0 36.61538461538461 49.0 5.1565243710995485 13 476.0
744 31.0 35.53846153846154 45.0 3.478873970491616 13 462.0
745 31.0 35.61538461538461 45.0 3.500915631147123 13 463.0
746 32.0 36.07692307692308 46.0 3.3531462454819567 13 469.0
747 33.0 36.46153846153846 46.0 3.3069468450365864 13 474.0
748 31.0 35.92307692307692 46.0 3.6846876498453818 13 467.0
749 32.0 36.23076923076923 46.0 3.491748515043386 13 471.0
750 31.0 36.0 46.0 3.6285901761795403 13 468.0
751 32.0 36.15384615384615 46.0 3.5787836352163436 13 470.0
752 31.0 36.0 47.0 3.9370039370059056 13 468.0
753 31.0 36.23076923076923 46.0 3.6777222605358637 13 471.0
754 32.0 36.53846153846154 46.0 3.3569674960045064 13 475.0
755 32.0 36.69230769230769 45.0 3.1723969745450473 13 477.0
756 32.0 36.15384615384615 46.0 3.508232077228117 13 470.0
757 32.0 36.15384615384615 46.0 3.6933759138524795 13 470.0
758 32.0 36.53846153846154 46.0 3.502746175393068 13 475.0
759 32.0 36.61538461538461 47.0 3.7536307210144675 13 476.0
760 32.0 36.30769230769231 46.0 3.637412436165197 13 472.0
761 32.0 36.53846153846154 46.0 3.596650863775553 13 475.0
762 33.0 37.0 47.0 3.391164991562634 13 481.0
763 33.0 37.15384615384615 46.0 3.1582208558552356 13 483.0
764 32.0 36.53846153846154 46.0 3.6881654114971716 13 475.0
765 32.0 36.69230769230769 47.0 3.7943953269837216 13 477.0
766 31.0 36.61538461538461 47.0 3.7977726265637495 13 476.0
767 32.0 36.92307692307692 47.0 3.8179736873010373 13 480.0
768 32.0 36.76923076923077 47.0 3.7450822455109076 13 478.0
769 32.0 36.84615384615385 47.0 3.6479709850398083 13 479.0
770 33.0 37.30769230769231 47.0 3.301126458867625 13 485.0
771 34.0 37.23076923076923 46.0 3.03188187307944 13 484.0
772 32.0 37.53846153846154 47.0 4.539004748021762 13 488.0
773 33.0 37.15384615384615 47.0 3.5787836352163436 13 483.0
774 32.0 37.15384615384615 47.0 3.647970985039808 13 483.0
775 33.0 37.30769230769231 47.0 3.4972516682059407 13 485.0
776 32.0 37.46153846153846 47.0 3.665500980206857 13 487.0
777 33.0 37.76923076923077 48.0 3.700311837170982 13 491.0
778 34.0 37.84615384615385 48.0 3.578783635216343 13 492.0
779 34.0 37.76923076923077 48.0 3.5155332965247754 13 491.0
780 33.0 37.38461538461539 48.0 3.7313639494261235 13 486.0
781 33.0 40.84615384615385 74.0 10.57391565635419 13 531.0
782 32.0 37.23076923076923 47.0 3.6549930723565476 13 484.0
783 32.0 37.30769230769231 47.0 3.5913000288803363 13 485.0
784 33.0 37.38461538461539 48.0 3.819652286497239 13 486.0
785 32.0 37.46153846153846 48.0 3.8862017578304013 13 487.0
786 32.0 37.84615384615385 48.0 3.715870329773673 13 492.0
787 33.0 38.84615384615385 48.0 4.450583367120799 13 505.0
788 33.0 41.92307692307692 102.0 18.177190553280134 13 545.0
789 32.0 37.0 40.0 2.273030282830976 13 481.0
790 32.0 37.30769230769231 40.0 2.3939025107069907 13 485.0
791 33.0 37.30769230769231 40.0 2.1363760352762253 13 485.0
792 33.0 37.30769230769231 40.0 2.1750331562459526 13 485.0
793 33.0 37.38461538461539 40.0 2.1423686866978775 13 486.0
794 33.0 39.15384615384615 56.0 5.367279786604413 13 509.0
795 33.0 37.92307692307692 41.0 1.9348358440936904 13 493.0
796 33.0 37.53846153846154 41.0 2.4703368398993892 13 488.0
797 33.0 37.61538461538461 41.0 2.3992520201950973 13 489.0
798 34.0 37.69230769230769 41.0 2.1363760352762253 13 490.0
799 33.0 37.61538461538461 41.0 2.2560460078960243 13 489.0
800 33.0 37.61538461538461 41.0 2.5012817227194253 13 489.0
801 33.0 37.76923076923077 41.0 2.1273554065179203 13 491.0
802 33.0 38.07692307692308 41.0 1.9774368283857793 13 495.0
803 34.0 38.38461538461539 41.0 1.8946618668626836 13 499.0
804 33.0 37.76923076923077 41.0 2.27866357593825 13 491.0
805 33.0 38.15384615384615 41.0 2.3750843439814178 13 496.0
806 34.0 38.15384615384615 41.0 1.9081471748860572 13 496.0
807 34.0 38.23076923076923 41.0 1.9215378456610457 13 497.0
808 33.0 37.92307692307692 41.0 2.325995788959303 13 493.0
809 34.0 39.0 44.0 2.449489742783178 13 507.0
810 33.0 38.30769230769231 42.0 2.5943726083138543 13 498.0
811 33.0 38.30769230769231 41.0 2.6262969933798233 13 498.0
812 33.0 38.0 41.0 2.6770630673681683 13 494.0
813 33.0 38.15384615384615 41.0 2.511511956509924 13 496.0
814 33.0 38.30769230769231 41.0 2.52931530209974 13 498.0
815 33.0 38.61538461538461 42.0 2.6626572422569885 13 502.0
816 33.0 39.46153846153846 53.0 4.771711513621792 13 513.0
817 33.0 39.46153846153846 53.0 4.8924326705533145 13 513.0
818 34.0 38.92307692307692 42.0 2.4987176198181626 13 506.0
819 34.0 39.07692307692308 43.0 2.5968422639024005 13 508.0
820 33.0 38.84615384615385 43.0 2.7942248133771033 13 505.0
821 33.0 39.0 43.0 2.7386127875258306 13 507.0
822 34.0 40.15384615384615 54.0 4.810511993647417 13 522.0
823 33.0 39.46153846153846 43.0 2.696151102818751 13 513.0
824 33.0 39.07692307692308 43.0 2.8419928002940256 13 508.0
825 34.0 39.23076923076923 44.0 2.7735009811261455 13 510.0
826 34.0 39.23076923076923 43.0 2.521700687824461 13 510.0
827 34.0 39.69230769230769 44.0 2.657837949180229 13 516.0
828 34.0 39.30769230769231 43.0 2.4961508830135313 13 511.0
829 33.0 39.30769230769231 43.0 2.7502913598567273 13 511.0
830 34.0 39.38461538461539 44.0 2.7245324228345904 13 512.0
831 34.0 39.76923076923077 44.0 2.8622207623290854 13 517.0
832 33.0 39.46153846153846 44.0 2.9044616430411736 13 513.0
833 34.0 39.69230769230769 44.0 2.8397363546819916 13 516.0
834 37.0 40.0 44.0 2.1984843263788196 13 520.0
835 36.0 40.15384615384615 44.0 2.4781092875467863 13 522.0
836 34.0 39.46153846153846 44.0 2.933012803000372 13 513.0
837 35.0 39.76923076923077 44.0 2.6189643676412167 13 517.0
838 33.0 39.84615384615385 44.0 2.9957234475763905 13 518.0
839 35.0 40.15384615384615 44.0 2.8238907511373337 13 522.0
840 33.0 39.53846153846154 43.0 2.7572747600781646 13 514.0
841 35.0 39.61538461538461 42.0 2.18091958962504 13 515.0
842 35.0 40.53846153846154 48.0 3.178453099003366 13 527.0
843 36.0 40.30769230769231 44.0 2.323238235187235 13 524.0
844 35.0 40.07692307692308 44.0 2.4311018921995866 13 521.0
845 35.0 40.07692307692308 45.0 2.7221786146864813 13 521.0
846 36.0 40.30769230769231 44.0 2.3588350014578308 13 524.0
847 36.0 40.53846153846154 45.0 2.6650636207348035 13 527.0
848 36.0 40.30769230769231 44.0 2.3588350014578303 13 524.0
849 36.0 40.46153846153846 45.0 2.569545505058064 13 526.0
850 37.0 40.92307692307692 44.0 2.325995788959303 13 532.0
851 37.0 41.15384615384615 45.0 2.339734808553947 13 535.0
852 37.0 40.69230769230769 44.0 2.2503560971771916 13 529.0
853 36.0 40.46153846153846 43.0 2.1061570302086774 13 526.0
854 35.0 40.76923076923077 44.0 2.385855756810896 13 530.0
855 36.0 40.92307692307692 44.0 2.253202848596432 13 532.0
856 36.0 40.46153846153846 43.0 2.1838568563966754 13 526.0
857 36.0 40.46153846153846 44.0 2.401922307076307 13 526.0
858 37.0 40.92307692307692 44.0 2.253202848596432 13 532.0
859 38.0 41.0 43.0 2.0 13 533.0
860 36.0 40.76923076923077 44.0 2.385855756810896 13 530.0
861 37.0 41.07692307692308 44.0 2.361550989693654 13 534.0
862 37.0 41.0 44.0 2.41522945769824 13 533.0
863 36.0 41.15384615384615 44.0 2.409915415049314 13 535.0
864 37.0 40.92307692307692 44.0 2.215909838025097 13 532.0
865 37.0 41.07692307692308 44.0 2.4987176198181626 13 534.0
866 38.0 41.38461538461539 44.0 1.757766648262388 13 538.0
867 38.0 42.69230769230769 55.0 4.190954851117173 13 555.0
868 37.0 41.30769230769231 44.0 2.175033156245952 13 537.0
869 37.0 41.76923076923077 45.0 2.27866357593825 13 543.0
870 37.0 41.38461538461539 44.0 2.218800784900916 13 538.0
871 37.0 41.76923076923077 45.0 2.27866357593825 13 543.0
872 36.0 41.46153846153846 44.0 2.4019223070763065 13 539.0
873 38.0 41.92307692307692 44.0 1.9348358440936904 13 545.0
874 38.0 43.61538461538461 60.0 5.299975810297967 13 567.0
875 38.0 42.46153846153846 45.0 1.8536173919925967 13 552.0
876 37.0 41.84615384615385 45.0 2.2673829938997163 13 544.0
877 37.0 42.07692307692308 45.0 2.4987176198181626 13 547.0
878 38.0 42.30769230769231 45.0 2.0568833780186053 13 550.0
879 38.0 42.38461538461539 45.0 2.5012817227194257 13 551.0
880 37.0 42.0 45.0 2.273030282830976 13 546.0
881 39.0 42.92307692307692 46.0 2.1000610491736684 13 558.0
882 39.0 44.23076923076923 62.0 5.732274797929209 13 575.0
883 39.0 42.92307692307692 46.0 2.1779783615981456 13 558.0
884 39.0 42.46153846153846 45.0 1.5607361839521232 13 552.0
885 39.0 42.53846153846154 45.0 1.7614096918559587 13 553.0
886 39.0 46.46153846153846 69.0 9.955027076937768 13 604.0
887 39.0 43.0 45.0 1.8257418583505538 13 559.0
888 39.0 42.23076923076923 45.0 1.6408253082847342 13 549.0
889 39.0 42.69230769230769 46.0 1.8878830906871757 13 555.0
890 39.0 43.0 47.0 2.345207879911715 13 559.0
891 40.0 42.92307692307692 47.0 2.0599975105785306 13 558.0
892 39.0 43.84615384615385 55.0 3.7604555097787875 13 570.0
893 40.0 43.07692307692308 45.0 1.497861723788195 13 560.0
894 39.0 43.30769230769231 46.0 1.8432134703923733 13 563.0
895 40.0 43.46153846153846 46.0 1.7614096918559583 13 565.0
896 40.0 43.15384615384615 45.0 1.6756169931378437 13 561.0
897 39.0 42.92307692307692 46.0 1.9348358440936904 13 558.0
898 40.0 43.30769230769231 48.0 2.213015114597254 13 563.0
899 40.0 43.84615384615385 48.0 1.9935794376846323 13 570.0
900 40.0 43.23076923076923 46.0 1.832750490103429 13 562.0
901 40.0 45.38461538461539 68.0 7.274824872330394 13 590.0
902 40.0 43.69230769230769 48.0 2.0159619451027746 13 568.0
903 40.0 43.84615384615385 46.0 1.7246329970051526 13 570.0
904 40.0 43.61538461538461 50.0 2.534379001467011 13 567.0
905 40.0 43.46153846153846 46.0 2.1061570302086774 13 565.0
906 40.0 43.76923076923077 48.0 2.385855756810896 13 569.0
907 41.0 44.0 48.0 2.3804761428476167 13 572.0
908 40.0 43.30769230769231 47.0 1.887883090687176 13 563.0
909 40.0 44.76923076923077 52.0 3.4194016570604417 13 582.0
910 41.0 43.92307692307692 47.0 1.8009968749527976 13 571.0
911 40.0 44.23076923076923 47.0 1.9644272343292228 13 575.0
912 40.0 43.84615384615385 47.0 1.7722938923964169 13 570.0
913 41.0 43.92307692307692 46.0 1.5525000516123695 13 571.0
914 40.0 44.76923076923077 53.0 3.218536058361683 13 582.0
915 41.0 44.23076923076923 48.0 2.385855756810896 13 575.0
916 41.0 43.76923076923077 47.0 1.9215378456610457 13 569.0
917 40.0 44.0 47.0 1.9148542155126762 13 572.0
918 41.0 44.15384615384615 46.0 1.7722938923964167 13 574.0
919 41.0 45.92307692307692 63.0 5.6193347539475775 13 597.0
920 41.0 44.15384615384615 50.0 2.2673829938997163 13 574.0
921 40.0 44.61538461538461 50.0 2.8147960713126134 13 580.0
922 41.0 44.92307692307692 50.0 2.900044208327937 13 584.0
923 41.0 45.30769230769231 55.0 3.7502136691264094 13 589.0
924 41.0 45.30769230769231 60.0 4.9562185750935726 13 589.0
925 41.0 44.69230769230769 50.0 2.9264487974510276 13 581.0
926 41.0 44.46153846153846 50.0 2.4703368398993892 13 578.0
927 40.0 44.53846153846154 50.0 2.696151102818751 13 579.0
928 41.0 44.76923076923077 50.0 2.6189643676412167 13 582.0
929 41.0 44.46153846153846 49.0 2.29548050944258 13 578.0
930 41.0 45.61538461538461 62.0 5.470198983864932 13 593.0
931 42.0 45.53846153846154 56.0 3.9075863098888513 13 592.0
932 41.0 44.53846153846154 50.0 2.696151102818751 13 579.0
933 41.0 44.69230769230769 49.0 2.1750331562459526 13 581.0
934 41.0 44.84615384615385 49.0 2.7032743678162428 13 583.0
935 41.0 45.0 51.0 2.798809270624444 13 585.0
936 42.0 45.61538461538461 56.0 3.7977726265637495 13 593.0
937 41.0 45.76923076923077 57.0 4.044622894532241 13 595.0
938 42.0 48.23076923076923 74.0 8.757414441049807 13 627.0
939 42.0 47.30769230769231 70.0 7.145915096340186 13 615.0
940 41.0 45.38461538461539 55.0 3.5716117169158035 13 590.0
941 42.0 46.69230769230769 58.0 4.269750488116283 13 607.0
942 41.0 45.76923076923077 55.0 3.39494344954979 13 595.0
943 42.0 46.38461538461539 59.0 4.330867148321483 13 603.0
944 42.0 47.46153846153846 63.0 5.811129904694161 13 617.0
945 42.0 46.30769230769231 60.0 4.553105449115937 13 602.0
946 42.0 47.53846153846154 70.0 7.054731091206154 13 618.0
947 42.0 47.38461538461539 68.0 6.526081794594947 13 616.0
948 42.0 47.15384615384615 58.0 4.239617786352794 13 613.0
949 42.0 46.76923076923077 56.0 3.4436861586059724 13 608.0
950 41.0 46.61538461538461 58.0 4.073050894568294 13 606.0
951 42.0 46.69230769230769 55.0 3.1460190554788285 13 607.0
952 42.0 48.15384615384615 80.0 9.69403728971366 13 626.0
953 43.0 49.46153846153846 91.0 12.560622228585284 13 643.0
954 42.0 46.61538461538461 59.0 4.113766756037211 13 606.0
955 43.0 47.30769230769231 59.0 3.923956663552224 13 615.0
956 42.0 47.07692307692308 58.0 3.9043040024554627 13 612.0
957 41.0 46.92307692307692 59.0 4.132423390327168 13 610.0
958 41.0 46.84615384615385 58.0 3.912504608009083 13 609.0
959 41.0 47.0 60.0 4.4907311951024935 13 611.0
960 42.0 49.30769230769231 79.0 9.801229645514002 13 641.0
961 42.0 47.30769230769231 60.0 4.366245820393369 13 615.0
962 43.0 47.23076923076923 61.0 4.567162615779556 13 614.0
963 43.0 51.15384615384615 99.0 15.07672684330695 13 665.0
964 43.0 47.38461538461539 60.0 4.154083563965734 13 616.0
965 43.0 47.46153846153846 60.0 4.254710813035841 13 617.0
966 42.0 47.23076923076923 60.0 4.284737373395756 13 614.0
967 42.0 47.61538461538461 60.0 4.17409594080885 13 619.0
968 42.0 47.23076923076923 60.0 4.323460152737352 13 614.0
969 42.0 47.69230769230769 61.0 4.497862740321144 13 620.0
970 44.0 49.0 61.0 5.656854249492381 13 637.0
971 40.0 47.69230769230769 62.0 4.922475924854202 13 620.0
972 41.0 47.0 59.0 4.222953153106642 13 611.0
973 41.0 47.07692307692308 58.0 3.988766276714695 13 612.0
974 40.0 47.07692307692308 57.0 3.8829013735766043 13 612.0
975 41.0 47.30769230769231 59.0 4.21079199566652 13 615.0
976 41.0 47.07692307692308 60.0 4.572773382779471 13 612.0
977 41.0 47.38461538461539 60.0 4.537592267904156 13 616.0
978 40.0 48.46153846153846 75.0 8.352797780937282 13 630.0
979 41.0 47.61538461538461 63.0 5.331329751860874 13 619.0
980 41.0 48.07692307692308 60.0 5.298766184398315 13 625.0
981 41.0 47.69230769230769 61.0 4.7501686879628355 13 620.0
982 41.0 47.69230769230769 60.0 4.40425202474108 13 620.0
983 41.0 47.84615384615385 59.0 4.25922829172441 13 622.0
984 41.0 48.23076923076923 58.0 4.567162615779556 13 627.0
985 41.0 47.84615384615385 58.0 4.038278384125134 13 622.0
986 41.0 48.0 60.0 4.396968652757639 13 624.0
987 41.0 48.23076923076923 61.0 4.585372506748064 13 627.0
988 42.0 47.84615384615385 58.0 3.8696716881873807 13 622.0
989 41.0 48.23076923076923 59.0 4.186363699637314 13 627.0
990 43.0 48.15384615384615 58.0 3.6250552604099204 13 626.0
991 43.0 48.61538461538461 59.0 4.093459448487337 13 632.0
992 42.0 47.84615384615385 58.0 3.8696716881873803 13 622.0
993 42.0 48.0 58.0 3.851406669430448 13 624.0
994 41.0 49.0 62.0 5.275730597114805 13 637.0
995 41.0 48.46153846153846 61.0 4.539004748021762 13 630.0
996 42.0 48.0 57.0 3.4399612400917157 13 624.0
997 41.0 48.30769230769231 58.0 3.838068424451189 13 628.0
998 41.0 48.15384615384615 57.0 3.5554220060388952 13 626.0
999 42.0 48.38461538461539 58.0 3.7313639494261235 13 629.0
1000 43.0 50.07692307692308 75.0 8.381144894558842 13 651.0
1001 44.0 48.46153846153846 58.0 3.5734060459498265 13 630.0
1002 43.0 48.69230769230769 62.0 4.589564528809086 13 633.0
1003 44.0 48.76923076923077 61.0 4.2259879743054585 13 634.0
1004 44.0 48.53846153846154 58.0 3.6426955361697155 13 631.0
1005 43.0 48.46153846153846 58.0 3.688165411497172 13 630.0
1006 44.0 48.84615384615385 58.0 3.3873823188944843 13 635.0
1007 44.0 50.92307692307692 71.0 6.921723514433122 13 662.0
1008 44.0 48.84615384615385 57.0 3.1317235362803513 13 635.0
1009 44.0 50.15384615384615 67.0 5.997862867251882 13 652.0
1010 44.0 49.84615384615385 62.0 4.651991577918606 13 648.0
1011 44.0 49.61538461538461 61.0 4.272752070552451 13 645.0
1012 44.0 48.69230769230769 57.0 3.6144297702545787 13 633.0
1013 44.0 49.07692307692308 58.0 3.729645614566673 13 638.0
1014 45.0 49.0 57.0 3.415650255319866 13 637.0
1015 44.0 50.23076923076923 69.0 6.660253325435479 13 653.0
1016 44.0 50.07692307692308 68.0 6.448016987952426 13 651.0
1017 45.0 51.84615384615385 68.0 7.2897891355666555 13 674.0
1018 45.0 51.30769230769231 68.0 6.587673025996045 13 667.0
1019 44.0 52.38461538461539 69.0 7.182600057760672 13 681.0
1020 44.0 50.69230769230769 68.0 6.223404954746976 13 659.0
1021 45.0 51.15384615384615 69.0 6.361946162485105 13 665.0
1022 45.0 50.84615384615385 66.0 5.727799953532971 13 661.0
1023 45.0 51.0 67.0 5.759050847723665 13 663.0
1024 45.0 50.69230769230769 69.0 6.4856844329725565 13 659.0
1025 46.0 51.15384615384615 69.0 6.282862323364961 13 665.0
1026 45.0 51.38461538461539 68.0 6.538838601495702 13 668.0
1027 46.0 51.61538461538461 69.0 6.513300002539185 13 671.0
1028 45.0 50.46153846153846 68.0 6.22649425995325 13 656.0
1029 46.0 51.15384615384615 69.0 6.269584699778151 13 665.0
1030 45.0 51.07692307692308 69.0 6.383070557622698 13 664.0
1031 46.0 51.38461538461539 69.0 6.252179107298799 13 668.0
1032 46.0 51.30769230769231 68.0 6.1289560745776726 13 667.0
1033 45.0 51.15384615384615 69.0 6.4400589263110755 13 665.0
1034 45.0 51.53846153846154 68.0 6.475793189710234 13 670.0
1035 46.0 52.0 69.0 6.6332495807108 13 676.0
1036 45.0 51.15384615384615 69.0 6.440058926311076 13 665.0
1037 46.0 51.38461538461539 70.0 6.48766087197409 13 668.0
1038 45.0 51.07692307692308 69.0 6.304251719561152 13 664.0
1039 46.0 51.07692307692308 69.0 6.130001882293601 13 664.0
1040 46.0 51.15384615384615 70.0 6.465886815255298 13 665.0
1041 46.0 51.53846153846154 70.0 6.424113228238647 13 670.0
1042 46.0 51.92307692307692 70.0 6.713934992009015 13 675.0
1043 45.0 53.15384615384615 70.0 7.425700346837707 13 691.0
1044 46.0 51.53846153846154 69.0 6.0085409295904855 13 670.0
1045 46.0 52.15384615384615 71.0 6.491611944734961 13 678.0
1046 47.0 51.84615384615385 70.0 6.05318309990914 13 674.0
1047 45.0 51.92307692307692 71.0 6.448016987952426 13 675.0
1048 46.0 51.23076923076923 70.0 6.482718644646011 13 666.0
1049 47.0 53.23076923076923 71.0 7.7260797104552115 13 692.0
1050 46.0 52.15384615384615 70.0 6.580858022149718 13 678.0
1051 46.0 52.38461538461539 71.0 6.788942744621109 13 681.0
1052 46.0 51.53846153846154 70.0 6.22649425995325 13 670.0
1053 46.0 51.84615384615385 70.0 6.216190605268281 13 674.0
1054 47.0 52.23076923076923 70.0 6.0160042962341445 13 679.0
1055 47.0 53.0 71.0 6.244997998398398 13 689.0
1056 47.0 52.07692307692308 71.0 6.304251719561152 13 677.0
1057 47.0 52.30769230769231 71.0 6.250128203813307 13 680.0
1058 47.0 52.53846153846154 71.0 6.539818863640702 13 683.0
1059 47.0 52.92307692307692 72.0 6.651585505997028 13 688.0
1060 47.0 52.23076923076923 71.0 6.179992531735592 13 679.0
1061 46.0 52.38461538461539 71.0 6.265493616341036 13 681.0
1062 47.0 52.76923076923077 70.0 6.043644680624516 13 686.0
1063 47.0 52.46153846153846 71.0 5.980738313053896 13 682.0
1064 47.0 53.61538461538461 71.0 7.478173368081068 13 697.0
1065 47.0 52.30769230769231 72.0 6.210000206449477 13 680.0
1066 48.0 52.84615384615385 71.0 5.800088416655873 13 687.0
1067 47.0 53.15384615384615 72.0 6.094343741620228 13 691.0
1068 47.0 52.61538461538461 72.0 6.171688876615834 13 684.0
1069 47.0 52.30769230769231 72.0 6.2767376795144045 13 680.0
1070 48.0 52.92307692307692 72.0 5.964639392027239 13 688.0
1071 47.0 52.76923076923077 72.0 6.08486984459331 13 686.0
1072 47.0 53.30769230769231 72.0 7.169200506153799 13 693.0
1073 48.0 53.38461538461539 73.0 6.48766087197409 13 694.0
1074 48.0 53.30769230769231 72.0 6.263447072560702 13 693.0
1075 48.0 53.46153846153846 73.0 6.514284107704962 13 695.0
1076 48.0 52.92307692307692 72.0 6.224434893513607 13 688.0
1077 47.0 56.0 109.0 16.15549442140351 13 728.0
1078 48.0 52.30769230769231 57.0 2.7804260879888956 13 680.0
1079 48.0 54.76923076923077 82.0 8.747893519336014 13 712.0
1080 48.0 52.92307692307692 58.0 2.900044208327937 13 688.0
1081 48.0 52.76923076923077 59.0 3.1132471299766253 13 686.0
1082 48.0 52.84615384615385 60.0 3.2105595007244934 13 687.0
1083 49.0 53.30769230769231 63.0 4.308607961291276 13 693.0
1084 48.0 52.30769230769231 58.0 3.301126458867624 13 680.0
1085 48.0 52.84615384615385 58.0 3.2620584974867697 13 687.0
1086 49.0 52.84615384615385 57.0 2.853248261372578 13 687.0
1087 48.0 54.15384615384615 71.0 5.927986643121393 13 704.0
1088 48.0 54.15384615384615 64.0 4.239617786352795 13 704.0
1089 48.0 54.30769230769231 61.0 4.028742884668769 13 706.0
1090 49.0 53.69230769230769 60.0 3.5445877847928333 13 698.0
1091 48.0 53.53846153846154 59.0 3.454836817549772 13 696.0
1092 49.0 53.23076923076923 62.0 3.5626265159721267 13 692.0
1093 48.0 53.46153846153846 58.0 3.230463966042252 13 695.0
1094 49.0 53.61538461538461 59.0 3.452980874994376 13 697.0
1095 49.0 53.84615384615385 59.0 3.105000103224739 13 700.0
1096 49.0 53.38461538461539 58.0 2.987151975222708 13 694.0
1097 48.0 53.61538461538461 59.0 3.2796966714027467 13 697.0
1098 48.0 53.92307692307692 61.0 3.796084352363157 13 701.0
1099 49.0 54.46153846153846 67.0 4.736654667156709 13 708.0
1100 48.0 53.53846153846154 62.0 3.5966508637755537 13 696.0
1101 49.0 54.0 63.0 3.6742346141747673 13 702.0
1102 48.0 54.15384615384615 64.0 3.8696716881873807 13 704.0
1103 49.0 54.46153846153846 64.0 3.710691413905334 13 708.0
1104 49.0 53.84615384615385 62.0 3.4843974573842234 13 700.0
1105 49.0 54.23076923076923 67.0 4.418782753840816 13 705.0
1106 49.0 54.0 61.0 3.2914029430219167 13 702.0
1107 49.0 54.46153846153846 71.0 5.636420031299191 13 708.0
1108 49.0 52.92307692307692 58.0 2.6913917855989946 13 688.0
1109 49.0 53.38461538461539 58.0 2.3992520201950973 13 694.0
1110 50.0 53.38461538461539 59.0 2.59930957302324 13 694.0
1111 49.0 54.07692307692308 59.0 2.5645512427953308 13 703.0
1112 50.0 54.07692307692308 58.0 2.3965787580611124 13 703.0
1113 49.0 55.0 70.0 5.196152422706632 13 715.0
1114 50.0 55.46153846153846 70.0 5.043401375648922 13 721.0
1115 50.0 55.23076923076923 69.0 4.850323806267064 13 718.0
1116 50.0 56.46153846153846 75.0 7.578647467450735 13 734.0
1117 48.0 55.15384615384615 70.0 5.225676253624243 13 717.0
1118 49.0 54.38461538461539 62.0 3.3798042728946482 13 707.0
1119 49.0 54.07692307692308 57.0 2.5968422639024005 13 703.0
1120 50.0 55.53846153846154 73.0 5.7823781816738204 13 722.0
1121 51.0 56.84615384615385 67.0 5.014082731769156 13 739.0
1122 46.0 55.38461538461539 70.0 5.424304280096843 13 720.0
1123 46.0 55.38461538461539 70.0 5.485411888795918 13 720.0
1124 47.0 54.69230769230769 69.0 5.10530141755632 13 711.0
1125 47.0 55.07692307692308 70.0 5.235480532888688 13 716.0
1126 47.0 56.84615384615385 79.0 8.483770327770488 13 739.0
1127 47.0 55.38461538461539 70.0 5.1565243710995485 13 720.0
1128 46.0 55.92307692307692 70.0 6.29101923991042 13 727.0
1129 47.0 55.38461538461539 70.0 5.299975810297967 13 720.0
1130 47.0 57.0 71.0 5.972157622389639 13 741.0
1131 48.0 56.23076923076923 71.0 5.150304944917439 13 731.0
1132 47.0 55.07692307692308 70.0 5.1875096539916346 13 716.0
1133 48.0 57.0 70.0 5.49241901776136 13 741.0
1134 47.0 56.07692307692308 71.0 5.28301584421781 13 729.0
1135 47.0 56.15384615384615 71.0 5.24159889483724 13 730.0
1136 48.0 55.84615384615385 71.0 5.161494516225473 13 726.0
1137 47.0 56.0 71.0 5.32290647422377 13 728.0
1138 48.0 56.07692307692308 70.0 5.155281086121597 13 729.0
1139 49.0 56.46153846153846 71.0 5.173898991015458 13 734.0
1140 50.0 56.0 71.0 5.0 13 728.0
1141 48.0 56.07692307692308 71.0 5.219539227133919 13 729.0
1142 48.0 57.76923076923077 74.0 7.084652969080962 13 751.0
1143 48.0 56.92307692307692 75.0 6.143581182306436 13 740.0
1144 48.0 56.30769230769231 76.0 6.5113313460025894 13 732.0
1145 48.0 56.69230769230769 76.0 6.395110311592434 13 737.0
1146 48.0 57.23076923076923 77.0 6.796492307970905 13 744.0
1147 48.0 57.15384615384615 77.0 6.914310689265584 13 743.0
1148 50.0 56.46153846153846 77.0 6.752967059194359 13 734.0
1149 50.0 56.53846153846154 76.0 6.385078759829888 13 735.0
1150 50.0 56.92307692307692 76.0 6.29101923991042 13 740.0
1151 50.0 58.07692307692308 76.0 7.064719131731736 13 755.0
1152 51.0 57.07692307692308 77.0 6.563301233138936 13 742.0
1153 50.0 56.92307692307692 77.0 6.43508014015804 13 740.0
1154 51.0 57.23076923076923 77.0 6.5211686855686395 13 744.0
1155 50.0 57.53846153846154 77.0 6.590591584668059 13 748.0
1156 51.0 56.76923076923077 77.0 6.4698511852263145 13 738.0
1157 51.0 57.15384615384615 77.0 6.517235531600724 13 743.0
1158 51.0 59.38461538461539 78.0 9.041925141053218 13 772.0
1159 51.0 57.46153846153846 78.0 6.728241283517616 13 747.0
1160 51.0 57.07692307692308 77.0 6.53785819237384 13 742.0
1161 51.0 58.38461538461539 77.0 7.263360810011457 13 759.0
1162 51.0 57.92307692307692 78.0 6.861262498762388 13 753.0
1163 52.0 57.84615384615385 78.0 6.755814210073101 13 752.0
1164 51.0 58.23076923076923 77.0 6.881785695513509 13 757.0
1165 51.0 58.76923076923077 78.0 6.977987366877908 13 764.0
1166 52.0 57.84615384615385 78.0 6.656402354702748 13 752.0
1167 52.0 58.07692307692308 79.0 6.921723514433123 13 755.0
1168 51.0 57.38461538461539 78.0 6.801206529463008 13 746.0
1169 51.0 58.84615384615385 78.0 7.243918758128018 13 765.0
1170 51.0 58.53846153846154 78.0 6.628415906979392 13 761.0
1171 52.0 58.61538461538461 78.0 6.538838601495702 13 762.0
1172 52.0 58.15384615384615 78.0 6.5808580221497195 13 756.0
1173 52.0 58.69230769230769 78.0 6.688106550494633 13 763.0
1174 52.0 58.46153846153846 79.0 6.740615508682976 13 760.0
1175 52.0 59.69230769230769 79.0 8.097166329284743 13 776.0
1176 51.0 58.0 79.0 6.988085097745543 13 754.0
1177 53.0 58.46153846153846 79.0 6.899461145811615 13 760.0
1178 52.0 60.76923076923077 89.0 10.7947043046876 13 790.0
1179 53.0 60.92307692307692 79.0 7.620821679905855 13 792.0
1180 52.0 58.61538461538461 79.0 6.788942744621109 13 762.0
1181 52.0 59.07692307692308 80.0 7.017377697088118 13 768.0
1182 52.0 59.84615384615385 79.0 7.116250813527137 13 778.0
1183 53.0 60.46153846153846 79.0 7.8910855254033825 13 786.0
1184 53.0 58.92307692307692 80.0 6.921723514433121 13 766.0
1185 53.0 59.07692307692308 80.0 6.957747940983232 13 768.0
1186 53.0 59.23076923076923 80.0 7.072880673787804 13 770.0
1187 53.0 59.38461538461539 79.0 6.886441528327743 13 772.0
1188 52.0 59.30769230769231 80.0 7.352829561747134 13 771.0
1189 52.0 59.30769230769231 80.0 6.908745850787189 13 771.0
1190 52.0 59.07692307692308 80.0 6.993586805799754 13 768.0
1191 52.0 59.69230769230769 80.0 7.0638117116352905 13 776.0
1192 52.0 59.0 80.0 6.940220937885671 13 767.0
1193 53.0 59.53846153846154 79.0 7.019204425661841 13 774.0
1194 53.0 59.69230769230769 80.0 7.169200506153799 13 776.0
1195 53.0 59.84615384615385 80.0 7.243918758128018 13 778.0
1196 53.0 59.0 80.0 7.106335201775948 13 767.0
1197 53.0 59.61538461538461 80.0 6.958669191955955 13 775.0
1198 53.0 59.92307692307692 80.0 7.227972727092276 13 779.0
1199 53.0 59.76923076923077 80.0 7.096405735227825 13 777.0
1200 54.0 63.92307692307692 115.0 16.80506639112909 13 831.0
1201 53.0 60.76923076923077 79.0 7.350213672107841 13 790.0
1202 52.0 59.84615384615385 80.0 7.127951480453014 13 778.0
1203 53.0 60.61538461538461 81.0 7.147708974891438 13 788.0
1204 53.0 59.30769230769231 80.0 7.48759658128712 13 771.0
1205 54.0 61.61538461538461 80.0 7.377199802301475 13 801.0
1206 52.0 60.61538461538461 80.0 6.9945033364118805 13 788.0
1207 54.0 62.23076923076923 81.0 8.555250299804658 13 809.0
1208 52.0 59.92307692307692 81.0 7.146812091899651 13 779.0
1209 54.0 62.07692307692308 81.0 8.230649412020277 13 807.0
1210 52.0 60.84615384615385 81.0 7.43691416568003 13 791.0
1211 54.0 61.30769230769231 81.0 6.750118707408229 13 797.0
1212 53.0 60.0 81.0 7.094598884597588 13 780.0
1213 53.0 61.15384615384615 81.0 8.345119869781719 13 795.0
1214 53.0 61.61538461538461 82.0 8.655811742585263 13 801.0
1215 54.0 61.92307692307692 81.0 7.889460675077209 13 805.0
1216 53.0 61.30769230769231 82.0 9.068118285000986 13 797.0
1217 54.0 62.46153846153846 81.0 9.03341375685649 13 812.0
1218 53.0 62.07692307692308 82.0 9.160254167339268 13 807.0
1219 54.0 62.38461538461539 82.0 8.201000564346417 13 811.0
1220 54.0 61.46153846153846 81.0 8.130348338328691 13 799.0
1221 54.0 61.53846153846154 81.0 8.818686453731688 13 800.0
1222 54.0 63.84615384615385 113.0 16.272912840290527 13 830.0
1223 54.0 61.15384615384615 81.0 7.93563853601958 13 795.0
1224 54.0 61.30769230769231 82.0 7.8674923512791475 13 797.0
1225 55.0 61.30769230769231 81.0 7.652718638765087 13 797.0
1226 55.0 61.84615384615385 81.0 8.234542628931633 13 804.0
1227 54.0 62.76923076923077 82.0 8.156325215784436 13 816.0
1228 54.0 61.92307692307692 82.0 7.554927072905673 13 805.0
1229 55.0 62.30769230769231 83.0 8.439832298734922 13 810.0
1230 55.0 61.61538461538461 82.0 8.00560700944929 13 801.0
1231 55.0 61.61538461538461 82.0 8.047136773810314 13 801.0
1232 55.0 62.61538461538461 82.0 8.332051183416779 13 814.0
1233 55.0 61.23076923076923 83.0 8.227533512074423 13 796.0
1234 55.0 61.69230769230769 83.0 8.300447933541653 13 802.0
1235 55.0 61.84615384615385 82.0 8.394900772156808 13 804.0
1236 55.0 61.53846153846154 82.0 7.880518009786166 13 800.0
1237 55.0 63.0 93.0 11.254628677422755 13 819.0
1238 55.0 61.23076923076923 82.0 7.704477552629664 13 796.0
1239 55.0 63.0 83.0 7.979139469057215 13 819.0
1240 55.0 63.30769230769231 101.0 12.126998910039637 13 823.0
1241 55.0 60.23076923076923 75.0 4.985877491372443 13 783.0
1242 56.0 60.92307692307692 75.0 5.090211823711898 13 792.0
1243 55.0 60.92307692307692 75.0 5.235480532888687 13 792.0
1244 56.0 60.38461538461539 75.0 4.941970955304869 13 785.0
1245 55.0 60.46153846153846 75.0 5.02685097941353 13 786.0
1246 56.0 60.46153846153846 74.0 4.629891730472478 13 786.0
1247 55.0 63.69230769230769 95.0 11.145885753531175 13 828.0
1248 55.0 60.38461538461539 71.0 4.052539564652876 13 785.0
1249 57.0 62.30769230769231 82.0 7.134243891081654 13 810.0
1250 52.0 61.46153846153846 73.0 5.868210752511999 13 799.0
1251 52.0 61.0 71.0 4.58257569495584 13 793.0
1252 52.0 60.53846153846154 72.0 4.4835883065424404 13 787.0
1253 53.0 60.53846153846154 71.0 4.115324706010139 13 787.0
1254 52.0 60.53846153846154 72.0 4.389673196176541 13 787.0
1255 53.0 61.0 73.0 4.69041575982343 13 793.0
1256 53.0 61.38461538461539 72.0 4.7353011438637065 13 798.0
1257 52.0 60.46153846153846 71.0 4.254710813035841 13 786.0
1258 52.0 61.15384615384615 74.0 5.145323991194235 13 795.0
1259 53.0 61.46153846153846 71.0 4.332347027793453 13 799.0
1260 53.0 61.07692307692308 71.0 4.0509574683346665 13 794.0
1261 53.0 60.92307692307692 72.0 4.2712515430011555 13 792.0
1262 52.0 61.07692307692308 72.0 4.34859246311452 13 794.0
1263 53.0 60.92307692307692 72.0 4.405707254261955 13 792.0
1264 53.0 61.07692307692308 72.0 4.572773382779472 13 794.0
1265 55.0 61.07692307692308 71.0 3.925589944232129 13 794.0
1266 55.0 62.69230769230769 83.0 7.122553561102172 13 815.0
1267 53.0 62.53846153846154 77.0 6.539818863640702 13 813.0
1268 53.0 61.76923076923077 72.0 4.657500154837108 13 803.0
1269 53.0 61.69230769230769 71.0 4.497862740321144 13 802.0
1270 53.0 63.0 78.0 6.454972243679028 13 819.0
1271 53.0 64.0 74.0 5.958187643906492 13 832.0
1272 53.0 62.38461538461539 73.0 5.346937776872253 13 811.0
1273 55.0 63.15384615384615 75.0 5.336137083542642 13 821.0
1274 56.0 63.46153846153846 76.0 5.591889731497821 13 825.0
1275 56.0 62.92307692307692 72.0 4.367713712793351 13 818.0
1276 55.0 62.53846153846154 76.0 5.269651864139678 13 813.0
1277 56.0 62.69230769230769 75.0 5.0064061525312304 13 815.0
1278 56.0 62.46153846153846 73.0 4.427478300631648 13 812.0
1279 57.0 67.3076923076923 115.0 15.068646341463541 13 875.0
1280 56.0 61.92307692307692 68.0 3.593084525899219 13 805.0
1281 56.0 63.07692307692308 80.0 6.006406835781529 13 820.0
1282 56.0 62.46153846153846 69.0 3.777463536452837 13 812.0
1283 56.0 62.15384615384615 69.0 3.738229390280775 13 808.0
1284 56.0 62.15384615384615 69.0 4.239617786352795 13 808.0
1285 57.0 62.84615384615385 69.0 3.7604555097787875 13 817.0
1286 57.0 63.92307692307692 77.0 5.235480532888687 13 831.0
1287 57.0 63.23076923076923 69.0 3.9190527374576574 13 822.0
1288 57.0 62.84615384615385 69.0 3.8480764425479266 13 817.0
1289 57.0 64.3076923076923 79.0 5.5585462035891995 13 836.0
1290 57.0 63.38461538461539 69.0 3.6409353546046725 13 824.0
1291 57.0 63.38461538461539 70.0 3.500915631147122 13 824.0
1292 58.0 62.92307692307692 68.0 3.0946604138294522 13 818.0
1293 57.0 62.92307692307692 69.0 3.2522181779399544 13 818.0
1294 58.0 62.69230769230769 68.0 2.5943726083138543 13 815.0
1295 57.0 63.15384615384615 72.0 4.298180891302619 13 821.0
1296 58.0 62.38461538461539 68.0 3.1764356737928114 13 811.0
1297 57.0 62.84615384615385 67.0 2.911075226502911 13 817.0
1298 58.0 63.30769230769231 69.0 3.224505527586501 13 823.0
