##ver, min, mean, max, stddev, count, total
0 0.0 3.5510204081632635 88.0 12.869636786654402 49 174.0
1 0.0 0.8979591836734698 34.0 4.874443976663656 49 44.0
2 0.0 1.0 34.0 4.864839839775475 49 49.0
3 0.0 0.8775510204081637 31.0 4.4423748015617734 49 43.0
4 0.0 0.9387755102040819 30.0 4.298295026641892 49 46.0
5 0.0 0.8979591836734698 27.0 3.86891941179524 49 44.0
6 0.0 0.8775510204081636 29.0 4.176485030606999 49 43.0
7 0.0 0.8571428571428569 24.0 3.4520525295346576 49 42.0
8 0.0 1.326530612244898 42.0 5.973510117950061 49 65.0
9 0.0 0.959183673469388 29.0 4.1681289950921485 49 47.0
10 0.0 1.1428571428571432 30.0 4.272001872658768 49 56.0
11 0.0 1.0 24.0 3.452052529534663 49 49.0
12 0.0 1.1632653061224496 31.0 4.412798331631106 49 57.0
13 0.0 1.2040816326530615 31.0 4.420499556218799 49 59.0
14 0.0 1.3265306122448977 33.0 4.67879861316824 49 65.0
15 0.0 1.387755102040816 36.0 5.110513373309522 49 68.0
16 0.0 1.79591836734694 32.0 5.653094992408779 49 88.0
17 0.0 1.387755102040816 35.0 4.948974331998042 49 68.0
18 0.0 1.3673469387755095 28.0 3.96701964930339 49 67.0
19 0.0 1.2857142857142863 33.0 4.677071733467427 49 63.0
20 0.0 1.489795918367347 37.0 5.236579867383184 49 73.0
21 0.0 1.4693877551020411 20.0 3.3917918126972713 49 72.0
22 0.0 1.6326530612244907 35.0 4.918900103813095 49 80.0
23 0.0 1.6734693877551021 36.0 5.059593837050393 49 82.0
24 0.0 1.5306122448979589 35.0 4.924860576775773 49 75.0
25 0.0 1.4897959183673468 37.0 5.22861696571374 49 73.0
26 0.0 1.4693877551020411 31.0 4.354605037659966 49 72.0
27 0.0 1.6530612244897955 34.0 4.772102176575171 49 81.0
28 0.0 1.714285714285714 33.0 4.6097722286464435 49 84.0
29 0.0 1.7755102040816322 39.0 5.474430358959917 49 87.0
30 0.0 1.755102040816327 27.0 3.960905895146224 49 86.0
31 0.0 1.6122448979591841 30.0 4.192335896860942 49 79.0
32 1.0 1.979591836734694 43.0 6.012105135746158 49 97.0
33 0.0 1.8367346938775504 35.0 4.879151816553728 49 90.0
34 1.0 1.9183673469387754 39.0 5.442260309734506 49 94.0
35 1.0 1.7755102040816322 32.0 4.450024841327902 49 87.0
36 0.0 2.0204081632653064 42.0 5.868311071333214 49 99.0
37 1.0 2.183673469387754 45.0 6.280503792782587 49 107.0
38 1.0 2.16326530612245 43.0 6.008143566497581 49 106.0
39 1.0 1.9795918367346939 36.0 5.006203634485118 49 97.0
40 1.0 1.9591836734693882 30.0 4.148087830924173 49 96.0
41 1.0 2.0816326530612246 40.0 5.570894357782985 49 102.0
42 1.0 2.1224489795918364 36.0 5.006798099672523 49 104.0
43 1.0 1.959183673469388 29.0 4.025746223131957 49 96.0
44 1.0 2.0612244897959178 34.0 4.709954720524149 49 101.0
45 1.0 2.224489795918368 37.0 5.124554070528353 49 109.0
46 1.0 2.1632653061224496 26.0 3.771311325738871 49 106.0
47 1.0 2.244897959183673 38.0 5.281771373652726 49 110.0
48 1.0 2.591836734693877 48.0 6.717261245437441 49 127.0
49 1.0 2.3673469387755093 38.0 5.258698656951723 49 116.0
50 1.0 2.2857142857142865 31.0 4.262237284181472 49 112.0
51 1.0 2.204081632653061 27.0 3.7079845819344963 49 108.0
52 1.0 2.326530612244898 37.0 5.120985236838553 49 114.0
53 1.0 2.387755102040816 27.0 3.746199888612752 49 117.0
54 1.0 2.7142857142857135 52.0 7.231297716638878 49 133.0
55 1.0 3.020408163265305 65.0 9.07489622511457 49 148.0
56 1.0 2.6530612244897953 44.0 6.098329759068472 49 130.0
57 1.0 2.510204081632653 37.0 5.087248965876968 49 123.0
58 1.0 2.775510204081632 45.0 6.209083755952673 49 136.0
59 1.0 2.6530612244897953 38.0 5.230324322353902 49 130.0
60 1.0 2.6530612244897953 36.0 4.914057303661962 49 130.0
61 1.0 2.591836734693877 32.0 4.368058146681326 49 127.0
62 1.0 2.673469387755102 39.0 5.355634708347056 49 131.0
63 1.0 2.73469387755102 40.0 5.4839747986142955 49 134.0
64 1.0 2.8979591836734686 40.0 5.470545745014775 49 142.0
65 1.0 2.83673469387755 38.0 5.173437520866845 49 139.0
66 1.0 3.0 42.0 5.730037812557028 49 147.0
67 1.0 2.9183673469387754 39.0 5.322267431484898 49 143.0
68 1.0 2.979591836734694 41.0 5.599441177171046 49 146.0
69 1.0 2.7959183673469385 36.0 4.9031435147801385 49 137.0
70 1.0 3.0 40.0 5.454356057317857 49 147.0
71 2.0 3.0408163265306123 37.0 5.016469474281154 49 149.0
72 2.0 2.8775510204081636 37.0 5.015113213499538 49 141.0
73 2.0 3.0408163265306123 41.0 5.590017828211996 49 149.0
74 2.0 3.142857142857143 37.0 5.004164932000804 49 154.0
75 2.0 3.183673469387754 43.0 5.865412280862257 49 156.0
76 2.0 3.1224489795918364 37.0 5.006798099672523 49 153.0
77 2.0 3.0 34.0 4.591659104651971 49 147.0
78 2.0 3.204081632653061 34.0 4.596101571969872 49 157.0
79 2.0 2.959183673469388 31.0 4.1681289950921485 49 145.0
80 2.0 3.204081632653061 34.0 4.568823662592367 49 157.0
81 2.0 3.0204081632653064 28.0 3.7665733538498873 49 148.0
82 2.0 3.3469387755102047 35.0 4.688421111313148 49 164.0
83 2.0 3.2653061224489797 34.0 4.586099968946392 49 160.0
84 2.0 3.4285714285714284 39.0 5.248015497944594 49 168.0
85 2.0 3.1224489795918364 29.0 3.8924748610900095 49 153.0
86 2.0 3.2244897959183674 28.0 3.7095895220049178 49 158.0
87 2.0 3.428571428571429 36.0 4.839077046985988 49 168.0
88 2.0 3.3469387755102047 30.0 3.9872244962722454 49 164.0
89 2.0 3.6122448979591835 41.0 5.5295280333956995 49 177.0
90 2.0 3.5510204081632657 36.0 4.822089901734327 49 174.0
91 2.0 3.5306122448979593 35.0 4.65520336476796 49 173.0
92 2.0 3.510204081632653 36.0 4.830986997928024 49 172.0
93 2.0 3.408163265306123 26.0 3.409046588044199 49 167.0
94 2.0 3.5102040816326525 35.0 4.677617132773512 49 172.0
95 2.0 3.4897959183673475 31.0 4.1237242925317315 49 171.0
96 2.0 3.612244897959184 30.0 3.936031877256015 49 177.0
97 2.0 3.8775510204081636 47.0 6.3529279767325395 49 190.0
98 2.0 3.6938775510204085 34.0 4.519421430673091 49 181.0
99 2.0 3.795918367346938 43.0 5.780641515137446 49 186.0
100 2.0 3.816326530612246 39.0 5.218849926738944 49 187.0
101 2.0 3.6734693877551026 26.0 3.399679856876483 49 180.0
102 2.0 3.6938775510204085 31.0 4.073307836966643 49 181.0
103 2.0 4.632653061224491 47.0 7.780032876834513 49 227.0
104 2.0 4.142857142857143 43.0 5.751811308912462 49 203.0
105 2.0 3.8367346938775504 36.0 4.758093713065441 49 188.0
106 2.0 4.653061224489795 34.0 6.09832975906847 49 228.0
107 2.0 4.693877551020409 41.0 6.62131684294702 49 230.0
108 3.0 4.183673469387754 42.0 5.592679252781245 49 205.0
109 2.0 4.122448979591836 41.0 5.47202222317165 49 202.0
110 3.0 4.040816326530613 35.0 4.5914739085680525 49 198.0
111 3.0 4.16326530612245 38.0 5.022229496513102 49 204.0
112 3.0 3.959183673469388 30.0 3.888868642642469 49 194.0
113 3.0 4.224489795918368 41.0 5.424732351778784 49 207.0
114 3.0 4.183673469387754 29.0 3.745405348488973 49 205.0
115 3.0 4.306122448979591 46.0 6.151571891370034 49 211.0
116 3.0 4.775510204081632 42.0 6.104183354206254 49 234.0
117 3.0 4.204081632653061 30.0 3.8836172562698907 49 206.0
118 3.0 4.367346938775509 37.0 4.824822438662987 49 214.0
119 3.0 4.163265306122449 27.0 3.4601718332542792 49 204.0
120 3.0 4.5102040816326525 41.0 5.404945455242777 49 221.0
121 3.0 4.346938775510204 35.0 4.571428571428572 49 213.0
122 3.0 4.428571428571428 39.0 5.131601439446881 49 217.0
123 3.0 4.551020408163266 33.0 4.257646183093209 49 223.0
124 3.0 4.408163265306122 35.0 4.559415017973518 49 216.0
125 3.0 4.591836734693878 36.0 4.703360356113042 49 225.0
126 3.0 4.673469387755102 39.0 5.08423935273688 49 229.0
127 3.0 5.530612244897959 42.0 7.563900120573615 49 271.0
128 3.0 4.612244897959184 29.0 3.667516908223989 49 226.0
129 3.0 4.673469387755102 43.0 5.683997108483753 49 229.0
130 3.0 4.877551020408164 41.0 5.348803032226088 49 239.0
131 3.0 4.918367346938775 37.0 4.7907755752325585 49 241.0
132 3.0 4.755102040816327 30.0 3.816251499862674 49 233.0
133 3.0 4.83673469387755 44.0 5.774754463667371 49 237.0
134 3.0 5.0 40.0 5.204164998665331 49 245.0
135 3.0 4.73469387755102 30.0 3.8066581483636597 49 232.0
136 3.0 4.816326530612246 33.0 4.236121798432675 49 236.0
137 3.0 5.020408163265307 39.0 5.064129556327061 49 246.0
138 3.0 5.142857142857143 43.0 5.608772890154609 49 252.0
139 3.0 4.775510204081632 27.0 3.392794485636984 49 234.0
140 3.0 5.061224489795919 31.0 3.9126299939283453 49 248.0
141 3.0 5.040816326530613 40.0 5.1919777207785955 49 247.0
142 4.0 5.204081632653062 43.0 5.597542585206229 49 255.0
143 4.0 5.7142857142857135 40.0 6.347571714180684 49 280.0
144 4.0 5.0816326530612255 32.0 4.045762879718924 49 249.0
145 3.0 5.326530612244898 35.0 4.543253950923833 49 261.0
146 4.0 5.346938775510204 33.0 4.161084696367059 49 262.0
147 4.0 5.2857142857142865 39.0 5.024937810560449 49 259.0
148 4.0 5.408163265306122 36.0 4.582204561066188 49 265.0
149 4.0 6.306122448979591 51.0 8.142491637577972 49 309.0
150 4.0 5.959183673469386 34.0 5.926491316093183 49 292.0
151 4.0 5.510204081632653 42.0 5.43185990622147 49 270.0
152 4.0 5.469387755102041 38.0 4.869556964859695 49 268.0
153 4.0 5.612244897959184 45.0 5.826721228281726 49 275.0
154 4.0 5.387755102040816 28.0 3.4690075822116895 49 264.0
155 4.0 5.4897959183673475 36.0 4.578584429072993 49 269.0
156 4.0 5.938775510204081 34.0 5.281288365798738 49 291.0
157 4.0 5.7142857142857135 41.0 5.267826876426376 49 280.0
158 4.0 6.5102040816326525 47.0 7.541889818925781 49 319.0
159 4.0 6.448979591836735 43.0 7.393863515583368 49 316.0
160 4.0 12.79591836734694 345.0 48.72712266277582 49 627.0
161 4.0 6.83673469387755 46.0 8.242033878174704 49 335.0
162 4.0 6.0 42.0 5.361902647381804 49 294.0
163 4.0 5.959183673469386 41.0 5.227966397468648 49 292.0
164 4.0 6.040816326530613 40.0 5.0783822213766685 49 296.0
165 4.0 5.979591836734694 43.0 5.550862530267887 49 293.0
166 4.0 5.959183673469387 36.0 4.518292375045528 49 292.0
167 4.0 5.857142857142857 32.0 3.9999999999999964 49 287.0
168 4.0 6.204081632653062 40.0 5.074361995351132 49 304.0
169 4.0 6.0 33.0 4.153311931459037 49 294.0
170 4.0 6.73469387755102 40.0 6.194000828099994 49 330.0
171 4.0 6.979591836734694 48.0 7.838180581610251 49 342.0
172 4.0 6.26530612244898 41.0 5.203266242643817 49 307.0
173 5.0 6.469387755102041 49.0 6.305097279240046 49 317.0
174 5.0 6.489795918367347 40.0 5.095432795567965 49 318.0
175 5.0 6.224489795918368 33.0 4.07362096360253 49 305.0
176 5.0 7.244897959183673 49.0 7.554056890850377 49 355.0
177 5.0 6.26530612244898 31.0 3.779194745599928 49 307.0
178 5.0 6.4897959183673475 34.0 4.178927538753174 49 318.0
179 5.0 7.938775510204081 52.0 8.818560358852292 49 389.0
180 5.0 6.346938775510205 33.0 4.033975605240253 49 311.0
181 5.0 6.632653061224491 47.0 5.98850940534948 49 325.0
182 5.0 6.653061224489795 44.0 5.547338026808306 49 326.0
183 5.0 6.4897959183673475 42.0 5.295920005766976 49 318.0
184 5.0 6.73469387755102 43.0 5.461133544589137 49 330.0
185 5.0 6.571428571428572 37.0 4.60525062654937 49 322.0
186 5.0 6.816326530612246 40.0 4.965184913423644 49 334.0
187 5.0 6.673469387755102 38.0 4.705439029738356 49 327.0
188 5.0 6.5102040816326525 31.0 3.742339113551354 49 319.0
189 5.0 6.673469387755102 34.0 4.160267194454187 49 327.0
190 5.0 6.6938775510204085 34.0 4.119082025730233 49 328.0
191 5.0 6.857142857142857 36.0 4.401704215414748 49 336.0
192 5.0 6.857142857142857 34.0 4.143267631552014 49 336.0
193 5.0 7.530612244897959 44.0 7.003279115339254 49 369.0
194 5.0 6.959183673469387 36.0 4.387288378911043 49 341.0
195 5.0 6.877551020408164 33.0 3.998086276901866 49 337.0
196 5.0 6.877551020408164 37.0 4.585450964105677 49 337.0
197 5.0 6.938775510204081 34.0 4.1049165808886325 49 340.0
198 5.0 6.918367346938775 28.0 3.245745514604961 49 339.0
199 5.0 7.16326530612245 38.0 4.696394622365075 49 351.0
200 5.0 7.040816326530613 31.0 3.674003173614288 49 345.0
201 5.0 6.979591836734693 32.0 3.8378042545964575 49 342.0
202 5.0 7.061224489795919 30.0 3.537938213525084 49 346.0
203 5.0 8.102040816326532 44.0 7.179963143937393 49 397.0
204 5.0 8.183673469387756 46.0 7.392770875963206 49 401.0
205 5.0 7.408163265306122 42.0 5.187799659404978 49 363.0
206 6.0 8.142857142857144 46.0 7.402139330400825 49 399.0
207 6.0 7.367346938775509 34.0 4.050174263488654 49 361.0
208 6.0 7.551020408163265 41.0 5.012738874149358 49 370.0
209 6.0 7.571428571428572 43.0 5.330728530573151 49 371.0
210 6.0 7.755102040816327 39.0 4.697209332167781 49 380.0
211 6.0 7.530612244897959 32.0 3.7919983782539117 49 369.0
212 6.0 7.693877551020409 46.0 5.708926057910887 49 377.0
213 6.0 7.6938775510204085 38.0 4.578955856381876 49 377.0
214 6.0 7.775510204081632 41.0 5.009429883240411 49 381.0
215 6.0 7.612244897959184 35.0 4.172411006293867 49 373.0
216 6.0 8.020408163265305 46.0 5.6770363303927045 49 393.0
217 6.0 7.755102040816327 36.0 4.3134026216979535 49 380.0
218 6.0 8.102040816326532 44.0 5.393842546363955 49 397.0
219 6.0 8.0 44.0 5.373546315051169 49 392.0
220 6.0 8.204081632653061 45.0 5.63093979662341 49 402.0
221 6.0 8.142857142857144 45.0 5.5827114081480715 49 399.0
222 6.0 8.306122448979592 48.0 5.927352140826505 49 407.0
223 6.0 8.040816326530614 43.0 5.255787221694573 49 394.0
224 6.0 8.081632653061224 37.0 4.377198184407263 49 396.0
225 6.0 14.306122448979593 314.0 43.97783726001119 49 701.0
226 6.0 9.46938775510204 53.0 8.76332804175143 49 464.0
227 6.0 8.408163265306122 45.0 5.529912474243067 49 412.0
228 7.0 8.326530612244898 42.0 5.051351944042811 49 408.0
229 6.0 8.551020408163264 45.0 5.545498266198283 49 419.0
230 7.0 8.489795918367346 39.0 4.6418497075501035 49 416.0
231 7.0 8.46938775510204 40.0 4.787579593839344 49 415.0
232 7.0 8.591836734693878 50.0 6.15060419575095 49 421.0
233 7.0 9.0 41.0 6.106690320187087 49 441.0
234 7.0 8.877551020408163 51.0 6.277050306012983 49 435.0
235 7.0 8.877551020408163 51.0 6.290312171179133 49 435.0
236 7.0 8.816326530612244 45.0 5.403214588664458 49 432.0
237 7.0 8.612244897959183 39.0 4.599892781950706 49 422.0
238 7.0 8.857142857142856 46.0 5.541510022848767 49 434.0
239 7.0 9.224489795918368 44.0 6.151779234912616 49 452.0
240 7.0 8.877551020408163 39.0 4.657577397197428 49 435.0
241 7.0 8.897959183673468 46.0 5.56868064101656 49 436.0
242 7.0 9.16326530612245 41.0 4.823324142364155 49 449.0
243 7.0 9.081632653061225 51.0 6.247788724467103 49 445.0
244 7.0 9.040816326530614 44.0 5.247853464645771 49 443.0
245 7.0 8.938775510204081 42.0 4.99753340519645 49 438.0
246 7.0 9.122448979591837 40.0 4.693224962029595 49 447.0
247 7.0 9.795918367346939 43.0 6.855592582692177 49 480.0
248 7.0 9.183673469387756 42.0 4.990296707059592 49 450.0
249 7.0 9.16326530612245 41.0 4.823324142364155 49 449.0
250 7.0 10.020408163265305 42.0 6.808358208599093 49 491.0
251 7.0 9.26530612244898 37.0 4.261139862192991 49 454.0
252 7.0 9.46938775510204 45.0 5.370063783048908 49 464.0
253 7.0 10.795918367346935 90.0 12.174049572479863 49 529.0
254 7.0 9.571428571428573 43.0 5.06211418282914 49 469.0
255 8.0 9.795918367346937 57.0 7.008862222919201 49 480.0
256 8.0 9.653061224489797 43.0 5.043770995033392 49 473.0
257 7.0 9.612244897959183 42.0 4.995065592373027 49 471.0
258 8.0 10.0 51.0 6.1677926899877775 49 490.0
259 8.0 9.591836734693878 40.0 4.62294263856429 49 470.0
260 8.0 9.795918367346939 44.0 5.204083299986391 49 480.0
261 8.0 9.775510204081632 49.0 5.881699393466317 49 479.0
262 8.0 9.83673469387755 39.0 4.520079916216039 49 482.0
263 8.0 9.857142857142856 46.0 5.458174297937604 49 483.0
264 8.0 9.938775510204081 47.0 5.576767893328037 49 487.0
265 8.0 10.204081632653061 48.0 5.700802545244305 49 500.0
266 8.0 10.122448979591837 39.0 4.479735171958757 49 496.0
267 8.0 10.061224489795919 48.0 5.695056932936466 49 493.0
268 8.0 10.428571428571427 58.0 7.1063352017759485 49 511.0
269 8.0 10.244897959183673 44.0 5.141864983661477 49 502.0
270 8.0 11.061224489795919 43.0 6.780511790127238 49 542.0
271 8.0 10.408163265306122 45.0 5.349915760033586 49 510.0
272 8.0 10.63265306122449 47.0 5.506412464689922 49 521.0
273 8.0 10.571428571428573 45.0 5.311151789709391 49 518.0
274 8.0 11.306122448979592 43.0 5.7089260579108805 49 554.0
275 8.0 10.489795918367346 39.0 4.4820124245867135 49 514.0
276 8.0 10.53061224489796 39.0 4.439885700557349 49 516.0
277 8.0 10.571428571428573 42.0 4.81317635939788 49 518.0
278 8.0 11.428571428571429 51.0 7.185053931599957 49 560.0
279 8.0 11.163265306122451 42.0 5.927854230858997 49 547.0
280 8.0 10.63265306122449 38.0 4.30935937597371 49 521.0
281 8.0 10.714285714285714 37.0 4.133198922545748 49 525.0
282 9.0 10.918367346938775 40.0 4.5131139226604455 49 535.0
283 9.0 11.081632653061224 42.0 4.949060241996616 49 543.0
284 9.0 11.204081632653061 50.0 5.9230467660822415 49 549.0
285 9.0 11.183673469387756 46.0 5.356746017047708 49 548.0
286 9.0 11.775510204081632 45.0 6.151779234912614 49 577.0
287 9.0 11.571428571428573 50.0 5.951190357119038 49 567.0
288 9.0 11.326530612244898 45.0 5.253521656557473 49 555.0
289 9.0 11.306122448979592 38.0 4.3166541906157505 49 554.0
290 9.0 11.938775510204081 38.0 4.736419900028688 49 585.0
291 9.0 11.387755102040817 40.0 4.577191308227006 49 558.0
292 9.0 11.428571428571429 40.0 4.5414755311462365 49 560.0
293 9.0 11.551020408163264 46.0 5.334874352198138 49 566.0
294 9.0 11.653061224489797 42.0 4.745835983646451 49 571.0
295 9.0 11.408163265306122 34.0 3.8129077232634994 49 559.0
296 9.0 11.693877551020408 47.0 5.4703903030795935 49 573.0
297 9.0 11.918367346938775 47.0 5.499381536037625 49 584.0
298 10.0 12.122448979591837 51.0 5.9638936284011965 49 594.0
299 9.0 11.693877551020408 38.0 4.253449980274117 49 573.0
300 9.0 12.0 45.0 5.172040216394301 49 588.0
301 9.0 12.489795918367346 50.0 6.452139338298286 49 612.0
302 9.0 12.755102040816327 47.0 7.166271148712607 49 625.0
303 9.0 11.979591836734695 46.0 5.289493500950602 49 587.0
304 9.0 11.877551020408163 41.0 4.621654885163001 49 582.0
305 10.0 12.83673469387755 51.0 7.298250186333221 49 629.0
306 10.0 14.122448979591837 130.0 16.98606371541735 49 692.0
307 10.0 12.795918367346939 49.0 7.320005668932045 49 627.0
308 10.0 12.714285714285714 45.0 6.8313005106397275 49 623.0
309 10.0 12.081632653061225 43.0 4.803803764960108 49 592.0
310 10.0 12.244897959183673 41.0 4.71933351687899 49 600.0
311 10.0 12.326530612244898 54.0 6.299430381332246 49 604.0
312 10.0 12.224489795918368 46.0 5.185176411827156 49 599.0
313 10.0 12.183673469387756 40.0 4.404890603010454 49 597.0
314 10.0 12.326530612244898 41.0 4.487889978885961 49 604.0
315 10.0 12.326530612244898 42.0 4.740726716012892 49 604.0
316 10.0 12.489795918367346 47.0 5.315552844325436 49 612.0
317 10.0 12.551020408163264 48.0 5.454589903962365 49 615.0
318 11.0 12.428571428571429 33.0 3.3726843908080095 49 609.0
319 10.0 12.408163265306122 43.0 4.743057941819366 49 608.0
320 10.0 13.183673469387756 43.0 5.847625833717174 49 646.0
321 10.0 12.959183673469386 46.0 5.784170869974472 49 635.0
322 10.0 13.122448979591837 47.0 5.379872415855639 49 643.0
323 10.0 13.938775510204081 52.0 7.938325188773823 49 683.0
324 10.0 12.979591836734695 54.0 6.233276946887461 49 636.0
325 10.0 13.224489795918368 43.0 5.778066668165809 49 648.0
326 11.0 12.918367346938776 38.0 4.030285012119063 49 633.0
327 11.0 12.857142857142858 43.0 4.774061862467499 49 630.0
328 11.0 13.489795918367346 50.0 6.452139338298285 49 661.0
329 11.0 13.020408163265305 49.0 5.543351107101071 49 638.0
330 11.0 13.020408163265305 43.0 4.661409818563334 49 638.0
331 11.0 13.612244897959183 50.0 6.2377090029466915 49 667.0
332 11.0 13.224489795918368 54.0 6.16193052176849 49 648.0
333 11.0 13.081632653061224 44.0 4.803803764960106 49 641.0
334 11.0 13.53061224489796 50.0 5.660911443164154 49 663.0
335 11.0 13.081632653061224 42.0 4.53613608837355 49 641.0
336 11.0 13.26530612244898 44.0 4.768715367738297 49 650.0
337 11.0 13.489795918367346 51.0 5.697669293153961 49 661.0
338 11.0 13.89795918367347 43.0 4.687060637005454 49 681.0
339 11.0 13.653061224489797 56.0 6.476081056498609 49 669.0
340 11.0 14.081632653061225 45.0 5.901400733067103 49 690.0
341 11.0 14.408163265306122 55.0 7.316984714082871 49 706.0
342 11.0 13.775510204081632 49.0 5.436241448688182 49 675.0
343 11.0 13.571428571428571 39.0 4.222953153106643 49 665.0
344 11.0 14.224489795918368 47.0 5.997448437052384 49 697.0
345 11.0 13.897959183673468 49.0 5.519831285009167 49 681.0
346 11.0 13.816326530612244 42.0 4.456612453178216 49 677.0
347 12.0 13.714285714285714 41.0 4.262237284181474 49 672.0
348 12.0 14.081632653061225 50.0 5.49938153603763 49 690.0
349 12.0 13.89795918367347 43.0 4.556336695376305 49 681.0
350 11.0 14.26530612244898 43.0 5.239177377397786 49 699.0
351 11.0 13.938775510204081 43.0 4.524968523211452 49 683.0
352 12.0 14.326530612244898 43.0 4.827817636287819 49 702.0
353 12.0 14.122448979591837 47.0 5.064717222532537 49 692.0
354 12.0 14.46938775510204 47.0 5.00875084567136 49 709.0
355 12.0 14.224489795918368 47.0 5.161012925944745 49 697.0
356 12.0 14.877551020408163 52.0 6.700847748174683 49 729.0
357 12.0 14.224489795918368 47.0 5.075534890212927 49 697.0
358 12.0 14.551020408163264 49.0 5.268069003003679 49 713.0
359 12.0 14.142857142857142 44.0 4.725815626252608 49 693.0
360 12.0 14.53061224489796 48.0 5.140128244251 49 712.0
361 12.0 15.346938775510203 41.0 6.352660270863444 49 752.0
362 12.0 14.755102040816327 51.0 5.5435045031884576 49 723.0
363 12.0 14.591836734693878 47.0 5.020451371419622 49 715.0
364 12.0 14.73469387755102 51.0 5.570665393395125 49 722.0
365 12.0 14.673469387755102 50.0 5.425202588775069 49 719.0
366 12.0 14.714285714285714 47.0 4.970747764002249 49 721.0
367 12.0 14.83673469387755 47.0 5.425045847638487 49 727.0
368 12.0 14.816326530612244 48.0 5.08950500780673 49 726.0
369 12.0 14.959183673469386 46.0 4.957986754022367 49 733.0
370 12.0 15.224489795918368 51.0 5.5161328019215965 49 746.0
371 12.0 14.918367346938775 48.0 5.122811462362395 49 731.0
372 12.0 15.938775510204081 63.0 8.651609106753167 49 781.0
373 12.0 15.122448979591837 54.0 5.921826340824625 49 741.0
374 12.0 15.16326530612245 53.0 5.803543955978929 49 743.0
375 12.0 15.204081632653061 51.0 5.708106778363321 49 745.0
376 13.0 15.0 44.0 4.51848057057532 49 735.0
377 13.0 15.244897959183673 57.0 6.32630293643431 49 747.0
378 13.0 15.244897959183673 45.0 4.666059241323178 49 747.0
379 13.0 15.122448979591837 46.0 4.759344549853236 49 741.0
380 13.0 15.244897959183673 45.0 4.6481654635856895 49 747.0
381 13.0 15.326530612244898 54.0 5.878590233147035 49 751.0
382 13.0 16.26530612244898 54.0 7.333642541409424 49 797.0
383 13.0 15.285714285714286 49.0 5.196152422706633 49 749.0
384 13.0 15.612244897959183 49.0 5.159200222784103 49 765.0
385 13.0 15.73469387755102 49.0 5.353252555705742 49 771.0
386 13.0 15.959183673469386 56.0 6.072338867333403 49 782.0
387 13.0 15.612244897959183 47.0 4.859768198049734 49 765.0
388 13.0 15.489795918367346 44.0 4.4773618021646415 49 759.0
389 13.0 16.755102040816325 61.0 9.164084361073435 49 821.0
390 13.0 16.3265306122449 55.0 6.417384446116011 49 800.0
391 13.0 15.673469387755102 48.0 4.997448328489087 49 768.0
392 13.0 15.938775510204081 54.0 5.7893874289704526 49 781.0
393 13.0 16.0 56.0 6.072478900745559 49 784.0
394 13.0 16.102040816326532 44.0 4.655842646428176 49 789.0
395 13.0 15.795918367346939 48.0 4.979037690812412 49 774.0
396 13.0 15.979591836734695 51.0 5.3947883643937935 49 783.0
397 13.0 16.20408163265306 51.0 5.590093886498146 49 794.0
398 14.0 16.3265306122449 57.0 6.202780811532707 49 800.0
399 13.0 16.755102040816325 47.0 6.1797067495314115 49 821.0
400 13.0 16.285714285714285 51.0 5.346338310781814 49 798.0
401 13.0 16.551020408163264 61.0 6.739378138009089 49 811.0
402 14.0 16.89795918367347 54.0 5.838967153098737 49 828.0
403 14.0 16.551020408163264 46.0 4.7917516999257685 49 811.0
404 14.0 16.693877551020407 44.0 4.610694459770736 49 818.0
405 14.0 16.79591836734694 61.0 6.80679682326403 49 823.0
406 14.0 16.89795918367347 58.0 6.351656273364133 49 828.0
407 14.0 16.73469387755102 57.0 6.2509182998849635 49 820.0
408 14.0 17.02040816326531 67.0 7.506912913881354 49 834.0
409 14.0 17.183673469387756 49.0 6.75053537811309 49 842.0
410 14.0 17.0 60.0 6.493586579592718 49 833.0
411 14.0 16.857142857142858 55.0 5.8238017365520465 49 826.0
412 14.0 16.89795918367347 48.0 4.93391704581319 49 828.0
413 14.0 17.428571428571427 52.0 6.399869790342092 49 854.0
414 14.0 17.816326530612244 54.0 7.672117996865216 49 873.0
415 14.0 16.959183673469386 49.0 5.208003390909794 49 831.0
416 14.0 17.3265306122449 61.0 6.777375829128241 49 849.0
417 14.0 17.081632653061224 53.0 5.663614624269994 49 837.0
418 14.0 17.53061224489796 51.0 5.470001678916275 49 859.0
419 14.0 17.20408163265306 53.0 5.689828614278638 49 843.0
420 14.0 17.408163265306122 58.0 6.3636937889448895 49 853.0
421 14.0 17.26530612244898 54.0 5.851550756722818 49 846.0
422 15.0 17.510204081632654 57.0 6.16482781923521 49 858.0
423 14.0 17.816326530612244 64.0 7.22170763908993 49 873.0
424 14.0 17.632653061224488 60.0 6.591325984298799 49 864.0
425 15.0 17.6734693877551 53.0 5.771293020567549 49 866.0
426 14.0 17.775510204081634 58.0 6.308939775305782 49 871.0
427 15.0 18.20408163265306 57.0 7.653919453012114 49 892.0
428 15.0 19.387755102040817 67.0 11.436083840434286 49 950.0
429 15.0 17.53061224489796 57.0 5.962039782435778 49 859.0
430 15.0 18.10204081632653 67.0 7.450517034517317 49 887.0
431 15.0 17.46938775510204 53.0 5.439447125766879 49 856.0
432 15.0 17.6734693877551 49.0 5.022398808927698 49 866.0
433 15.0 17.877551020408163 66.0 7.19847395014279 49 876.0
434 15.0 18.10204081632653 57.0 5.913420111489288 49 887.0
435 15.0 17.53061224489796 47.0 4.610233367268981 49 859.0
436 15.0 18.20408163265306 58.0 6.2947716130026485 49 892.0
437 15.0 18.367346938775512 57.0 7.356102561680281 49 900.0
438 15.0 18.020408163265305 53.0 5.479088260218604 49 883.0
439 15.0 17.89795918367347 60.0 6.358212858052117 49 877.0
440 15.0 17.95918367346939 51.0 5.247853464645767 49 880.0
441 15.0 17.775510204081634 49.0 4.85740545508629 49 871.0
442 15.0 18.224489795918366 62.0 6.593131862408189 49 893.0
443 15.0 18.20408163265306 60.0 6.307996221188676 49 892.0
444 15.0 18.020408163265305 46.0 4.5068919256991276 49 883.0
445 15.0 18.06122448979592 56.0 5.749667248579495 49 885.0
446 15.0 18.224489795918366 52.0 5.205226964802022 49 893.0
447 16.0 18.20408163265306 57.0 5.894840935925579 49 892.0
448 16.0 18.448979591836736 61.0 6.403323435561274 49 904.0
449 16.0 18.489795918367346 58.0 6.072898981608061 49 906.0
450 16.0 18.632653061224488 51.0 5.031955706412024 49 913.0
451 16.0 18.346938775510203 53.0 5.305465029917121 49 899.0
452 16.0 18.428571428571427 57.0 5.845225972250058 49 903.0
453 16.0 18.53061224489796 48.0 4.77886859350763 49 908.0
454 16.0 18.79591836734694 61.0 6.373707685473498 49 921.0
455 16.0 18.551020408163264 52.0 5.168257380756255 49 909.0
456 16.0 18.857142857142858 57.0 5.823801736552047 49 924.0
457 16.0 18.653061224489797 56.0 5.702890423607443 49 914.0
458 16.0 19.020408163265305 58.0 5.980836744408371 49 932.0
459 16.0 18.755102040816325 55.0 5.577225311646527 49 919.0
460 16.0 19.877551020408163 97.0 11.410215914297344 49 974.0
461 16.0 18.918367346938776 50.0 4.85985568498814 49 927.0
462 16.0 18.959183673469386 47.0 4.476602058078711 49 929.0
463 16.0 18.959183673469386 48.0 4.577841484046955 49 929.0
464 17.0 19.367346938775512 59.0 6.0473612618473975 49 949.0
465 16.0 19.06122448979592 55.0 5.569291409391417 49 934.0
466 16.0 19.46938775510204 49.0 4.699743081702826 49 954.0
467 17.0 19.46938775510204 52.0 5.41641810000055 49 954.0
468 16.0 19.591836734693878 53.0 5.287242378857729 49 960.0
469 16.0 19.183673469387756 54.0 5.372280200978273 49 940.0
470 16.0 19.346938775510203 51.0 4.901322187295329 49 948.0
471 16.0 19.346938775510203 57.0 5.7538067848170575 49 948.0
472 16.0 19.489795918367346 52.0 5.140210959433756 49 955.0
473 17.0 19.142857142857142 44.0 3.9791121287711073 49 938.0
474 17.0 19.551020408163264 48.0 4.518762849173967 49 958.0
475 17.0 19.408163265306122 55.0 5.469302085835306 49 951.0
476 17.0 19.6734693877551 58.0 5.832337135538809 49 964.0
477 17.0 20.306122448979593 59.0 7.678986699734143 49 995.0
478 17.0 19.653061224489797 46.0 4.220737595532344 49 963.0
479 17.0 19.26530612244898 38.0 3.2324881425670733 49 944.0
480 17.0 20.163265306122447 53.0 5.19353339410138 49 988.0
481 17.0 19.6734693877551 51.0 4.8921184704841005 49 964.0
482 17.0 19.979591836734695 48.0 4.446392713567407 49 979.0
483 17.0 20.93877551020408 81.0 10.015421781901537 49 1026.0
484 17.0 19.836734693877553 52.0 4.951207507498842 49 972.0
485 17.0 19.79591836734694 52.0 4.945450737111559 49 970.0
486 17.0 20.081632653061224 50.0 4.702998753870935 49 984.0
487 17.0 20.10204081632653 52.0 5.009345008578066 49 985.0
488 17.0 20.0 44.0 3.905124837953327 49 980.0
489 17.0 20.755102040816325 59.0 6.574986097085738 49 1017.0
490 17.0 20.3265306122449 51.0 4.823500436673045 49 996.0
491 17.0 20.040816326530614 51.0 4.856092323366727 49 982.0
492 17.0 20.20408163265306 53.0 5.143683795996531 49 990.0
493 17.0 20.408163265306122 56.0 5.461678494088525 49 1000.0
494 17.0 20.3265306122449 52.0 4.9597872732525925 49 996.0
495 18.0 20.46938775510204 52.0 5.025360852782637 49 1003.0
496 17.0 20.26530612244898 45.0 3.998830611379211 49 993.0
497 17.0 20.224489795918366 45.0 4.032499773312913 49 991.0
498 18.0 21.408163265306122 54.0 5.84493501299394 49 1049.0
499 17.0 21.163265306122447 76.0 8.330033360216088 49 1037.0
500 18.0 20.551020408163264 52.0 4.9793792471627265 49 1007.0
501 18.0 20.346938775510203 51.0 4.798224586623 49 997.0
502 18.0 20.571428571428573 53.0 5.057996968497835 49 1008.0
503 18.0 20.571428571428573 60.0 5.982613698599185 49 1008.0
504 18.0 20.428571428571427 43.0 3.7305048809332324 49 1001.0
505 18.0 20.6734693877551 56.0 5.409820372487893 49 1013.0
506 18.0 21.0 53.0 5.029082089871538 49 1029.0
507 18.0 21.06122448979592 55.0 5.497757737119231 49 1032.0
508 18.0 20.93877551020408 53.0 5.02248346299462 49 1026.0
509 18.0 21.0 56.0 5.423713365090993 49 1029.0
510 18.0 21.20408163265306 56.0 5.6457195874276245 49 1039.0
511 18.0 20.93877551020408 60.0 5.924554003134281 49 1026.0
512 18.0 21.6734693877551 52.0 6.319242290753828 49 1062.0
513 18.0 20.714285714285715 44.0 3.889087296526011 49 1015.0
514 19.0 21.408163265306122 53.0 4.928312622604459 49 1049.0
515 18.0 21.0 52.0 4.82614407852342 49 1029.0
516 19.0 21.224489795918366 52.0 4.831603021265512 49 1040.0
517 18.0 21.3265306122449 55.0 5.316592561273154 49 1045.0
518 18.0 21.408163265306122 50.0 5.041157139598255 49 1049.0
519 18.0 21.53061224489796 49.0 4.8909015904377915 49 1055.0
520 19.0 21.571428571428573 60.0 5.89137788071121 49 1057.0
521 18.0 21.244897959183675 48.0 4.3230516432497215 49 1041.0
522 19.0 21.836734693877553 61.0 5.994257456014013 49 1070.0
523 19.0 21.387755102040817 49.0 4.452603763205172 49 1048.0
524 19.0 21.836734693877553 63.0 6.289365822480004 49 1070.0
525 19.0 21.571428571428573 48.0 4.281744192888375 49 1057.0
526 19.0 22.6734693877551 50.0 6.256289352530383 49 1111.0
527 19.0 21.816326530612244 54.0 5.081311630982347 49 1069.0
528 19.0 21.816326530612244 53.0 4.910335483225473 49 1069.0
529 19.0 22.102040816326532 52.0 5.030096494929228 49 1083.0
530 19.0 22.428571428571427 49.0 4.339738855430513 49 1099.0
531 19.0 22.142857142857142 46.0 4.178317045573891 49 1085.0
532 19.0 22.020408163265305 51.0 4.741175117689564 49 1079.0
533 19.0 22.183673469387756 51.0 4.644322113199779 49 1087.0
534 19.0 22.306122448979593 56.0 5.315872778891585 49 1093.0
535 19.0 22.489795918367346 58.0 5.701324586516386 49 1102.0
536 19.0 22.20408163265306 49.0 4.339640882976064 49 1088.0
537 19.0 22.714285714285715 58.0 5.909032633745279 49 1113.0
538 19.0 22.46938775510204 56.0 5.311552036270902 49 1101.0
539 19.0 22.3265306122449 54.0 5.0760374764756255 49 1094.0
540 19.0 22.53061224489796 58.0 5.5079565207083405 49 1104.0
541 19.0 22.346938775510203 54.0 5.031364213644261 49 1095.0
542 19.0 22.6734693877551 51.0 4.6295597122460475 49 1111.0
543 19.0 22.510204081632654 43.0 3.7921104995525017 49 1103.0
544 19.0 22.816326530612244 57.0 5.3954976191101345 49 1118.0
545 19.0 22.79591836734694 55.0 5.119324466489429 49 1117.0
546 19.0 23.06122448979592 55.0 5.177709287840301 49 1130.0
547 19.0 23.142857142857142 64.0 6.399869790342094 49 1134.0
548 19.0 23.3265306122449 55.0 5.5766916532939454 49 1143.0
549 20.0 22.775510204081634 51.0 4.606450667824638 49 1116.0
550 20.0 23.428571428571427 57.0 5.827377912349029 49 1148.0
551 20.0 23.081632653061224 55.0 5.426926442494399 49 1131.0
552 19.0 23.244897959183675 52.0 5.09710135046094 49 1139.0
553 20.0 23.285714285714285 59.0 5.827377912349032 49 1141.0
554 20.0 23.551020408163264 57.0 5.594123495872685 49 1154.0
555 20.0 23.122448979591837 55.0 5.2821738464592105 49 1133.0
556 20.0 23.285714285714285 59.0 5.671566509057853 49 1141.0
557 20.0 23.142857142857142 52.0 4.703721930556695 49 1134.0
558 20.0 23.367346938775512 55.0 5.09368022467965 49 1145.0
559 20.0 23.387755102040817 54.0 5.243314499319636 49 1146.0
560 20.0 23.183673469387756 52.0 4.630845267459978 49 1136.0
561 20.0 23.040816326530614 48.0 4.193045748982621 49 1129.0
562 21.0 23.877551020408163 55.0 5.039976244410056 49 1170.0
563 20.0 23.408163265306122 56.0 5.123143433425985 49 1147.0
564 20.0 24.142857142857146 57.0 6.943222114647737 49 1183.0
565 20.0 23.367346938775512 54.0 4.901929371648051 49 1145.0
566 20.0 23.73469387755102 54.0 4.936157033412065 49 1163.0
567 21.0 23.367346938775512 49.0 4.211560862430839 49 1145.0
568 20.0 23.93877551020408 53.0 5.0966008413504795 49 1173.0
569 21.0 23.693877551020407 59.0 5.5007729821690114 49 1161.0
570 21.0 23.93877551020408 58.0 5.375128538251071 49 1173.0
571 20.0 23.93877551020408 54.0 5.312752595035312 49 1173.0
572 20.0 23.979591836734695 51.0 4.83688000298388 49 1175.0
573 21.0 24.877551020408163 68.0 8.169130545997598 49 1219.0
574 21.0 23.877551020408163 53.0 4.710947591608759 49 1170.0
575 21.0 23.897959183673468 55.0 4.954984434718167 49 1171.0
576 21.0 24.183673469387756 59.0 5.453108705850559 49 1185.0
577 21.0 24.040816326530614 55.0 4.983134821882834 49 1178.0
578 21.0 24.306122448979593 52.0 4.551575192688119 49 1191.0
579 21.0 24.102040816326532 55.0 4.967581982041092 49 1181.0
580 21.0 24.428571428571427 59.0 5.593895482279469 49 1197.0
581 21.0 24.387755102040817 59.0 5.51443683484018 49 1195.0
582 21.0 24.489795918367346 58.0 5.385638498898365 49 1200.0
583 21.0 24.285714285714285 55.0 4.894725051862805 49 1190.0
584 21.0 24.857142857142858 57.0 5.365786677335081 49 1218.0
585 21.0 24.183673469387756 49.0 4.166700680133281 49 1185.0
586 21.0 25.040816326530614 65.0 6.3244208683268335 49 1227.0
587 22.0 24.836734693877553 62.0 5.864252363457164 49 1217.0
588 21.0 24.285714285714285 49.0 4.118049700201944 49 1190.0
589 21.0 24.448979591836736 54.0 4.734893629964125 49 1198.0
590 21.0 24.73469387755102 60.0 5.570665393395124 49 1212.0
591 21.0 25.428571428571427 96.0 10.523782589924597 49 1246.0
592 21.0 24.93877551020408 55.0 5.436788893215165 49 1222.0
593 21.0 25.0 68.0 6.708203932499369 49 1225.0
594 22.0 25.408163265306122 58.0 5.377105662540253 49 1245.0
595 21.0 24.79591836734694 64.0 6.048345475681532 49 1215.0
596 21.0 24.79591836734694 57.0 5.119324466489427 49 1215.0
597 21.0 24.836734693877553 57.0 5.173437520866848 49 1217.0
598 22.0 25.102040816326532 49.0 4.528819281184958 49 1230.0
599 22.0 24.73469387755102 52.0 4.46176119096149 49 1212.0
600 22.0 25.346938775510203 60.0 5.614531074245959 49 1242.0
601 22.0 26.0 102.0 11.2527774349269 49 1274.0
602 22.0 25.428571428571427 58.0 5.3774219349672245 49 1246.0
603 22.0 25.20408163265306 58.0 5.232031121836332 49 1235.0
604 22.0 25.387755102040817 61.0 5.563333557509281 49 1244.0
605 22.0 25.20408163265306 56.0 4.983220142959497 49 1235.0
606 22.0 25.571428571428573 59.0 5.385164807134503 49 1253.0
607 22.0 25.448979591836736 59.0 5.420106181654399 49 1247.0
608 22.0 25.346938775510203 56.0 4.918295014569595 49 1242.0
609 22.0 25.428571428571427 52.0 4.51848057057532 49 1246.0
610 22.0 26.142857142857142 58.0 5.271780217978238 49 1281.0
611 22.0 25.73469387755102 60.0 5.430529095631786 49 1261.0
612 22.0 26.10204081632653 64.0 5.96603196563394 49 1279.0
613 23.0 25.979591836734695 53.0 4.683703110780186 49 1273.0
614 22.0 26.408163265306122 57.0 6.123446630734669 49 1294.0
615 22.0 26.020408163265305 64.0 5.980836744408371 49 1275.0
616 22.0 25.979591836734695 54.0 4.683703110780187 49 1273.0
617 22.0 25.918367346938776 55.0 4.829754715536276 49 1270.0
618 23.0 26.224489795918366 53.0 4.597396482985637 49 1285.0
619 22.0 26.489795918367346 62.0 6.003896127306244 49 1298.0
620 23.0 26.244897959183675 54.0 4.728154204007179 49 1286.0
621 23.0 26.346938775510203 60.0 5.371805331264976 49 1291.0
622 22.0 26.591836734693878 65.0 6.055019843577927 49 1303.0
623 22.0 26.408163265306122 60.0 5.415711585081791 49 1294.0
624 23.0 26.387755102040817 52.0 4.4008348002141044 49 1293.0
625 23.0 26.653061224489797 59.0 5.41429827866365 49 1306.0
626 23.0 27.020408163265305 57.0 4.9137977332472005 49 1324.0
627 23.0 26.53061224489796 58.0 5.0625341184707295 49 1300.0
628 23.0 26.816326530612244 60.0 5.387769596455456 49 1314.0
629 23.0 27.244897959183675 61.0 6.53047539184839 49 1335.0
630 23.0 26.714285714285715 59.0 5.232112384114088 49 1309.0
631 23.0 26.510204081632654 60.0 5.404945455242787 49 1299.0
632 23.0 26.93877551020408 71.0 6.777438562568291 49 1320.0
633 23.0 26.755102040816325 58.0 5.097101350460939 49 1311.0
634 23.0 27.306122448979593 65.0 6.062879134648863 49 1338.0
635 23.0 28.06122448979592 74.0 8.394959209910102 49 1375.0
636 23.0 27.26530612244898 60.0 5.659709614915772 49 1336.0
637 24.0 27.040816326530614 54.0 4.641116889973206 49 1325.0
638 23.0 27.224489795918366 55.0 4.766485891629391 49 1334.0
639 23.0 27.387755102040817 54.0 4.733815966579413 49 1342.0
640 24.0 27.918367346938776 57.0 5.4804072791698815 49 1368.0
641 23.0 27.489795918367346 57.0 5.050257621232435 49 1347.0
642 23.0 28.142857142857142 60.0 5.678908345800274 49 1379.0
643 23.0 27.653061224489797 67.0 6.2867288142302975 49 1355.0
644 24.0 27.6734693877551 61.0 5.5354454619827145 49 1356.0
645 23.0 27.244897959183675 55.0 4.789444175497204 49 1335.0
646 24.0 27.693877551020407 62.0 5.628069835034676 49 1357.0
647 24.0 27.714285714285715 61.0 5.627314338711379 49 1358.0
648 23.0 27.46938775510204 55.0 4.778868593507628 49 1346.0
649 24.0 27.551020408163264 58.0 5.0293357103175 49 1350.0
650 23.0 28.081632653061224 69.0 6.518680639432461 49 1376.0
651 24.0 27.46938775510204 50.0 4.077897951234221 49 1346.0
652 24.0 28.387755102040817 64.0 6.560031524729296 49 1391.0
653 24.0 27.775510204081634 58.0 5.229186146533897 49 1361.0
654 24.0 27.53061224489796 50.0 4.10843664922319 49 1349.0
655 24.0 27.387755102040817 56.0 4.685155309283658 49 1342.0
656 24.0 27.714285714285715 58.0 5.303300858899108 49 1358.0
657 24.0 28.163265306122447 55.0 6.212711897041923 49 1380.0
658 24.0 28.10204081632653 64.0 5.676137543696943 49 1377.0
659 24.0 27.571428571428573 59.0 5.024937810560443 49 1351.0
660 24.0 27.73469387755102 60.0 5.203266242643819 49 1359.0
661 24.0 27.591836734693878 54.0 4.368058146681326 49 1352.0
662 24.0 28.081632653061224 63.0 5.488004854126096 49 1376.0
663 24.0 27.918367346938776 70.0 6.489853409662776 49 1368.0
664 24.0 27.918367346938776 59.0 5.275085839324787 49 1368.0
665 25.0 27.877551020408163 65.0 5.7973868145528344 49 1366.0
666 24.0 28.244897959183675 60.0 5.121566379231136 49 1384.0
667 24.0 28.0 61.0 5.212165257037297 49 1372.0
668 24.0 27.93877551020408 60.0 5.09660084135048 49 1369.0
669 25.0 27.877551020408163 61.0 5.222677526347737 49 1366.0
670 25.0 28.3265306122449 62.0 5.332243723729411 49 1388.0
671 25.0 28.06122448979592 54.0 4.50651455887893 49 1375.0
672 24.0 28.3265306122449 54.0 4.497164639627772 49 1388.0
673 24.0 28.06122448979592 54.0 4.317639031081812 49 1375.0
674 25.0 29.142857142857142 80.0 7.759402897989857 49 1428.0
675 25.0 28.93877551020408 61.0 6.789723126612341 49 1418.0
676 24.0 28.53061224489796 58.0 4.92062852022113 49 1398.0
677 25.0 28.489795918367346 59.0 5.000510178053465 49 1396.0
678 24.0 28.877551020408163 56.0 5.226665018047775 49 1415.0
679 25.0 28.591836734693878 59.0 5.041157139598253 49 1401.0
680 25.0 28.877551020408163 66.0 5.981334344794454 49 1415.0
681 25.0 28.489795918367346 51.0 4.178927538753175 49 1396.0
682 25.0 29.93877551020408 70.0 8.505900313080001 49 1467.0
683 25.0 28.653061224489797 64.0 5.524758744386355 49 1404.0
684 25.0 28.816326530612244 66.0 5.826210422835453 49 1412.0
685 25.0 28.510204081632654 53.0 4.223557194374152 49 1397.0
686 26.0 29.081632653061224 57.0 4.982622864741511 49 1425.0
687 25.0 28.979591836734695 64.0 5.528297643030085 49 1420.0
688 25.0 29.163265306122447 63.0 5.474741009001816 49 1429.0
689 25.0 28.612244897959183 49.0 3.695810277252091 49 1402.0
690 25.0 29.775510204081634 69.0 6.23920837033316 49 1459.0
691 25.0 29.06122448979592 57.0 4.67443473973639 49 1424.0
692 26.0 29.3265306122449 63.0 5.378923975039218 49 1437.0
693 25.0 29.122448979591837 60.0 5.006798099672521 49 1427.0
694 25.0 29.6734693877551 68.0 6.3093441124455785 49 1454.0
695 25.0 29.0 61.0 5.1599418601375735 49 1421.0
696 25.0 29.102040816326532 54.0 4.307188264784732 49 1426.0
697 26.0 29.612244897959183 57.0 5.700205868104724 49 1451.0
698 25.0 29.89795918367347 63.0 6.0423674235876 49 1465.0
699 26.0 29.142857142857142 57.0 4.600724580614087 49 1428.0
700 25.0 29.816326530612244 59.0 5.356746017047705 49 1461.0
701 26.0 29.6734693877551 61.0 5.520370440098959 49 1454.0
702 25.0 30.26530612244898 64.0 6.654495692775678 49 1483.0
703 26.0 29.693877551020407 55.0 5.420655255719603 49 1455.0
704 25.0 29.877551020408163 54.0 5.246557018104131 49 1464.0
705 26.0 30.020408163265305 68.0 6.774614982658817 49 1471.0
706 26.0 31.122448979591837 63.0 7.034535796877504 49 1525.0
707 26.0 29.918367346938776 60.0 5.434598784232213 49 1466.0
708 26.0 30.020408163265305 61.0 5.444759697476585 49 1471.0
709 26.0 29.857142857142858 57.0 4.9371044145328735 49 1463.0
710 26.0 30.122448979591837 62.0 5.684894652575749 49 1476.0
711 26.0 30.306122448979593 55.0 4.831339020881673 49 1485.0
712 26.0 30.428571428571427 55.0 5.049752469181038 49 1491.0
713 26.0 31.122448979591837 65.0 6.811854413022762 49 1525.0
714 26.0 30.632653061224488 64.0 6.050805309870677 49 1501.0
715 26.0 30.510204081632654 63.0 5.824239753605874 49 1495.0
716 26.0 31.081632653061224 66.0 7.480075575303026 49 1523.0
717 26.0 30.448979591836736 66.0 6.017548035017382 49 1492.0
718 26.0 31.408163265306122 67.0 7.91601322043631 49 1539.0
719 26.0 30.244897959183675 63.0 5.340609407505607 49 1482.0
720 27.0 30.020408163265305 53.0 3.9764399693610346 49 1471.0
721 27.0 30.428571428571427 69.0 6.099863386448366 49 1491.0
722 27.0 31.632653061224488 62.0 5.974577661332433 49 1550.0
723 27.0 30.551020408163264 66.0 5.7845383872649245 49 1497.0
724 26.0 30.244897959183675 56.0 4.399482035066262 49 1482.0
725 27.0 30.551020408163264 70.0 6.194961744870437 49 1497.0
726 27.0 31.142857142857142 82.0 7.778174593052026 49 1526.0
727 27.0 30.73469387755102 67.0 5.858667049068135 49 1506.0
728 27.0 30.755102040816325 69.0 6.132327631240092 49 1507.0
729 27.0 31.0 75.0 6.90108687092113 49 1519.0
730 27.0 32.244897959183675 83.0 8.511097197788548 49 1580.0
731 27.0 31.020408163265305 71.0 6.39169316352081 49 1520.0
732 27.0 31.632653061224488 83.0 8.120688285563762 49 1550.0
733 27.0 31.428571428571427 76.0 7.173446405552448 49 1540.0
734 27.0 31.3265306122449 67.0 5.846607830977866 49 1535.0
735 27.0 31.408163265306122 77.0 7.091421952339488 49 1539.0
736 27.0 31.346938775510203 69.0 6.243500021382783 49 1536.0
737 27.0 31.489795918367346 81.0 7.667905105534563 49 1543.0
738 27.0 32.06122448979592 80.0 7.583996756507823 49 1571.0
739 27.0 31.510204081632654 80.0 7.544651662434986 49 1544.0
740 27.0 31.632653061224488 69.0 6.176885264000447 49 1550.0
741 27.0 31.653061224489797 77.0 7.238643462947564 49 1551.0
742 28.0 31.816326530612244 71.0 6.37924195270539 49 1559.0
743 28.0 31.95918367346939 82.0 7.836770124636467 49 1566.0
744 27.0 32.36734693877551 76.0 7.273507514578223 49 1586.0
745 28.0 32.10204081632653 78.0 7.3434917272575015 49 1573.0
746 28.0 32.775510204081634 80.0 7.802951648047596 49 1606.0
747 27.0 32.44897959183673 80.0 8.137007088219937 49 1590.0
748 28.0 32.06122448979592 75.0 6.878130085233033 49 1571.0
749 27.0 32.734693877551024 116.0 12.44952393702279 49 1604.0
750 27.0 32.142857142857146 75.0 6.803797958983401 49 1575.0
751 28.0 32.326530612244895 79.0 7.453712036915008 49 1584.0
752 27.0 32.48979591836735 79.0 7.489221279555683 49 1592.0
753 28.0 32.44897959183673 76.0 7.023950765327266 49 1590.0
754 28.0 33.02040816326531 81.0 7.720345944101122 49 1618.0
755 28.0 32.30612244897959 73.0 6.580286473097295 49 1583.0
756 28.0 32.51020408163265 74.0 6.82251923467299 49 1593.0
757 28.0 32.857142857142854 77.0 7.574628703771559 49 1610.0
758 28.0 32.857142857142854 73.0 6.949220579796464 49 1610.0
759 28.0 32.87755102040816 82.0 8.318234621052978 49 1611.0
760 28.0 32.816326530612244 78.0 7.592961294810466 49 1608.0
761 28.0 32.57142857142857 64.0 5.838093296045663 49 1596.0
762 28.0 32.673469387755105 74.0 6.602990973484542 49 1601.0
763 28.0 32.30612244897959 68.0 5.7886529867803045 49 1583.0
764 28.0 32.775510204081634 72.0 6.532818770518234 49 1606.0
765 29.0 33.16326530612245 81.0 7.781781444436715 49 1625.0
766 28.0 32.714285714285715 74.0 6.483954554642304 49 1603.0
767 28.0 32.38775510204081 70.0 5.943541054969577 49 1587.0
768 28.0 32.61224489795919 70.0 5.9400348151708835 49 1598.0
769 28.0 32.57142857142857 74.0 6.4485140407177 49 1596.0
770 28.0 33.46938775510204 79.0 7.199832292075536 49 1640.0
771 29.0 32.61224489795919 73.0 6.323950263780978 49 1598.0
772 28.0 32.795918367346935 77.0 6.849512123248678 49 1607.0
773 28.0 32.89795918367347 73.0 6.390894883736235 49 1612.0
774 28.0 33.12244897959184 79.0 7.0640895056771225 49 1623.0
775 29.0 32.795918367346935 71.0 6.0138021522603005 49 1607.0
776 28.0 32.795918367346935 68.0 5.66781701008986 49 1607.0
777 29.0 33.775510204081634 83.0 7.995481291857005 49 1655.0
778 29.0 33.42857142857143 72.0 6.2882164933044935 49 1638.0
779 29.0 32.89795918367347 70.0 5.867441584566421 49 1612.0
780 29.0 33.06122448979592 72.0 6.138702914247253 49 1620.0
781 29.0 33.51020408163265 85.0 7.85844145112861 49 1642.0
782 29.0 33.46938775510204 81.0 7.337409967693891 49 1640.0
783 29.0 33.06122448979592 68.0 5.576767893328034 49 1620.0
784 29.0 33.224489795918366 74.0 6.364829488821261 49 1628.0
785 29.0 33.10204081632653 67.0 5.474352693695025 49 1622.0
786 29.0 34.6530612244898 75.0 6.771727439657241 49 1698.0
787 29.0 33.183673469387756 69.0 5.6666916766154785 49 1626.0
788 29.0 34.204081632653065 85.0 9.023071335555905 49 1676.0
789 29.0 33.51020408163265 77.0 6.919544930182641 49 1642.0
790 30.0 34.0 79.0 7.0710678118654755 49 1666.0
791 29.0 33.795918367346935 78.0 6.961140926112418 49 1656.0
792 29.0 33.857142857142854 74.0 6.496794081185992 49 1659.0
793 30.0 34.10204081632653 69.0 6.322067495287121 49 1671.0
794 30.0 34.714285714285715 77.0 7.173446405552447 49 1701.0
795 29.0 34.08163265306123 96.0 9.455678925681553 49 1670.0
796 29.0 34.08163265306123 86.0 8.069584703001233 49 1670.0
797 30.0 34.10204081632653 76.0 6.801485431994446 49 1671.0
798 30.0 35.673469387755105 77.0 9.650966607681585 49 1748.0
799 30.0 34.326530612244895 78.0 7.377860335439516 49 1682.0
800 29.0 34.53061224489796 77.0 7.205617139936518 49 1692.0
801 30.0 34.204081632653065 69.0 6.3475047322968265 49 1676.0
802 30.0 34.91836734693877 72.0 6.642153060485099 49 1711.0
803 29.0 34.3469387755102 72.0 6.681912838676773 49 1683.0
804 30.0 34.63265306122449 80.0 7.620405384970834 49 1697.0
805 30.0 34.97959183673469 82.0 7.9096191330513514 49 1714.0
806 30.0 35.08163265306123 72.0 7.973489236980563 49 1719.0
807 30.0 34.3469387755102 77.0 6.832980744180404 49 1683.0
808 30.0 34.46938775510204 74.0 6.419702877393436 49 1689.0
809 30.0 34.95918367346939 99.0 9.750981112332303 49 1713.0
810 30.0 35.10204081632653 89.0 8.364719804928676 49 1720.0
811 30.0 34.55102040816327 79.0 7.173624213306792 49 1693.0
812 30.0 34.6530612244898 80.0 7.247272534110573 49 1698.0
813 30.0 35.08163265306123 81.0 7.6016356098920035 49 1719.0
814 30.0 35.265306122448976 99.0 9.742038437881986 49 1728.0
815 30.0 35.04081632653061 79.0 7.24269512357529 49 1717.0
816 30.0 35.714285714285715 115.0 11.909380056633228 49 1750.0
817 30.0 34.714285714285715 72.0 6.150880695748645 49 1701.0
818 30.0 35.44897959183673 69.0 5.788138821798262 49 1737.0
819 30.0 34.91836734693877 62.0 4.965869908241479 49 1711.0
820 30.0 34.87755102040816 68.0 5.659183734799366 49 1709.0
821 31.0 34.93877551020408 72.0 6.131911621676753 49 1712.0
822 31.0 35.40816326530612 71.0 6.109822581122068 49 1735.0
823 31.0 34.91836734693877 71.0 5.995959523899817 49 1711.0
824 31.0 35.57142857142857 78.0 7.02376916856849 49 1743.0
825 31.0 35.02040816326531 72.0 6.101535994862166 49 1716.0
826 31.0 35.326530612244895 70.0 5.860843778494558 49 1731.0
827 31.0 35.12244897959184 72.0 6.088351764713036 49 1721.0
828 31.0 35.63265306122449 69.0 6.270612269251905 49 1746.0
829 31.0 35.204081632653065 69.0 5.697146916939855 49 1725.0
830 31.0 35.46938775510204 73.0 6.164758851786519 49 1738.0
831 31.0 35.36734693877551 64.0 5.226909051369894 49 1733.0
832 31.0 35.673469387755105 77.0 6.696976168086485 49 1748.0
833 31.0 35.326530612244895 72.0 6.060073415060113 49 1731.0
834 31.0 36.44897959183673 68.0 6.65539012283088 49 1786.0
835 31.0 36.265306122448976 73.0 6.638823660245595 49 1777.0
836 31.0 36.265306122448976 82.0 8.774431392318444 49 1777.0
837 31.0 35.714285714285715 72.0 6.110100926607787 49 1750.0
838 31.0 36.244897959183675 70.0 6.088002587894001 49 1776.0
839 31.0 35.714285714285715 70.0 5.923118547972288 49 1750.0
840 31.0 35.97959183673469 75.0 6.482315031164819 49 1763.0
841 32.0 36.12244897959184 76.0 6.688399948982641 49 1770.0
842 32.0 37.04081632653061 79.0 8.470436784471504 49 1815.0
843 31.0 36.51020408163265 89.0 8.416557216234537 49 1789.0
844 31.0 36.79591836734694 110.0 11.122386569131518 49 1803.0
845 31.0 37.06122448979592 84.0 8.20164659094265 49 1816.0
846 31.0 36.816326530612244 100.0 9.767449064340688 49 1804.0
847 31.0 36.36734693877551 88.0 8.151415719449753 49 1782.0
848 32.0 36.755102040816325 88.0 8.285355082525877 49 1801.0
849 32.0 36.244897959183675 80.0 7.010499899688853 49 1776.0
850 32.0 37.0 92.0 8.573214099741124 49 1813.0
851 32.0 36.57142857142857 95.0 9.027735042633893 49 1792.0
852 32.0 37.04081632653061 96.0 9.31163963290361 49 1815.0
853 32.0 36.38775510204081 72.0 6.28760793986411 49 1783.0
854 32.0 36.36734693877551 66.0 5.138473660983957 49 1782.0
855 32.0 36.714285714285715 75.0 6.512807894193308 49 1799.0
856 32.0 36.46938775510204 76.0 6.545042783207271 49 1787.0
857 32.0 36.87755102040816 67.0 5.644439199561903 49 1807.0
858 32.0 36.91836734693877 70.0 5.74759636244389 49 1809.0
859 32.0 37.08163265306123 67.0 5.975075782970865 49 1817.0
860 32.0 36.673469387755105 72.0 6.015215966966747 49 1797.0
861 32.0 37.224489795918366 79.0 7.17712020393756 49 1824.0
862 32.0 37.36734693877551 82.0 7.31634550609974 49 1831.0
863 32.0 37.204081632653065 86.0 7.839482316658244 49 1823.0
864 32.0 37.51020408163265 82.0 7.68418952834214 49 1838.0
865 32.0 37.30612244897959 72.0 6.348241494148377 49 1828.0
866 32.0 37.40816326530612 73.0 6.214627795729668 49 1833.0
867 32.0 37.51020408163265 82.0 7.8769771300596645 49 1838.0
868 32.0 37.55102040816327 76.0 6.86798498011424 49 1840.0
869 33.0 37.224489795918366 65.0 5.6651908842599505 49 1824.0
870 32.0 37.93877551020408 75.0 7.517779379758433 49 1859.0
871 32.0 38.06122448979592 88.0 8.942893275448082 49 1865.0
872 33.0 38.12244897959184 72.0 7.617503563781095 49 1868.0
873 33.0 38.48979591836735 69.0 7.786533377621667 49 1886.0
874 32.0 37.95918367346939 71.0 7.056200534735005 49 1860.0
875 32.0 37.83673469387755 76.0 7.605773406803953 49 1854.0
876 32.0 38.326530612244895 70.0 7.616833755740309 49 1878.0
877 33.0 37.57142857142857 71.0 6.6332495807108 49 1841.0
878 33.0 38.285714285714285 85.0 8.369089954509189 49 1876.0
879 33.0 37.93877551020408 76.0 8.322680265558752 49 1859.0
880 33.0 37.40816326530612 74.0 6.055019843577927 49 1833.0
881 33.0 37.244897959183675 66.0 5.1256325310675 49 1825.0
882 33.0 38.53061224489796 78.0 6.852925290269375 49 1888.0
883 33.0 38.10204081632653 71.0 6.780010133839476 49 1867.0
884 33.0 37.55102040816327 76.0 6.351053798681089 49 1840.0
885 33.0 37.46938775510204 70.0 5.530604400426192 49 1836.0
886 33.0 37.57142857142857 67.0 5.1478150704934995 49 1841.0
887 33.0 37.55102040816327 70.0 5.594123495872684 49 1840.0
888 33.0 37.673469387755105 67.0 5.2336561276592315 49 1846.0
889 33.0 37.55102040816327 72.0 5.806107504493996 49 1840.0
890 34.0 38.06122448979592 72.0 5.832410033830018 49 1865.0
891 33.0 37.93877551020408 75.0 6.449832566513213 49 1859.0
892 33.0 37.83673469387755 71.0 5.665491074535927 49 1854.0
893 34.0 38.0 82.0 7.094598884597588 49 1862.0
894 33.0 37.89795918367347 62.0 4.5654723101740515 49 1857.0
895 33.0 38.16326530612245 73.0 6.094214943888417 49 1870.0
896 34.0 37.91836734693877 68.0 5.032547129659583 49 1858.0
897 34.0 37.97959183673469 67.0 4.951808574982006 49 1861.0
898 34.0 38.734693877551024 78.0 6.313924790374318 49 1898.0
899 34.0 38.714285714285715 81.0 7.945124291035352 49 1897.0
900 34.0 38.285714285714285 87.0 7.497221707628321 49 1876.0
901 33.0 38.142857142857146 76.0 6.062177826491071 49 1869.0
902 34.0 38.183673469387756 70.0 5.21085993138271 49 1871.0
903 34.0 38.3469387755102 81.0 6.691259910037383 49 1879.0
904 34.0 38.714285714285715 86.0 7.441438033068607 49 1897.0
905 34.0 38.673469387755105 88.0 7.7470095173934705 49 1895.0
906 34.0 39.36734693877551 97.0 9.043169331856276 49 1929.0
907 34.0 38.89795918367347 86.0 7.4756407137871905 49 1906.0
908 34.0 39.0 80.0 6.910137480542627 49 1911.0
909 34.0 38.714285714285715 76.0 6.231639698613306 49 1897.0
910 34.0 40.10204081632653 86.0 10.013001751804133 49 1965.0
911 34.0 38.93877551020408 76.0 6.433662005632647 49 1908.0
912 34.0 38.775510204081634 70.0 5.32785645656569 49 1900.0
913 34.0 39.285714285714285 81.0 6.988085097745541 49 1925.0
914 35.0 39.63265306122449 85.0 7.175461302101711 49 1942.0
915 34.0 38.97959183673469 75.0 6.27989449194268 49 1910.0
916 34.0 39.51020408163265 76.0 6.916533479579896 49 1936.0
917 34.0 39.53061224489796 77.0 6.630428721735389 49 1937.0
918 34.0 39.3469387755102 76.0 6.319780522323551 49 1928.0
919 34.0 39.46938775510204 78.0 6.87720280109195 49 1934.0
920 35.0 39.857142857142854 75.0 7.208212908435304 49 1953.0
921 34.0 39.142857142857146 81.0 6.630108093638696 49 1918.0
922 34.0 39.59183673469388 79.0 6.360419166437785 49 1940.0
923 35.0 39.3469387755102 76.0 6.132396963423585 49 1928.0
924 34.0 39.204081632653065 78.0 6.258259848115179 49 1921.0
925 34.0 39.97959183673469 79.0 7.145773214280734 49 1959.0
926 35.0 39.857142857142854 87.0 7.354137157636737 49 1953.0
927 35.0 40.183673469387756 70.0 6.482905307382626 49 1969.0
928 35.0 39.53061224489796 75.0 5.813425699821654 49 1937.0
929 35.0 39.673469387755105 78.0 6.152193901033871 49 1944.0
930 34.0 40.857142857142854 76.0 6.73918887305191 49 2002.0
931 35.0 39.95918367346939 85.0 7.173327864601013 49 1958.0
932 35.0 39.93877551020408 86.0 7.266957648795519 49 1957.0
933 35.0 39.61224489795919 76.0 5.922472479641325 49 1941.0
934 35.0 39.91836734693877 80.0 6.402593012124976 49 1956.0
935 35.0 40.0 71.0 5.780715065341542 49 1960.0
936 35.0 40.244897959183675 90.0 7.89654621824445 49 1972.0
937 35.0 40.0 82.0 7.179252514479948 49 1960.0
938 35.0 40.06122448979592 85.0 7.101666950046855 49 1963.0
939 35.0 39.755102040816325 73.0 5.607029116225816 49 1948.0
940 35.0 40.46938775510204 85.0 7.56390012057362 49 1983.0
941 35.0 40.6530612244898 83.0 7.964899613324713 49 1992.0
942 35.0 41.755102040816325 118.0 12.37357839013722 49 2046.0
943 36.0 41.04081632653061 90.0 8.580402048839433 49 2011.0
944 36.0 41.51020408163265 91.0 8.684570726724667 49 2034.0
945 35.0 41.97959183673469 89.0 9.692114053700152 49 2057.0
946 35.0 42.183673469387756 113.0 11.526551720173 49 2067.0
947 35.0 41.91836734693877 95.0 10.845192357856618 49 2054.0
948 36.0 41.69387755102041 100.0 10.502388779131499 49 2043.0
949 35.0 40.673469387755105 103.0 9.564229702172483 49 1993.0
950 35.0 41.38775510204081 131.0 13.314804302183427 49 2028.0
951 36.0 41.53061224489796 131.0 13.387030478564453 49 2035.0
952 35.0 41.06122448979592 110.0 10.472997348867594 49 2012.0
953 36.0 40.53061224489796 100.0 8.984018312203824 49 1986.0
954 35.0 40.93877551020408 95.0 8.300120890849787 49 2006.0
955 35.0 40.69387755102041 97.0 8.624587143820891 49 1994.0
956 36.0 40.673469387755105 89.0 7.487177247083956 49 1993.0
957 36.0 40.16326530612245 70.0 5.00976936751047 49 1968.0
958 36.0 40.40816326530612 74.0 5.454044246195276 49 1980.0
959 36.0 40.97959183673469 72.0 6.734518653667733 49 2008.0
960 36.0 40.59183673469388 77.0 5.798413458822663 49 1989.0
961 36.0 41.244897959183675 74.0 7.01347100302012 49 2021.0
962 36.0 41.02040816326531 71.0 5.226095562648274 49 2010.0
963 36.0 41.08163265306123 75.0 6.099305748381933 49 2013.0
964 36.0 40.87755102040816 75.0 5.577606464923018 49 2003.0
965 36.0 40.714285714285715 78.0 6.03116904090741 49 1995.0
966 36.0 41.42857142857143 81.0 6.467869303977418 49 2030.0
967 36.0 41.08163265306123 78.0 6.123168891914673 49 2013.0
968 36.0 40.69387755102041 70.0 4.933744696951179 49 1994.0
969 36.0 40.816326530612244 77.0 5.854746896706109 49 2000.0
970 36.0 41.326530612244895 75.0 5.5354454619827145 49 2025.0
971 36.0 40.795918367346935 70.0 4.9748517223997695 49 1999.0
972 36.0 41.775510204081634 77.0 6.2658642198637455 49 2047.0
973 37.0 41.55102040816327 80.0 6.324756992992549 49 2036.0
974 37.0 41.48979591836735 79.0 6.12754181605339 49 2033.0
975 37.0 41.30612244897959 78.0 6.004179383398468 49 2024.0
976 37.0 41.285714285714285 74.0 5.496210815947052 49 2023.0
977 37.0 41.204081632653065 77.0 5.787844992729501 49 2019.0
978 37.0 42.06122448979592 76.0 5.650988716090993 49 2061.0
979 37.0 41.142857142857146 70.0 4.834769901453428 49 2016.0
980 37.0 41.857142857142854 73.0 5.7264008475364925 49 2051.0
981 36.0 41.265306122448976 73.0 5.286679448560953 49 2022.0
982 37.0 42.06122448979592 78.0 6.077308077544509 49 2061.0
983 37.0 41.42857142857143 77.0 5.740934883216611 49 2030.0
984 36.0 41.57142857142857 75.0 5.515130702591432 49 2037.0
985 38.0 42.53061224489796 104.0 9.340998431681715 49 2084.0
986 37.0 41.91836734693877 60.0 4.157506938728814 49 2054.0
987 37.0 41.63265306122449 62.0 4.30935937597371 49 2040.0
988 37.0 41.30612244897959 60.0 3.6697188904184324 49 2024.0
989 37.0 41.97959183673469 77.0 5.9037057427177615 49 2057.0
990 37.0 41.83673469387755 74.0 5.335989984590137 49 2050.0
991 37.0 41.734693877551024 68.0 4.622298806709 49 2045.0
992 37.0 41.36734693877551 55.0 3.212565677350816 49 2027.0
993 37.0 42.06122448979592 78.0 5.871570499964588 49 2061.0
994 38.0 42.48979591836735 71.0 5.115835093851536 49 2082.0
995 37.0 42.16326530612245 64.0 4.5841526787742275 49 2066.0
996 37.0 42.38775510204081 62.0 4.671796257555423 49 2077.0
997 38.0 42.16326530612245 69.0 4.797338406065692 49 2066.0
998 37.0 42.714285714285715 76.0 5.816642788871716 49 2093.0
999 38.0 42.08163265306123 66.0 4.310049954727312 49 2062.0
1000 37.0 42.816326530612244 78.0 6.489329284126607 49 2098.0
1001 38.0 42.30612244897959 74.0 5.276536433560739 49 2073.0
1002 38.0 42.48979591836735 64.0 4.098386110102732 49 2082.0
1003 38.0 42.46938775510204 74.0 5.3037016979351534 49 2081.0
1004 38.0 43.40816326530612 93.0 8.23083219604529 49 2127.0
1005 38.0 42.6530612244898 77.0 5.825772553948546 49 2090.0
1006 37.0 42.734693877551024 76.0 5.615364006471 49 2094.0
1007 38.0 42.46938775510204 64.0 4.188784831827357 49 2081.0
1008 38.0 43.204081632653065 72.0 5.342360557518614 49 2117.0
1009 38.0 44.08163265306123 76.0 7.521737207071574 49 2160.0
1010 39.0 43.91836734693877 76.0 5.589561456761305 49 2152.0
1011 38.0 43.16326530612245 75.0 5.720383651088994 49 2115.0
1012 38.0 42.97959183673469 63.0 4.2450451308867505 49 2106.0
1013 38.0 43.63265306122449 76.0 6.088561261192377 49 2138.0
1014 38.0 43.714285714285715 80.0 6.3933559262722115 49 2142.0
1015 38.0 43.40816326530612 66.0 4.982964175346751 49 2127.0
1016 38.0 43.93877551020408 88.0 7.630553068818434 49 2153.0
1017 38.0 43.53061224489796 74.0 5.623988949196134 49 2133.0
1018 38.0 43.55102040816327 67.0 4.6951270150098 49 2134.0
1019 38.0 43.57142857142857 73.0 5.545268253204709 49 2135.0
1020 38.0 43.51020408163265 62.0 4.253050125986015 49 2132.0
1021 38.0 43.42857142857143 70.0 5.119407517802557 49 2128.0
1022 38.0 43.87755102040816 69.0 5.246557018104128 49 2150.0
1023 38.0 43.714285714285715 74.0 5.560275772537427 49 2142.0
1024 39.0 44.12244897959184 67.0 4.943988997852276 49 2162.0
1025 38.0 43.83673469387755 76.0 5.720383651088993 49 2148.0
1026 38.0 44.183673469387756 69.0 5.218849926738951 49 2165.0
1027 38.0 43.69387755102041 67.0 4.72671521616163 49 2141.0
1028 39.0 43.83673469387755 74.0 5.557828333289264 49 2148.0
1029 39.0 44.16326530612245 69.0 5.173437520866847 49 2164.0
1030 39.0 44.46938775510204 64.0 5.012908507112438 49 2179.0
1031 38.0 44.36734693877551 80.0 6.766011496045942 49 2174.0
1032 38.0 43.816326530612244 67.0 4.688965190510923 49 2147.0
1033 39.0 44.16326530612245 68.0 4.831954999339944 49 2164.0
1034 39.0 44.285714285714285 67.0 4.600724580614087 49 2170.0
1035 39.0 44.40816326530612 71.0 5.446399297345215 49 2176.0
1036 39.0 43.97959183673469 59.0 3.8702379121442445 49 2155.0
1037 39.0 44.06122448979592 68.0 4.723205846603316 49 2159.0
1038 39.0 44.44897959183673 76.0 5.458407981002778 49 2178.0
1039 39.0 44.04081632653061 69.0 4.596009064365289 49 2158.0
1040 39.0 44.0 63.0 4.203173404306164 49 2156.0
1041 39.0 44.69387755102041 74.0 5.382084794454087 49 2190.0
1042 39.0 45.40816326530612 71.0 5.696923026756558 49 2225.0
1043 39.0 44.224489795918366 67.0 4.682704463067829 49 2167.0
1044 39.0 44.3469387755102 67.0 4.670613005841969 49 2173.0
1045 39.0 44.42857142857143 79.0 5.979130371550699 49 2177.0
1046 39.0 44.59183673469388 73.0 5.322586962444964 49 2185.0
1047 39.0 44.10204081632653 67.0 4.42645878948014 49 2161.0
1048 39.0 44.59183673469388 63.0 4.531916295136357 49 2185.0
1049 39.0 44.38775510204081 74.0 5.163236737303664 49 2175.0
1050 39.0 45.36734693877551 69.0 5.536597471789498 49 2223.0
1051 39.0 44.91836734693877 71.0 5.326180364849801 49 2201.0
1052 39.0 45.51020408163265 76.0 6.748834618471764 49 2230.0
1053 39.0 44.30612244897959 65.0 4.1992265241780595 49 2171.0
1054 39.0 45.183673469387756 66.0 4.711128091142977 49 2214.0
1055 39.0 45.142857142857146 72.0 5.484827557301446 49 2212.0
1056 40.0 45.326530612244895 72.0 5.63244971534752 49 2221.0
1057 40.0 45.36734693877551 73.0 5.907953246651995 49 2223.0
1058 40.0 46.38775510204081 92.0 8.095308122946415 49 2273.0
1059 39.0 45.06122448979592 69.0 4.9472558187397615 49 2208.0
1060 40.0 45.30612244897959 75.0 5.374337484877606 49 2220.0
1061 40.0 45.12244897959184 65.0 4.675435153817346 49 2211.0
1062 40.0 45.06122448979592 72.0 4.930382689952957 49 2208.0
1063 40.0 44.91836734693877 70.0 4.604511984156942 49 2201.0
1064 40.0 45.0 70.0 4.703721930556695 49 2205.0
1065 40.0 45.0 69.0 4.50462725057986 49 2205.0
1066 40.0 45.204081632653065 63.0 4.025851834481403 49 2215.0
1067 40.0 44.91836734693877 65.0 4.1070910969823355 49 2201.0
1068 41.0 45.59183673469388 71.0 5.151530384858702 49 2234.0
1069 40.0 45.12244897959184 71.0 4.781181221994312 49 2211.0
1070 40.0 45.12244897959184 61.0 3.6834803122704947 49 2211.0
1071 40.0 46.0 73.0 6.258327785172862 49 2254.0
1072 40.0 45.48979591836735 73.0 4.954469568731143 49 2229.0
1073 40.0 45.69387755102041 75.0 5.462768229999685 49 2239.0
1074 41.0 46.183673469387756 72.0 4.914576403362736 49 2263.0
1075 40.0 46.204081632653065 106.0 9.19913852813751 49 2264.0
1076 41.0 45.714285714285715 68.0 4.3301270189221945 49 2240.0
1077 41.0 45.48979591836735 68.0 4.430587098886144 49 2229.0
1078 41.0 46.183673469387756 76.0 5.31379285989049 49 2263.0
1079 41.0 45.95918367346939 75.0 5.275569415054761 49 2252.0
1080 41.0 45.775510204081634 66.0 4.1895967691933516 49 2243.0
1081 41.0 45.775510204081634 66.0 4.278167959353089 49 2243.0
1082 41.0 46.285714285714285 66.0 4.467475051226737 49 2268.0
1083 41.0 46.265306122448976 71.0 5.052950912602466 49 2267.0
1084 41.0 46.0 72.0 4.752192476461084 49 2254.0
1085 41.0 46.244897959183675 73.0 5.352299397785723 49 2266.0
1086 41.0 45.97959183673469 65.0 4.100253020233261 49 2253.0
1087 41.0 46.816326530612244 86.0 6.990092600089297 49 2294.0
1088 41.0 46.91836734693877 82.0 6.369971005604729 49 2299.0
1089 41.0 46.30612244897959 72.0 4.921060529468611 49 2269.0
1090 41.0 46.714285714285715 69.0 4.958158260214507 49 2289.0
1091 41.0 47.02040816326531 69.0 5.524527867905574 49 2304.0
1092 41.0 46.69387755102041 69.0 5.160765776642121 49 2288.0
1093 41.0 46.83673469387755 79.0 6.365096682872376 49 2295.0
1094 41.0 47.244897959183675 72.0 5.629278418252564 49 2315.0
1095 41.0 46.755102040816325 73.0 5.340609407505609 49 2291.0
1096 41.0 46.95918367346939 79.0 6.655070697325053 49 2301.0
1097 41.0 47.224489795918366 81.0 7.045285971610287 49 2314.0
1098 41.0 47.38775510204081 86.0 7.149639636986995 49 2322.0
1099 41.0 46.36734693877551 74.0 4.956871819130745 49 2272.0
1100 42.0 46.69387755102041 70.0 4.61521072845295 49 2288.0
1101 41.0 46.6530612244898 76.0 5.21436725311328 49 2286.0
1102 41.0 46.734693877551024 75.0 4.99906453834149 49 2290.0
1103 42.0 46.55102040816327 70.0 4.463095079322738 49 2281.0
1104 41.0 46.57142857142857 70.0 4.467475051226737 49 2282.0
1105 42.0 46.53061224489796 69.0 4.397452107074459 49 2280.0
1106 42.0 47.91836734693877 72.0 4.927967526838852 49 2348.0
1107 41.0 47.857142857142854 85.0 7.868714422741919 49 2345.0
1108 42.0 47.142857142857146 71.0 5.0124844139408555 49 2310.0
1109 42.0 46.91836734693877 68.0 4.2172104459675985 49 2299.0
1110 42.0 47.12244897959184 76.0 5.039976244410057 49 2309.0
1111 42.0 46.89795918367347 69.0 4.258544831469155 49 2298.0
1112 42.0 47.89795918367347 83.0 6.841189278794976 49 2347.0
1113 42.0 47.55102040816327 73.0 5.534216387204982 49 2330.0
1114 42.0 47.755102040816325 73.0 5.666166444508206 49 2340.0
1115 42.0 47.44897959183673 73.0 5.389268752537289 49 2325.0
1116 42.0 47.59183673469388 78.0 5.641802191923173 49 2332.0
1117 42.0 47.87755102040816 69.0 5.804569511245806 49 2346.0
1118 42.0 47.87755102040816 74.0 5.790195207781659 49 2346.0
1119 42.0 47.734693877551024 70.0 5.5067213105292305 49 2339.0
1120 42.0 47.95918367346939 72.0 5.612334569475335 49 2350.0
1121 42.0 48.08163265306123 70.0 5.758460206129608 49 2356.0
1122 43.0 48.816326530612244 75.0 6.129414971361987 49 2392.0
1123 42.0 48.6530612244898 89.0 8.407712283989037 49 2384.0
1124 42.0 47.51020408163265 75.0 4.979635399051115 49 2328.0
1125 42.0 48.12244897959184 80.0 5.772176990606262 49 2358.0
1126 43.0 48.204081632653065 76.0 5.11525330032938 49 2362.0
1127 43.0 48.12244897959184 76.0 5.566389662748291 49 2358.0
1128 42.0 47.87755102040816 64.0 4.070384160111223 49 2346.0
1129 42.0 48.204081632653065 76.0 5.291422271928779 49 2362.0
1130 42.0 48.224489795918366 68.0 4.450024841327897 49 2363.0
1131 43.0 48.857142857142854 79.0 6.409628174343136 49 2394.0
1132 43.0 48.30612244897959 65.0 4.633231780808497 49 2367.0
1133 43.0 47.95918367346939 69.0 4.349133935209924 49 2350.0
1134 43.0 48.326530612244895 74.0 4.749507672301593 49 2368.0
1135 43.0 48.204081632653065 75.0 4.860468049464366 49 2362.0
1136 43.0 48.714285714285715 70.0 5.094932122544257 49 2387.0
1137 43.0 48.42857142857143 76.0 5.090841449767088 49 2373.0
1138 43.0 49.42857142857143 79.0 5.571504883482259 49 2422.0
1139 43.0 48.285714285714285 61.0 3.464101615137755 49 2366.0
1140 43.0 48.12244897959184 67.0 4.12630107290024 49 2358.0
1141 43.0 48.48979591836735 77.0 5.397230960484855 49 2376.0
1142 43.0 49.44897959183673 74.0 5.7881388217982614 49 2423.0
1143 43.0 48.69387755102041 69.0 4.748701935058382 49 2386.0
1144 43.0 48.91836734693877 92.0 6.978648193758223 49 2397.0
1145 43.0 49.16326530612245 73.0 5.997731997650966 49 2409.0
1146 43.0 49.775510204081634 92.0 7.635621853420675 49 2439.0
1147 43.0 49.265306122448976 81.0 6.900409137036977 49 2414.0
1148 43.0 48.755102040816325 68.0 4.1709841576703965 49 2389.0
1149 43.0 49.142857142857146 71.0 5.503786575319457 49 2408.0
1150 43.0 49.142857142857146 72.0 5.59389548227947 49 2408.0
1151 43.0 49.57142857142857 71.0 5.898446123062129 49 2429.0
1152 43.0 49.755102040816325 76.0 6.4631345989030295 49 2438.0
1153 44.0 49.57142857142857 79.0 6.7299083698566555 49 2429.0
1154 43.0 50.57142857142857 81.0 7.199537022151724 49 2478.0
1155 43.0 49.63265306122449 87.0 7.195756497035309 49 2432.0
1156 44.0 49.734693877551024 80.0 6.59158399717676 49 2437.0
1157 44.0 48.93877551020408 76.0 4.784559206731702 49 2398.0
1158 44.0 49.55102040816327 87.0 6.416324312803618 49 2428.0
1159 44.0 49.53061224489796 82.0 5.881121069491221 49 2427.0
1160 44.0 48.97959183673469 73.0 4.557456325985505 49 2400.0
1161 44.0 49.02040816326531 75.0 4.723565901935949 49 2402.0
1162 44.0 50.04081632653061 87.0 6.592164489229715 49 2452.0
1163 44.0 49.755102040816325 74.0 5.535983096391949 49 2438.0
1164 44.0 50.755102040816325 125.0 11.580390415563318 49 2487.0
1165 44.0 49.6530612244898 85.0 6.206686650997735 49 2433.0
1166 44.0 50.08163265306123 80.0 5.873090947611111 49 2454.0
1167 44.0 49.89795918367347 80.0 5.821099903079542 49 2445.0
1168 44.0 50.285714285714285 88.0 6.748456613675951 49 2464.0
1169 44.0 50.02040816326531 89.0 6.574856766242033 49 2451.0
1170 44.0 50.40816326530612 77.0 5.38097871885674 49 2470.0
1171 44.0 50.59183673469388 85.0 6.648678964485284 49 2479.0
1172 44.0 50.30612244897959 84.0 6.3087375970179025 49 2465.0
1173 45.0 50.12244897959184 80.0 5.536367089005 49 2456.0
1174 44.0 50.16326530612245 77.0 5.157304442792403 49 2458.0
1175 44.0 50.265306122448976 84.0 6.1973633849541265 49 2463.0
1176 44.0 50.714285714285715 85.0 6.422616289332565 49 2485.0
1177 44.0 50.775510204081634 85.0 6.656028927854457 49 2488.0
1178 45.0 50.51020408163265 76.0 5.1685041718227955 49 2475.0
1179 44.0 50.53061224489796 78.0 5.657230037808278 49 2476.0
1180 45.0 50.6530612244898 80.0 6.176403418145019 49 2482.0
1181 45.0 52.30612244897959 88.0 8.66795843329677 49 2563.0
1182 45.0 51.224489795918366 92.0 7.394438524217736 49 2510.0
1183 45.0 51.30612244897959 91.0 7.519984711954355 49 2514.0
1184 44.0 51.36734693877551 88.0 8.035582009493307 49 2517.0
1185 44.0 50.63265306122449 84.0 5.974577661332434 49 2481.0
1186 45.0 50.89795918367347 76.0 5.308189027182371 49 2494.0
1187 44.0 50.795918367346935 81.0 6.3112980434453645 49 2489.0
1188 44.0 50.59183673469388 85.0 6.157374871332949 49 2479.0
1189 44.0 51.10204081632653 81.0 5.874538627129168 49 2504.0
1190 45.0 51.38775510204081 87.0 6.784837036026891 49 2518.0
1191 45.0 51.06122448979592 80.0 5.814522634695624 49 2502.0
1192 45.0 51.06122448979592 78.0 5.4329556231135445 49 2502.0
1193 45.0 51.204081632653065 90.0 6.894984867752112 49 2509.0
1194 45.0 51.69387755102041 88.0 6.9737725372541775 49 2533.0
1195 45.0 51.142857142857146 84.0 6.432340165134304 49 2506.0
1196 45.0 51.48979591836735 77.0 5.715922384662247 49 2523.0
1197 45.0 51.204081632653065 91.0 6.855592582692173 49 2509.0
1198 45.0 51.6530612244898 88.0 6.656923151902848 49 2531.0
1199 46.0 51.59183673469388 78.0 5.827086061899989 49 2528.0
1200 45.0 51.16326530612245 84.0 5.885529354468713 49 2507.0
1201 46.0 51.204081632653065 84.0 5.9581162845201305 49 2509.0
1202 46.0 52.285714285714285 82.0 6.031169040907408 49 2562.0
1203 46.0 51.30612244897959 85.0 5.997235757804914 49 2514.0
1204 45.0 52.224489795918366 127.0 11.504103083469916 49 2559.0
1205 45.0 51.38775510204081 90.0 6.645224872451059 49 2518.0
1206 45.0 51.48979591836735 84.0 5.9865211412096055 49 2523.0
1207 46.0 51.63265306122449 86.0 6.210521574819022 49 2530.0
1208 45.0 51.734693877551024 89.0 6.547186132874442 49 2535.0
1209 46.0 52.57142857142857 78.0 7.05041369944582 49 2576.0
1210 46.0 52.857142857142854 101.0 9.703951085339758 49 2590.0
1211 46.0 51.87755102040816 84.0 6.290312171179135 49 2542.0
1212 46.0 52.183673469387756 85.0 6.250578204546878 49 2557.0
1213 46.0 51.857142857142854 90.0 6.831300510639733 49 2541.0
1214 46.0 52.10204081632653 80.0 5.93803032003312 49 2553.0
1215 46.0 52.30612244897959 78.0 5.990284083527304 49 2563.0
1216 46.0 52.04081632653061 81.0 5.812913726040889 49 2550.0
1217 46.0 52.265306122448976 85.0 6.2575804369716295 49 2561.0
1218 47.0 53.285714285714285 83.0 6.7391888730519085 49 2611.0
1219 46.0 52.40816326530612 78.0 5.641802191923174 49 2568.0
1220 46.0 52.57142857142857 85.0 6.554260700745229 49 2576.0
1221 46.0 52.89795918367347 87.0 6.892764618179897 49 2592.0
1222 47.0 52.46938775510204 75.0 5.248420559306097 49 2571.0
1223 46.0 52.3469387755102 82.0 5.946115750387543 49 2565.0
1224 46.0 52.95918367346939 91.0 7.325637582244605 49 2595.0
1225 46.0 52.61224489795919 85.0 6.5345757530316275 49 2578.0
1226 46.0 53.06122448979592 85.0 6.850815533160104 49 2600.0
1227 46.0 52.93877551020408 88.0 7.10753169551294 49 2594.0
1228 46.0 52.714285714285715 78.0 5.784317879692759 49 2583.0
1229 46.0 53.10204081632653 82.0 6.586744573887214 49 2602.0
1230 46.0 53.12244897959184 79.0 6.293623271022108 49 2603.0
1231 47.0 52.55102040816327 76.0 5.675463360267732 49 2575.0
1232 46.0 52.63265306122449 84.0 6.392358320522966 49 2579.0
1233 47.0 52.755102040816325 83.0 6.1594460392314545 49 2585.0
1234 47.0 53.46938775510204 82.0 6.26532135653713 49 2620.0
1235 46.0 53.224489795918366 77.0 6.465502384844921 49 2608.0
1236 47.0 53.12244897959184 94.0 7.487858653238879 49 2603.0
1237 47.0 53.42857142857143 88.0 7.2858309981314635 49 2618.0
1238 47.0 53.91836734693877 79.0 7.410119023711984 49 2642.0
1239 47.0 53.04081632653061 84.0 6.402991435237745 49 2599.0
1240 46.0 53.46938775510204 87.0 7.050715214360426 49 2620.0
1241 47.0 53.59183673469388 102.0 8.502250602406544 49 2626.0
1242 47.0 53.44897959183673 85.0 6.579834168660698 49 2619.0
1243 47.0 54.61224489795919 79.0 7.370595652463161 49 2676.0
1244 47.0 53.55102040816327 90.0 7.18233140099658 49 2624.0
1245 47.0 53.38775510204081 88.0 6.984555362042898 49 2616.0
1246 47.0 53.755102040816325 89.0 6.878500963887703 49 2634.0
1247 47.0 53.48979591836735 86.0 6.664965769415692 49 2621.0
1248 47.0 53.48979591836735 78.0 5.996952173742061 49 2621.0
1249 47.0 53.97959183673469 97.0 8.42983243190112 49 2645.0
1250 47.0 53.93877551020408 83.0 6.138702914247256 49 2643.0
1251 47.0 53.06122448979592 81.0 5.580502379062398 49 2600.0
1252 47.0 53.38775510204081 85.0 6.106063675187329 49 2616.0
1253 47.0 55.224489795918366 98.0 9.69592978634688 49 2706.0
1254 47.0 53.48979591836735 82.0 5.813498835252567 49 2621.0
1255 48.0 54.0 86.0 6.363961030678928 49 2646.0
1256 48.0 54.204081632653065 89.0 7.062163242227125 49 2656.0
1257 47.0 54.06122448979592 87.0 6.896279683234125 49 2649.0
1258 48.0 55.57142857142857 91.0 8.033782836663352 49 2723.0
1259 48.0 54.16326530612245 86.0 6.145279146004102 49 2654.0
1260 47.0 54.48979591836735 96.0 7.599677759011648 49 2670.0
1261 48.0 55.204081632653065 93.0 8.845854942280251 49 2705.0
1262 48.0 54.285714285714285 85.0 6.825198409814423 49 2660.0
1263 48.0 54.89795918367347 97.0 9.372488325677766 49 2690.0
1264 47.0 54.0 90.0 6.858692781184084 49 2646.0
1265 48.0 54.10204081632653 85.0 6.523179496863421 49 2651.0
1266 47.0 54.42857142857143 88.0 6.516005934108205 49 2667.0
1267 48.0 53.795918367346935 87.0 6.079266649292274 49 2636.0
1268 48.0 54.326530612244895 77.0 6.011751530343302 49 2662.0
1269 48.0 54.285714285714285 86.0 7.202430145443968 49 2660.0
1270 48.0 55.142857142857146 94.0 7.673004626611404 49 2702.0
1271 48.0 53.83673469387755 85.0 5.959400622739918 49 2638.0
1272 48.0 54.55102040816327 85.0 6.913336219733194 49 2673.0
1273 48.0 54.46938775510204 89.0 7.4361225357942375 49 2669.0
1274 48.0 55.06122448979592 90.0 7.597719403614116 49 2698.0
1275 48.0 54.91836734693877 85.0 7.132194422399852 49 2691.0
1276 48.0 54.69387755102041 96.0 7.937789579055403 49 2680.0
1277 48.0 55.04081632653061 100.0 9.313876707350593 49 2697.0
1278 48.0 54.326530612244895 83.0 5.669317107252429 49 2662.0
1279 48.0 55.10204081632653 89.0 8.088687826112421 49 2700.0
1280 48.0 54.734693877551024 88.0 6.8367131180490075 49 2682.0
1281 48.0 54.3469387755102 87.0 6.395151224456971 49 2663.0
1282 49.0 55.48979591836735 91.0 7.461351667592336 49 2719.0
1283 49.0 54.83673469387755 87.0 7.027763213307127 49 2687.0
1284 49.0 55.95918367346939 85.0 7.205204090544179 49 2742.0
1285 49.0 55.183673469387756 83.0 7.010924420109648 49 2704.0
1286 49.0 55.40816326530612 99.0 8.81976560380844 49 2715.0
1287 49.0 54.714285714285715 85.0 6.2915286960589585 49 2681.0
1288 49.0 54.91836734693877 86.0 6.954724816907682 49 2691.0
1289 49.0 54.97959183673469 81.0 6.49194948865634 49 2694.0
1290 49.0 55.53061224489796 82.0 6.828561466420307 49 2721.0
1291 49.0 54.93877551020408 89.0 7.264090225397886 49 2692.0
1292 49.0 57.0 88.0 8.890538041461083 49 2793.0
1293 49.0 55.97959183673469 110.0 10.030141648880072 49 2743.0
1294 49.0 55.44897959183673 91.0 6.834536147665141 49 2717.0
1295 49.0 55.265306122448976 91.0 6.833665165329415 49 2708.0
1296 49.0 55.224489795918366 98.0 7.50351391605529 49 2706.0
1297 49.0 54.734693877551024 81.0 5.3649149970125425 49 2682.0
1298 49.0 55.95918367346939 89.0 6.601638633934852 49 2742.0
