##ver, min, mean, max, stddev, count
0 2.0 13.428571428571436 184.0 29.53458424739827 49 658.0
1 2.0 2.7346938775510203 15.0 2.028705562299122 49 134.0
2 2.0 2.612244897959184 10.0 1.4974468066597602 49 128.0
3 2.0 2.4081632653061225 7.0 1.0391977544188182 49 118.0
4 2.0 2.4081632653061225 8.0 1.1888083555066602 49 118.0
5 2.0 2.4081632653061225 7.0 1.018953044120507 49 118.0
6 2.0 2.36734693877551 7.0 0.9724084693648637 49 116.0
7 2.0 2.387755102040816 7.0 0.9961661200700966 49 117.0
8 2.0 2.4081632653061225 7.0 0.9772062079157678 49 118.0
9 2.0 2.306122448979592 7.0 0.9618576131773409 49 113.0
10 2.0 2.3469387755102042 6.0 0.7786478774175157 49 115.0
11 2.0 2.326530612244898 7.0 0.8753036402215137 49 114.0
12 2.0 2.4693877551020407 7.0 0.9811141799065012 49 121.0
13 2.0 2.3469387755102042 6.0 0.804959119256046 49 115.0
14 2.0 2.2653061224489797 7.0 0.8606080748537053 49 111.0
15 2.0 2.326530612244898 7.0 0.8753036402215139 49 114.0
16 2.0 2.3469387755102042 6.0 0.8049591192560459 49 115.0
17 2.0 2.4081632653061225 10.0 1.3981888187183875 49 118.0
18 2.0 2.326530612244898 7.0 0.8987898137227077 49 114.0
19 2.0 2.510204081632653 8.0 1.138757527958869 49 123.0
20 2.0 2.2857142857142856 7.0 0.816496580927726 49 112.0
21 2.0 2.326530612244898 7.0 1.0285052888788175 49 114.0
22 2.0 2.4897959183673466 11.0 1.4736922024232162 49 122.0
23 2.0 2.4285714285714284 10.0 1.3693063937629153 49 119.0
24 2.0 2.2857142857142856 7.0 0.816496580927726 49 112.0
25 2.0 2.5510204081632657 10.0 1.5950604023280226 49 125.0
26 2.0 2.5102040816326534 10.0 1.3711681300323197 49 123.0
27 2.0 2.306122448979592 7.0 0.846662113652121 49 113.0
28 2.0 2.4081632653061225 9.0 1.2402682395846674 49 118.0
29 2.0 2.326530612244898 6.0 0.7468755781599106 49 114.0
30 2.0 2.5714285714285716 15.0 1.979057014506321 49 126.0
31 2.0 2.306122448979592 7.0 0.8216873298446381 49 113.0
32 2.0 2.36734693877551 7.0 0.9058577323688947 49 116.0
33 2.0 2.2653061224489797 6.0 0.7004614611121738 49 111.0
34 2.0 2.306122448979592 7.0 0.8216873298446383 49 113.0
35 2.0 2.36734693877551 7.0 0.8586296628693787 49 116.0
36 2.0 2.3877551020408165 7.0 0.885445427704145 49 117.0
37 2.0 2.326530612244898 7.0 0.826331125670394 49 114.0
38 2.0 2.3469387755102042 7.0 0.8551564283841889 49 115.0
39 2.0 2.306122448979592 7.0 0.8216873298446381 49 113.0
40 2.0 2.306122448979592 7.0 0.8216873298446381 49 113.0
41 2.0 2.36734693877551 7.0 0.8586296628693786 49 116.0
42 2.0 2.3469387755102042 6.0 0.7231591689755922 49 115.0
43 2.0 2.36734693877551 7.0 0.8586296628693787 49 116.0
44 2.0 2.3877551020408165 7.0 0.8370664681546162 49 117.0
45 2.0 2.4489795918367347 9.0 1.1376368871809799 49 120.0
46 2.0 2.4693877551020407 8.0 1.002123595511189 49 121.0
47 2.0 2.510204081632653 8.0 0.981547438563038 49 123.0
48 2.0 2.8775510204081636 11.0 1.943286017090046 49 141.0
49 2.0 2.673469387755102 9.0 1.3445531336662382 49 131.0
50 2.0 2.612244897959184 8.0 1.151381896726209 49 128.0
51 2.0 2.510204081632653 7.0 0.8926190158645477 49 123.0
52 2.0 2.673469387755102 10.0 1.3599594831899835 49 131.0
53 2.0 2.6122448979591835 7.0 0.9750283442592032 49 128.0
54 2.0 3.040816326530612 25.0 3.3600544618197112 49 149.0
55 2.0 2.6530612244897958 8.0 1.2340823245122137 49 130.0
56 2.0 2.673469387755102 7.0 0.9440108381713815 49 131.0
57 2.0 2.510204081632653 7.0 0.8689660757568889 49 123.0
58 2.0 2.5510204081632653 7.0 0.8911889177244235 49 125.0
59 2.0 2.673469387755102 7.0 0.9216777071831386 49 131.0
60 2.0 2.4489795918367347 7.0 0.8911889177244237 49 120.0
61 2.0 2.693877551020408 7.0 0.8945222568651999 49 132.0
62 2.0 2.5510204081632653 7.0 0.8674969858207938 49 125.0
63 2.0 2.5714285714285716 8.0 1.040832999733066 49 126.0
64 2.0 2.857142857142857 7.0 1.1180339887498953 49 140.0
65 2.0 2.4489795918367347 7.0 0.8674969858207939 49 120.0
66 2.0 2.816326530612245 8.0 1.1487941030299829 49 138.0
67 2.0 2.63265306122449 7.0 0.905857732368895 49 129.0
68 2.0 2.612244897959184 7.0 0.9534220500083772 49 128.0
69 2.0 2.673469387755102 7.0 0.8753036402215142 49 131.0
70 2.0 2.693877551020408 7.0 0.917516612761795 49 132.0
71 2.0 2.63265306122449 8.0 0.9507426384810193 49 129.0
72 2.0 2.6530612244897958 7.0 1.0518044100529351 49 130.0
73 2.0 2.7346938775510203 7.0 0.860608074853705 49 134.0
74 2.0 2.5918367346938775 7.0 0.8878430639040036 49 127.0
75 2.0 2.7142857142857144 8.0 1.0992421631894098 49 133.0
76 2.0 2.7142857142857144 7.0 0.889756521002609 49 133.0
77 2.0 2.5918367346938775 7.0 0.9556491543042605 49 127.0
78 2.0 2.7346938775510203 7.0 0.8606080748537053 49 134.0
79 2.0 2.7551020408163267 8.0 1.0109939878839118 49 135.0
80 2.0 2.510204081632653 7.0 0.8926190158645477 49 123.0
81 2.0 3.0204081632653064 11.0 1.5067873649806407 49 148.0
82 2.0 2.5510204081632653 7.0 0.9142671129060127 49 125.0
83 2.0 2.7551020408163267 7.0 0.8546590997998841 49 135.0
84 2.0 2.5714285714285716 7.0 0.9128709291752767 49 126.0
85 2.0 2.816326530612245 8.0 1.013933540469885 49 138.0
86 2.0 2.6530612244897958 7.0 0.8551564283841891 49 130.0
87 2.0 2.7551020408163267 7.0 0.9249011714073825 49 135.0
88 2.0 2.6122448979591835 8.0 0.9534220500083772 49 128.0
89 2.0 2.816326530612245 7.0 0.9281134401694277 49 138.0
90 2.0 2.63265306122449 8.0 1.0143527811495612 49 129.0
91 2.0 2.795918367346939 7.0 0.9124050598266535 49 137.0
92 2.0 2.7346938775510203 8.0 0.9525297502808336 49 134.0
93 2.0 3.0 20.0 2.565800719723442 49 147.0
94 2.0 2.7551020408163267 7.0 0.9020950671653636 49 135.0
95 2.0 2.795918367346939 8.0 1.0202040612204073 49 137.0
96 2.0 2.877551020408163 7.0 0.8811132414268255 49 141.0
97 2.0 2.7755102040816326 7.0 1.0055120197037466 49 136.0
98 2.0 2.7551020408163267 8.0 0.9901728015203954 49 135.0
99 2.0 2.816326530612245 8.0 1.1487941030299835 49 138.0
100 2.0 2.938775510204082 14.0 1.7249174287641786 49 144.0
101 2.0 2.7346938775510203 7.0 0.9304011277419008 49 134.0
102 2.0 2.836734693877551 8.0 0.9431096343018266 49 139.0
103 2.0 2.7142857142857144 7.0 0.9128709291752767 49 133.0
104 2.0 2.7551020408163263 7.0 0.8786972422498066 49 135.0
105 2.0 2.7551020408163267 8.0 0.9901728015203954 49 135.0
106 2.0 2.7346938775510203 8.0 1.1323925667232482 49 134.0
107 2.0 2.795918367346939 7.0 0.9124050598266535 49 137.0
108 2.0 2.693877551020408 8.0 0.9832785641383004 49 132.0
109 2.0 2.795918367346939 7.0 0.8655343204425496 49 137.0
110 2.0 2.7346938775510203 8.0 1.0363298663247789 49 134.0
111 2.0 2.816326530612245 7.0 0.7819172320796679 49 138.0
112 2.0 2.6530612244897958 7.0 0.9476070829586857 49 130.0
113 2.0 2.816326530612245 7.0 0.8335033840102046 49 138.0
114 2.0 2.693877551020408 8.0 1.0247780579360641 49 132.0
115 2.0 2.8979591836734695 10.0 1.1591106137750558 49 142.0
116 2.0 2.673469387755102 8.0 1.0485655897073711 49 131.0
117 2.0 2.7551020408163267 8.0 0.9689042833036098 49 135.0
118 2.0 2.7755102040816326 7.0 0.9189057378763295 49 136.0
119 2.0 2.836734693877551 7.0 0.920754644650929 49 139.0
120 2.0 2.6530612244897958 8.0 1.0114144470361641 49 130.0
121 2.0 2.836734693877551 7.0 0.850170051017006 49 139.0
122 2.0 2.673469387755102 7.0 0.9440108381713813 49 131.0
123 2.0 3.020408163265306 8.0 1.0101525445522108 49 148.0
124 2.0 2.693877551020408 7.0 0.9399486163405657 49 132.0
125 2.0 3.0 7.0 1.0206207261596576 49 147.0
126 2.0 2.7346938775510203 8.0 1.0160280139691362 49 134.0
127 2.0 2.836734693877551 7.0 1.0072019570636892 49 139.0
128 2.0 2.8979591836734695 8.0 1.005089091390735 49 142.0
129 2.0 2.63265306122449 7.0 0.8825596663262206 49 129.0
130 2.0 2.816326530612245 7.0 0.7819172320796678 49 138.0
131 2.0 2.7551020408163263 8.0 1.090309823033839 49 135.0
132 2.0 2.795918367346939 7.0 0.7632057345154577 49 137.0
133 2.0 2.7142857142857144 7.0 0.8660254037844386 49 133.0
134 2.0 2.7755102040816326 8.0 1.0260219726864404 49 136.0
135 2.0 2.7142857142857144 7.0 0.841625411530173 49 133.0
136 2.0 2.836734693877551 13.0 1.712052116315269 49 139.0
137 2.0 2.9183673469387754 7.0 0.8859254740542409 49 143.0
138 2.0 2.857142857142857 8.0 1.2416387021459452 49 140.0
139 2.0 3.306122448979592 29.0 3.8362529549931743 49 162.0
140 2.0 2.63265306122449 7.0 0.8825596663262208 49 129.0
141 2.0 2.857142857142857 8.0 0.9354143466934858 49 140.0
142 2.0 2.693877551020408 7.0 0.8945222568652001 49 132.0
143 2.0 2.795918367346939 8.0 0.9349597102891364 49 137.0
144 2.0 2.7346938775510203 7.0 0.8606080748537053 49 134.0
145 2.0 3.061224489795918 7.0 1.008467551645113 49 150.0
146 2.0 2.6530612244897958 8.0 0.9693429993248706 49 130.0
147 2.0 2.795918367346939 7.0 0.8159756899139905 49 137.0
148 2.0 2.857142857142857 9.0 1.2583057392117918 49 140.0
149 2.0 2.795918367346939 8.0 0.9569829290695904 49 137.0
150 2.0 2.836734693877551 7.0 0.850170051017006 49 139.0
151 2.0 2.7551020408163267 8.0 0.9901728015203953 49 135.0
152 2.0 2.836734693877551 7.0 0.850170051017006 49 139.0
153 2.0 2.673469387755102 7.0 0.8753036402215141 49 131.0
154 2.0 3.020408163265306 9.0 1.249829920401961 49 148.0
155 2.0 2.673469387755102 7.0 0.9216777071831385 49 131.0
156 2.0 2.9183673469387754 7.0 0.8375742428256124 49 143.0
157 2.0 2.7755102040816326 8.0 0.9845749108635877 49 136.0
158 2.0 2.816326530612245 7.0 0.8335033840102046 49 138.0
159 2.0 2.7551020408163267 7.0 0.8786972422498064 49 135.0
160 2.0 2.816326530612245 8.0 0.9281134401694278 49 138.0
161 2.0 2.6530612244897958 7.0 0.8791809732207979 49 130.0
162 2.0 2.836734693877551 7.0 0.8743316203323114 49 139.0
163 2.0 2.836734693877551 8.0 0.9649468632933069 49 139.0
164 2.0 2.693877551020408 7.0 0.8466621136521213 49 132.0
165 2.0 2.7551020408163267 7.0 0.8786972422498065 49 135.0
166 2.0 2.7142857142857144 8.0 0.9789450103725609 49 133.0
167 2.0 2.7346938775510203 7.0 0.8107483735229248 49 134.0
168 2.0 2.7551020408163267 7.0 0.8546590997998841 49 135.0
169 2.0 2.7755102040816326 8.0 0.9631827907699425 49 136.0
170 2.0 2.673469387755102 7.0 0.8753036402215142 49 131.0
171 2.0 2.7346938775510203 7.0 0.860608074853705 49 134.0
172 2.0 2.7346938775510203 7.0 0.8606080748537053 49 134.0
173 2.0 2.7142857142857144 8.0 0.9574271077563382 49 133.0
174 2.0 2.6530612244897958 7.0 0.830437144123585 49 130.0
175 2.0 2.7346938775510203 8.0 0.9741558354989892 49 134.0
176 2.0 2.7755102040816326 7.0 0.8481672919312798 49 136.0
177 2.0 2.693877551020408 7.0 0.8466621136521213 49 132.0
178 2.0 2.816326530612245 8.0 0.9502953354035768 49 138.0
179 2.0 2.612244897959184 7.0 0.8370664681546165 49 128.0
180 2.0 2.857142857142857 8.0 0.9128709291752772 49 140.0
181 2.0 2.612244897959184 7.0 0.9086695065362562 49 128.0
182 2.0 2.8979591836734695 10.0 1.38811769972842 49 142.0
183 2.0 2.8775510204081636 7.0 1.0534200859823304 49 141.0
184 2.0 2.5714285714285716 7.0 0.8164965809277263 49 126.0
185 2.0 2.938775510204082 8.0 1.0289185922062813 49 144.0
186 2.0 2.5918367346938775 7.0 0.8878430639040036 49 127.0
187 2.0 3.1224489795918364 22.0 2.8477524256070805 49 153.0
188 2.0 2.693877551020408 8.0 0.9832785641383003 49 132.0
189 2.0 2.7755102040816326 8.0 0.9413046381319429 49 136.0
190 2.0 2.7142857142857144 8.0 0.9574271077563382 49 133.0
191 2.0 2.816326530612245 7.0 0.8581343471876239 49 138.0
192 2.0 2.857142857142857 8.0 1.2247448713915894 49 140.0
193 2.0 2.857142857142857 7.0 0.7905694150420947 49 140.0
194 2.0 2.7755102040816326 8.0 1.0055120197037466 49 136.0
195 2.0 2.9183673469387754 8.0 1.0961435180873436 49 143.0
196 2.0 2.9591836734693877 11.0 1.526968451887995 49 145.0
197 2.0 2.9183673469387754 8.0 0.9091372900969898 49 143.0
198 2.0 2.6530612244897958 7.0 0.8791809732207978 49 130.0
199 2.0 2.9591836734693877 8.0 0.8888003073776232 49 145.0
200 2.0 2.7346938775510203 7.0 0.8360499936228303 49 134.0
201 2.0 2.836734693877551 8.0 0.9431096343018267 49 139.0
202 2.0 2.7346938775510203 7.0 0.8107483735229248 49 134.0
203 2.0 3.224489795918367 16.0 2.32974700094997 49 158.0
204 2.0 2.795918367346939 8.0 0.9349597102891364 49 137.0
205 2.0 3.020408163265306 11.0 1.4359926287874774 49 148.0
206 2.0 2.7346938775510203 8.0 0.9304011277419005 49 134.0
207 2.0 2.8979591836734695 7.0 0.8476658628056142 49 142.0
208 2.0 2.6530612244897958 8.0 0.9693429993248706 49 130.0
209 2.0 2.857142857142857 7.0 0.8416254115301732 49 140.0
210 2.0 2.7755102040816326 8.0 0.9631827907699424 49 136.0
211 2.0 2.816326530612245 7.0 0.8335033840102046 49 138.0
212 2.0 2.836734693877551 8.0 0.9431096343018266 49 139.0
213 2.0 2.9591836734693877 8.0 1.0793359006326795 49 145.0
214 2.0 2.816326530612245 8.0 0.9502953354035768 49 138.0
215 2.0 2.7346938775510203 7.0 0.8360499936228303 49 134.0
216 2.0 2.877551020408163 8.0 0.9271967846962266 49 141.0
217 2.0 2.816326530612245 7.0 0.8081220356417685 49 138.0
218 2.0 2.795918367346939 8.0 0.9569829290695904 49 137.0
219 2.0 2.7755102040816326 7.0 0.8232381723628796 49 136.0
220 2.0 2.816326530612245 8.0 0.9281134401694278 49 138.0
221 2.0 2.7551020408163267 7.0 0.8546590997998841 49 135.0
222 2.0 2.857142857142857 8.0 0.9574271077563385 49 140.0
223 2.0 2.7142857142857144 7.0 0.8164965809277261 49 133.0
224 2.0 2.9591836734693877 8.0 0.9119389524859788 49 145.0
225 2.0 3.1428571428571432 13.0 1.9257033347152224 49 154.0
226 2.0 2.7346938775510203 7.0 0.8360499936228302 49 134.0
227 2.0 2.7755102040816326 8.0 0.9413046381319431 49 136.0
228 2.0 2.7755102040816326 7.0 0.8481672919312798 49 136.0
229 2.0 2.7346938775510203 8.0 0.9953121412418319 49 134.0
230 2.0 2.836734693877551 7.0 0.8253014291636674 49 139.0
231 2.0 2.857142857142857 8.0 0.9354143466934858 49 140.0
232 2.0 2.836734693877551 8.0 0.9207546446509289 49 139.0
233 2.0 2.816326530612245 7.0 0.8081220356417687 49 138.0
234 2.0 2.7755102040816326 8.0 0.9413046381319431 49 136.0
235 2.0 2.877551020408163 7.0 0.8324825589070043 49 141.0
236 2.0 2.979591836734694 10.0 1.3767382333854559 49 146.0
237 2.0 2.938775510204082 8.0 1.0289185922062813 49 144.0
238 2.0 2.836734693877551 7.0 0.7996597916069843 49 139.0
239 2.0 2.877551020408163 8.0 0.9271967846962266 49 141.0
240 2.0 2.877551020408163 8.0 0.949400097017947 49 141.0
241 2.0 2.877551020408163 8.0 0.9044485672963133 49 141.0
242 2.0 2.877551020408163 7.0 0.8070691074608712 49 141.0
243 2.0 2.857142857142857 8.0 0.9354143466934858 49 140.0
244 2.0 2.857142857142857 7.0 0.7905694150420947 49 140.0
245 2.0 2.979591836734694 8.0 1.0895296370140524 49 146.0
246 2.0 2.938775510204082 8.0 1.0489709891386045 49 144.0
247 2.0 2.877551020408163 8.0 0.9271967846962265 49 141.0
248 2.0 3.1428571428571432 8.0 1.118033988749895 49 154.0
249 2.0 2.836734693877551 7.0 0.8253014291636677 49 139.0
250 2.0 2.857142857142857 8.0 0.8897565210026097 49 140.0
251 2.0 2.877551020408163 8.0 0.9044485672963133 49 141.0
252 2.0 2.857142857142857 7.0 0.8164965809277259 49 140.0
253 2.0 2.9183673469387754 8.0 0.9091372900969898 49 143.0
254 2.0 2.795918367346939 8.0 0.9995747395087302 49 137.0
255 2.0 2.938775510204082 8.0 0.8757892456071205 49 144.0
256 2.0 2.857142857142857 7.0 0.8164965809277257 49 140.0
257 2.0 2.816326530612245 8.0 0.9053882543729311 49 138.0
258 2.0 3.1428571428571432 13.0 1.6955824957813173 49 154.0
259 2.0 2.9591836734693877 7.0 0.9119389524859789 49 145.0
260 2.0 2.9183673469387754 8.0 1.0769697978951087 49 143.0
261 2.0 2.9183673469387754 8.0 0.9091372900969898 49 143.0
262 2.0 2.7346938775510203 8.0 0.9525297502808335 49 134.0
263 2.0 3.0 7.0 0.8416254115301732 49 147.0
264 2.0 2.8979591836734695 8.0 0.940852848022821 49 142.0
265 2.0 2.7755102040816326 8.0 0.9631827907699425 49 136.0
266 2.0 2.7551020408163267 8.0 0.9249011714073827 49 135.0
267 2.0 2.9183673469387754 9.0 1.2047948423880714 49 143.0
268 2.0 2.979591836734694 8.0 0.8536635734284554 49 146.0
269 2.0 2.836734693877551 8.0 1.1244802276220445 49 139.0
270 2.0 2.816326530612245 8.0 0.9281134401694278 49 138.0
271 2.0 2.795918367346939 8.0 0.9349597102891365 49 137.0
272 2.0 2.8979591836734695 7.0 0.770413794636354 49 142.0
273 2.0 2.877551020408163 8.0 0.9044485672963134 49 141.0
274 2.0 2.816326530612245 8.0 0.9281134401694278 49 138.0
275 2.0 2.9591836734693877 11.0 1.4136121532187982 49 145.0
276 2.0 3.0 8.0 1.0801234497346435 49 147.0
277 2.0 2.877551020408163 8.0 0.9044485672963134 49 141.0
278 2.0 2.938775510204082 8.0 0.9221388919541472 49 144.0
279 2.0 2.836734693877551 7.0 0.7996597916069843 49 139.0
280 2.0 2.938775510204082 8.0 0.8757892456071205 49 144.0
281 2.0 2.7755102040816326 8.0 0.9845749108635877 49 136.0
282 2.0 2.8979591836734695 8.0 1.0256075020685642 49 142.0
283 2.0 2.8979591836734695 7.0 0.7704137946363538 49 142.0
284 2.0 2.795918367346939 8.0 0.9349597102891365 49 137.0
285 2.0 2.938775510204082 8.0 0.8516690296438059 49 144.0
286 2.0 2.857142857142857 8.0 0.9128709291752772 49 140.0
287 2.0 2.857142857142857 8.0 0.9789450103725613 49 140.0
288 2.0 2.9183673469387754 8.0 0.9091372900969898 49 143.0
289 2.0 2.857142857142857 9.0 1.0408329997330668 49 140.0
290 2.0 2.9591836734693877 10.0 1.153963887243108 49 145.0
291 2.0 2.9183673469387754 11.0 1.2720838332875566 49 143.0
292 2.0 2.979591836734694 10.0 1.1635039736067254 49 146.0
293 2.0 3.0408163265306123 10.0 1.4282737785153647 49 149.0
294 2.0 3.183673469387755 13.0 1.9756166694199038 49 156.0
295 2.0 2.979591836734694 10.0 1.108486128284265 49 146.0
296 2.0 3.224489795918367 27.0 3.513458090699536 49 158.0
297 2.0 3.1224489795918364 11.0 1.5225068836903002 49 153.0
298 2.0 3.1020408163265305 9.0 1.1945169518677077 49 152.0
299 2.0 3.0 9.0 1.4719601443879744 49 147.0
300 2.0 2.9183673469387754 8.0 1.0172826281708696 49 143.0
301 2.0 3.0408163265306123 8.0 0.9345048527043031 49 149.0
302 2.0 2.8979591836734695 8.0 1.103873822031298 49 142.0
303 2.0 2.9183673469387754 8.0 0.9091372900969898 49 143.0
304 2.0 2.877551020408163 7.0 0.8324825589070043 49 141.0
305 2.0 2.877551020408163 8.0 0.9271967846962266 49 141.0
306 2.0 2.9591836734693877 8.0 0.9119389524859788 49 145.0
307 2.0 2.9591836734693877 8.0 0.9345048527043031 49 145.0
308 2.0 3.1428571428571432 14.0 1.814295088089769 49 154.0
309 2.0 3.020408163265306 8.0 1.1084861282842648 49 148.0
310 2.0 2.9183673469387754 7.0 0.8123201004396181 49 143.0
311 2.0 2.9183673469387754 8.0 0.931771044254738 49 143.0
312 2.0 2.938775510204082 8.0 0.9444611176332719 49 144.0
313 2.0 3.224489795918367 15.0 2.04394742800185 49 158.0
314 2.0 2.979591836734694 8.0 0.9680262547741013 49 146.0
315 2.0 2.9183673469387754 8.0 0.931771044254738 49 143.0
316 2.0 2.979591836734694 7.0 0.8288997707394862 49 146.0
317 2.0 2.8979591836734695 8.0 0.9408528480228209 49 142.0
318 2.0 2.836734693877551 8.0 0.9431096343018266 49 139.0
319 2.0 3.020408163265306 8.0 0.9462600928208409 49 148.0
320 2.0 3.020408163265306 8.0 0.8536635734284551 49 148.0
321 2.0 2.836734693877551 8.0 0.9431096343018267 49 139.0
322 2.0 3.1428571428571432 13.0 1.7320508075688763 49 154.0
323 2.0 3.1428571428571432 12.0 1.5138251770487452 49 154.0
324 2.0 2.9183673469387754 8.0 0.931771044254738 49 143.0
325 2.0 2.938775510204082 8.0 0.9662678041763347 49 144.0
326 2.0 3.0408163265306123 8.0 0.8888003073776235 49 149.0
327 2.0 2.8979591836734695 8.0 0.9408528480228211 49 142.0
328 2.0 2.9183673469387754 8.0 0.9091372900969898 49 143.0
329 2.0 3.204081632653061 13.0 1.6953317256112286 49 157.0
330 2.0 2.9183673469387754 8.0 0.9091372900969898 49 143.0
331 2.0 3.0816326530612246 8.0 1.2047948423880714 49 151.0
332 2.0 3.020408163265306 8.0 0.9011519460845508 49 148.0
333 2.0 2.938775510204082 7.0 0.8757892456071203 49 144.0
334 2.0 2.9591836734693877 8.0 0.9119389524859788 49 145.0
335 2.0 3.163265306122449 10.0 1.4193152512084568 49 155.0
336 2.0 3.510204081632653 28.0 3.6975354910376446 49 172.0
337 2.0 3.3469387755102042 20.0 2.6184523132963133 49 164.0
338 2.0 2.9591836734693877 8.0 1.0400156984686455 49 145.0
339 2.0 3.0 7.0 0.7905694150420949 49 147.0
340 2.0 2.938775510204082 8.0 0.9662678041763347 49 144.0
341 2.0 3.061224489795918 8.0 1.0289185922062811 49 150.0
342 2.0 2.857142857142857 8.0 0.9574271077563385 49 140.0
343 2.0 2.979591836734694 7.0 0.777008041527653 49 146.0
344 2.0 3.020408163265306 8.0 0.9011519460845508 49 148.0
345 2.0 2.877551020408163 8.0 0.9271967846962266 49 141.0
346 2.0 2.9183673469387754 8.0 0.9754643059819761 49 143.0
347 2.0 3.061224489795918 8.0 0.8757892456071203 49 150.0
348 2.0 3.020408163265306 8.0 1.030570147991864 49 148.0
349 2.0 3.020408163265306 8.0 1.0305701479918643 49 148.0
350 2.0 2.877551020408163 8.0 0.949400097017947 49 141.0
351 2.0 3.061224489795918 8.0 0.8757892456071203 49 150.0
352 2.0 2.9591836734693877 8.0 1.0793359006326795 49 145.0
353 2.0 3.0408163265306123 8.0 1.0793359006326797 49 149.0
354 2.0 2.979591836734694 8.0 0.946260092820841 49 146.0
355 2.0 2.938775510204082 8.0 0.9444611176332719 49 144.0
356 2.0 3.0 8.0 0.9354143466934853 49 147.0
357 2.0 2.9591836734693877 8.0 0.8888003073776233 49 145.0
358 2.0 3.061224489795918 8.0 0.8757892456071203 49 150.0
359 2.0 2.979591836734694 8.0 1.0895296370140524 49 146.0
360 2.0 3.0408163265306123 8.0 0.8888003073776235 49 149.0
361 2.0 3.061224489795918 8.0 0.8757892456071203 49 150.0
362 2.0 2.9591836734693877 7.0 0.8888003073776233 49 145.0
363 2.0 3.183673469387755 8.0 1.1845088536983572 49 156.0
364 2.0 3.020408163265306 8.0 0.9239813291396314 49 148.0
365 2.0 3.061224489795918 8.0 1.0686471834619171 49 150.0
366 2.0 3.204081632653061 9.0 1.4139128897721898 49 157.0
367 2.0 3.1020408163265305 7.0 0.7142857142857141 49 152.0
368 2.0 3.020408163265306 8.0 0.9239813291396315 49 148.0
369 2.0 2.9591836734693877 8.0 0.9345048527043028 49 145.0
370 2.0 3.122448979591837 8.0 0.9710958814063387 49 153.0
371 2.0 3.142857142857143 10.0 1.3070322617798436 49 154.0
372 2.0 3.0816326530612246 8.0 0.8620889042967463 49 151.0
373 2.0 2.938775510204082 8.0 0.9875931024741021 49 144.0
374 2.0 3.020408163265306 7.0 0.777008041527653 49 148.0
375 2.0 3.122448979591837 8.0 0.9271967846962266 49 153.0
376 2.0 3.0408163265306123 8.0 0.8406144497099872 49 149.0
377 2.0 2.9591836734693877 8.0 0.9780759955449393 49 145.0
378 2.0 3.0408163265306123 8.0 0.9565385441238413 49 149.0
379 2.0 3.122448979591837 8.0 0.949400097017947 49 153.0
380 2.0 3.061224489795918 8.0 0.8757892456071203 49 150.0
381 2.0 3.0408163265306123 8.0 0.9780759955449395 49 149.0
382 2.0 3.020408163265306 8.0 0.9239813291396314 49 148.0
383 2.0 3.204081632653061 7.0 0.9569829290695904 49 157.0
384 2.0 3.2448979591836737 9.0 1.0514001031342677 49 159.0
385 2.0 3.163265306122449 8.0 0.89784322071261 49 155.0
386 2.0 3.122448979591837 8.0 0.8811132414268253 49 153.0
387 2.0 3.122448979591837 8.0 1.0730146989755953 49 153.0
388 2.0 3.122448979591837 9.0 1.2850527398584408 49 153.0
389 2.0 3.163265306122449 8.0 0.9207546446509294 49 155.0
390 2.0 3.020408163265306 8.0 0.8777289805317509 49 148.0
391 2.0 3.2244897959183674 8.0 0.8959470343917519 49 158.0
392 2.0 3.0408163265306123 8.0 0.911938952485979 49 149.0
393 2.0 3.0816326530612246 8.0 0.8859254740542409 49 151.0
394 2.0 3.0 8.0 0.8897565210026093 49 147.0
395 2.0 3.020408163265306 7.0 0.7770080415276531 49 148.0
396 2.0 3.326530612244898 14.0 1.77233079942347 49 163.0
397 2.0 3.1224489795918364 8.0 0.971095881406339 49 153.0
398 2.0 3.122448979591837 8.0 0.8571428571428572 49 153.0
399 2.0 3.0408163265306123 8.0 0.9780759955449397 49 149.0
400 2.0 3.1020408163265305 8.0 0.8718968296952648 49 152.0
401 2.0 3.183673469387755 8.0 1.0542269953966887 49 156.0
402 2.0 3.163265306122449 9.0 1.0072019570636892 49 155.0
403 2.0 3.122448979591837 11.0 1.348342393787406 49 153.0
404 2.0 3.163265306122449 10.0 1.1057979542602974 49 155.0
405 2.0 3.183673469387755 11.0 1.5366829724517443 49 156.0
406 2.0 3.163265306122449 10.0 1.1244802276220447 49 155.0
407 2.0 3.163265306122449 11.0 1.2306322693286267 49 155.0
408 2.0 3.0408163265306123 10.0 1.2069103749082708 49 149.0
409 2.0 3.2244897959183674 10.0 1.1229667945975554 49 158.0
410 2.0 3.1020408163265305 11.0 1.2787509849977252 49 152.0
411 2.0 3.183673469387755 10.0 1.2019683403303354 49 156.0
412 2.0 3.204081632653061 11.0 1.3536923554476024 49 157.0
413 2.0 3.326530612244898 11.0 1.599319583213968 49 163.0
414 2.0 3.2244897959183674 10.0 1.2121830534626523 49 158.0
415 2.0 3.2448979591836733 11.0 1.267060447204769 49 159.0
416 2.0 3.2448979591836737 10.0 1.164234588418824 49 159.0
417 2.0 3.061224489795918 11.0 1.3292880811626524 49 150.0
418 2.0 3.183673469387755 10.0 1.1305136993817442 49 156.0
419 2.0 3.204081632653061 11.0 1.3536923554476021 49 157.0
420 2.0 3.9795918367346936 40.0 5.371567880665631 49 195.0
421 2.0 3.2857142857142856 11.0 1.2247448713915885 49 161.0
422 2.0 3.2653061224489797 11.0 1.2710807442894416 49 160.0
423 2.0 3.408163265306123 26.0 3.3473768794070864 49 167.0
424 2.0 3.4897959183673466 17.0 2.171044765579389 49 171.0
425 2.0 3.0408163265306123 8.0 0.8888003073776235 49 149.0
426 2.0 3.1428571428571432 8.0 1.09924216318941 49 154.0
427 2.0 3.2244897959183674 8.0 0.8723843314552987 49 158.0
428 2.0 3.0816326530612246 8.0 0.8859254740542408 49 151.0
429 2.0 3.1020408163265305 8.0 0.918442929618377 49 152.0
430 2.0 3.061224489795918 8.0 0.8757892456071203 49 150.0
431 2.0 3.142857142857143 8.0 0.9574271077563385 49 154.0
432 2.0 3.142857142857143 7.0 0.7905694150420948 49 154.0
433 2.0 3.306122448979592 11.0 1.5572957548350312 49 162.0
434 2.0 3.183673469387755 7.0 0.9281134401694277 49 156.0
435 2.0 3.1020408163265305 9.0 1.1409955075719271 49 152.0
436 2.0 3.163265306122449 8.0 1.0072019570636894 49 155.0
437 2.0 3.163265306122449 8.0 1.21358523213092 49 155.0
438 2.0 3.2448979591836737 8.0 1.0903098230338388 49 159.0
439 2.0 3.163265306122449 8.0 1.0276781835670117 49 155.0
440 2.0 3.183673469387755 8.0 0.9719711369976287 49 156.0
441 2.0 3.1428571428571432 8.0 1.0801234497346435 49 154.0
442 2.0 3.183673469387755 8.0 1.093036088679813 49 156.0
443 2.0 3.0816326530612246 9.0 1.1517511068997928 49 151.0
444 3.0 3.2857142857142856 8.0 0.9789450103725612 49 161.0
445 2.0 3.183673469387755 8.0 0.993173981648296 49 156.0
446 2.0 3.163265306122449 8.0 0.9649468632933074 49 155.0
447 2.0 3.1224489795918364 8.0 1.0922578499989617 49 153.0
448 2.0 3.1020408163265305 8.0 0.9841429850209709 49 152.0
449 2.0 3.3469387755102042 11.0 1.4937511563198207 49 164.0
450 2.0 3.2448979591836733 9.0 1.0109939878839123 49 159.0
451 2.0 3.183673469387755 8.0 1.0342765061415942 49 156.0
452 2.0 3.183673469387755 8.0 0.9719711369976287 49 156.0
453 2.0 3.2857142857142856 8.0 1.0000000000000002 49 161.0
454 2.0 3.183673469387755 8.0 0.9719711369976287 49 156.0
455 2.0 3.204081632653061 8.0 1.0602592418196348 49 157.0
456 2.0 3.163265306122449 8.0 1.0276781835670117 49 155.0
457 2.0 3.183673469387755 9.0 1.1119328027462494 49 156.0
458 2.0 3.2448979591836733 8.0 1.0514001031342677 49 159.0
459 2.0 3.2857142857142856 8.0 1.0 49 161.0
460 2.0 3.142857142857143 8.0 0.935414346693486 49 154.0
461 2.0 3.2244897959183674 8.0 0.9631827907699426 49 158.0
462 2.0 3.183673469387755 8.0 0.9719711369976287 49 156.0
463 2.0 3.163265306122449 8.0 0.9207546446509294 49 155.0
464 2.0 3.061224489795918 8.0 1.0879675865519869 49 150.0
465 2.0 3.2448979591836737 8.0 1.0109939878839116 49 159.0
466 2.0 3.2448979591836733 9.0 1.1278780268882869 49 159.0
467 2.0 3.204081632653061 8.0 0.9349597102891367 49 157.0
468 3.0 3.306122448979592 8.0 0.9399486163405657 49 162.0
469 2.0 3.204081632653061 8.0 0.9124050598266535 49 157.0
470 2.0 3.36734693877551 9.0 1.3021437060833632 49 165.0
471 2.0 3.204081632653061 8.0 0.9569829290695905 49 157.0
472 2.0 3.2448979591836737 9.0 1.1278780268882866 49 159.0
473 2.0 3.142857142857143 8.0 0.935414346693486 49 154.0
474 2.0 3.2448979591836737 8.0 1.0313949341566893 49 159.0
475 2.0 3.326530612244898 8.0 1.179472959666746 49 163.0
476 2.0 3.2448979591836737 8.0 1.031394934156689 49 159.0
477 2.0 3.2653061224489797 9.0 1.0757847950078432 49 160.0
478 2.0 3.2448979591836733 8.0 0.9901728015203953 49 159.0
479 2.0 3.142857142857143 8.0 1.0206207261596578 49 154.0
480 2.0 3.306122448979592 8.0 1.0449099170234137 49 162.0
481 2.0 3.142857142857143 8.0 0.9789450103725614 49 154.0
482 2.0 3.36734693877551 9.0 1.1848677414065458 49 165.0
483 2.0 3.204081632653061 8.0 0.9785105994302158 49 157.0
484 2.0 3.306122448979592 8.0 1.0646611673957798 49 162.0
485 2.0 3.2653061224489797 8.0 0.9953121412418321 49 160.0
486 2.0 3.2448979591836737 8.0 1.0109939878839116 49 159.0
487 3.0 3.306122448979592 9.0 1.0449099170234137 49 162.0
488 2.0 3.2244897959183674 8.0 1.0260219726864406 49 158.0
489 2.0 3.183673469387755 8.0 1.0139335404698853 49 156.0
490 2.0 3.2448979591836737 8.0 1.0710316725183315 49 159.0
491 2.0 3.204081632653061 9.0 1.040424429354328 49 157.0
492 2.0 3.163265306122449 8.0 1.0276781835670117 49 155.0
493 2.0 3.2857142857142856 10.0 1.207614728849119 49 161.0
494 2.0 3.306122448979592 9.0 1.0646611673957793 49 162.0
495 2.0 3.2653061224489797 8.0 1.0160280139691364 49 160.0
496 2.0 3.142857142857143 8.0 1.0206207261596578 49 154.0
497 2.0 3.1020408163265305 8.0 1.0457233931427499 49 152.0
498 2.0 3.204081632653061 8.0 0.9349597102891364 49 157.0
499 2.0 3.204081632653061 8.0 1.098855310401365 49 157.0
500 2.0 3.142857142857143 8.0 0.9789450103725613 49 154.0
501 2.0 3.2244897959183674 8.0 0.9189057378763295 49 158.0
502 2.0 3.4285714285714284 10.0 1.6072751268321595 49 168.0
503 2.0 3.142857142857143 8.0 1.0408329997330668 49 154.0
504 2.0 3.2857142857142856 9.0 1.0408329997330665 49 161.0
505 2.0 3.2448979591836733 8.0 0.9689042833036097 49 159.0
506 2.0 3.2653061224489797 8.0 0.9953121412418321 49 160.0
507 2.0 3.2244897959183674 8.0 1.0055120197037468 49 158.0
508 2.0 3.122448979591837 8.0 1.0534200859823306 49 153.0
509 2.0 3.2448979591836737 8.0 1.2167342260620226 49 159.0
510 2.0 3.2244897959183674 8.0 1.1594773629105666 49 158.0
511 2.0 3.4489795918367347 13.0 1.7085718267239554 49 169.0
512 2.0 3.2244897959183674 8.0 0.9845749108635877 49 158.0
513 2.0 3.2244897959183674 8.0 0.9413046381319431 49 158.0
514 2.0 3.2653061224489797 9.0 1.0757847950078432 49 160.0
515 2.0 3.2857142857142856 8.0 1.0408329997330665 49 161.0
516 2.0 3.204081632653061 8.0 0.9569829290695904 49 157.0
517 2.0 3.020408163265306 8.0 1.0305701479918643 49 148.0
518 2.0 3.4897959183673466 14.0 1.8385053823191093 49 171.0
519 2.0 3.2244897959183674 8.0 0.9631827907699426 49 158.0
520 2.0 3.4693877551020407 10.0 1.501416564674932 49 170.0
521 2.0 3.2244897959183674 8.0 0.9631827907699425 49 158.0
522 2.0 3.183673469387755 8.0 0.9502953354035767 49 156.0
523 2.0 3.183673469387755 8.0 1.0930360886798127 49 156.0
524 2.0 3.142857142857143 8.0 0.9574271077563385 49 154.0
525 2.0 3.142857142857143 8.0 0.9789450103725613 49 154.0
526 3.0 3.5102040816326534 12.0 1.659850005517465 49 172.0
527 2.0 3.183673469387755 8.0 0.9502953354035767 49 156.0
528 2.0 3.204081632653061 8.0 0.9785105994302159 49 157.0
529 2.0 3.3469387755102042 8.0 1.0906997067663196 49 164.0
530 2.0 3.183673469387755 8.0 0.905388254372931 49 156.0
531 2.0 3.2244897959183674 9.0 1.1594773629105661 49 158.0
532 2.0 3.183673469387755 8.0 1.0139335404698853 49 156.0
533 2.0 3.142857142857143 8.0 1.0408329997330668 49 154.0
534 2.0 3.204081632653061 8.0 1.0202040612204077 49 157.0
535 2.0 3.2244897959183674 8.0 0.9631827907699426 49 158.0
536 2.0 3.142857142857143 9.0 1.080123449734644 49 154.0
537 2.0 3.2448979591836737 8.0 0.9901728015203951 49 159.0
538 2.0 3.2244897959183674 8.0 0.9845749108635876 49 158.0
539 2.0 3.2653061224489797 8.0 1.0160280139691364 49 160.0
540 2.0 3.2448979591836733 8.0 0.9689042833036098 49 159.0
541 2.0 3.2857142857142856 8.0 1.0408329997330665 49 161.0
542 2.0 3.163265306122449 8.0 0.9431096343018269 49 155.0
543 2.0 3.2857142857142856 9.0 1.1726039399558568 49 161.0
544 2.0 3.163265306122449 8.0 1.0072019570636894 49 155.0
545 2.0 3.2448979591836733 8.0 0.9249011714073829 49 159.0
546 2.0 3.2244897959183674 10.0 1.2790834303393606 49 158.0
547 2.0 3.326530612244898 11.0 1.3131983079178744 49 163.0
548 3.0 3.4285714285714284 11.0 1.3070322617798438 49 168.0
549 2.0 3.5306122448979593 13.0 1.894092139789827 49 173.0
550 2.0 3.183673469387755 10.0 1.2694071678634589 49 156.0
551 2.0 3.5306122448979593 12.0 1.780707266045415 49 173.0
552 3.0 3.6938775510204076 14.0 2.1622141586871564 49 181.0
553 2.0 3.4285714285714284 11.0 1.4577379737113252 49 168.0
554 3.0 3.4081632653061225 11.0 1.3832083379312208 49 167.0
555 2.0 3.326530612244898 10.0 1.2142857142857144 49 163.0
556 2.0 3.5510204081632653 12.0 1.9155202131731293 49 174.0
557 2.0 3.326530612244898 11.0 1.359959483189984 49 163.0
558 3.0 3.5510204081632653 12.0 1.780229672563299 49 174.0
559 3.0 3.36734693877551 11.0 1.3021437060833632 49 165.0
560 3.0 3.3877551020408165 11.0 1.2880270204627606 49 166.0
561 2.0 3.3469387755102042 10.0 1.2170836113459098 49 164.0
562 2.0 3.36734693877551 11.0 1.3021437060833632 49 165.0
563 2.0 3.387755102040816 11.0 1.3511773651556054 49 166.0
564 2.0 3.489795918367347 12.0 1.4594869101216104 49 171.0
565 3.0 3.5306122448979593 11.0 1.5955934216920489 49 173.0
566 3.0 3.5918367346938775 13.0 1.8133574678265858 49 176.0
567 3.0 3.3877551020408165 11.0 1.2717495581974896 49 166.0
568 2.0 3.4081632653061225 11.0 1.352749782032552 49 167.0
569 2.0 3.4081632653061225 11.0 1.352749782032552 49 167.0
570 3.0 3.938775510204082 35.0 4.575333153923084 49 193.0
571 2.0 3.5102040816326534 12.0 1.7093181995997688 49 172.0
572 3.0 3.3877551020408165 10.0 1.1331432413610276 49 166.0
573 2.0 3.4081632653061225 9.0 1.1350177558621926 49 167.0
574 3.0 3.387755102040816 9.0 1.0765749418606103 49 166.0
575 3.0 3.3469387755102042 9.0 1.109636209307718 49 164.0
576 3.0 3.387755102040816 9.0 1.0765749418606105 49 166.0
577 3.0 3.387755102040816 8.0 1.0168645954315534 49 166.0
578 3.0 3.387755102040816 8.0 0.9086695065362562 49 166.0
579 3.0 3.4285714285714284 9.0 1.1365151414154882 49 168.0
580 3.0 3.4897959183673466 8.0 1.2097253300438322 49 171.0
581 3.0 3.3469387755102042 9.0 1.0518044100529347 49 164.0
582 3.0 3.387755102040816 8.0 1.0168645954315534 49 166.0
583 3.0 3.306122448979592 9.0 1.0042427004268157 49 162.0
584 3.0 3.4285714285714284 8.0 1.0206207261596578 49 168.0
585 3.0 3.897959183673469 21.0 2.7707166488652937 49 191.0
586 3.0 3.3469387755102042 8.0 0.9253607496575605 49 164.0
587 2.0 3.387755102040816 8.0 1.0957555713337002 49 166.0
588 2.0 3.36734693877551 9.0 1.0742027576886264 49 165.0
589 3.0 3.36734693877551 8.0 0.9936019816602538 49 165.0
590 2.0 3.306122448979592 8.0 0.9618576131773406 49 162.0
591 2.0 3.306122448979592 9.0 1.0840526131268773 49 162.0
592 3.0 3.4285714285714284 8.0 1.1547005383792517 49 168.0
593 2.0 3.3469387755102042 9.0 1.0318070800009738 49 164.0
594 2.0 3.3469387755102042 8.0 1.0318070800009733 49 164.0
595 2.0 3.2448979591836733 8.0 0.9249011714073829 49 159.0
596 2.0 3.4489795918367347 8.0 1.13763688718098 49 169.0
597 3.0 3.3877551020408165 9.0 1.0765749418606103 49 166.0
598 2.0 3.5102040816326534 14.0 1.8041901343307276 49 172.0
599 3.0 3.387755102040816 8.0 1.0371500721249762 49 166.0
600 2.0 3.306122448979592 9.0 1.0247780579360637 49 162.0
601 3.0 3.4285714285714284 8.0 1.0206207261596578 49 168.0
602 3.0 3.4285714285714284 9.0 1.0801234497346435 49 168.0
603 3.0 3.306122448979592 8.0 0.9618576131773409 49 162.0
604 3.0 3.714285714285714 16.0 2.1114765765533217 49 182.0
605 3.0 3.387755102040816 8.0 0.9750283442592033 49 166.0
606 3.0 3.4081632653061225 9.0 1.0976939340221912 49 167.0
607 3.0 3.3877551020408165 8.0 1.0168645954315532 49 166.0
608 3.0 3.4489795918367347 9.0 1.1376368871809799 49 169.0
609 2.0 3.306122448979592 8.0 0.9832785641383004 49 162.0
610 2.0 3.612244897959184 16.0 2.049556115872127 49 177.0
611 2.0 3.326530612244898 9.0 1.1436009484307452 49 163.0
612 3.0 3.326530612244898 8.0 0.8987898137227076 49 163.0
613 3.0 3.4285714285714284 9.0 1.118033988749895 49 168.0
614 3.0 3.326530612244898 8.0 0.921677707183138 49 163.0
615 3.0 3.3469387755102042 8.0 1.0114144470361635 49 164.0
616 3.0 3.36734693877551 9.0 1.1308897225750396 49 165.0
617 3.0 3.4489795918367347 8.0 0.9802470881066142 49 169.0
618 2.0 3.326530612244898 9.0 1.0682492511511688 49 163.0
619 3.0 3.387755102040816 8.0 1.0371500721249765 49 166.0
620 2.0 3.3469387755102042 8.0 0.99060209822451 49 164.0
621 3.0 3.4285714285714284 9.0 1.0801234497346437 49 168.0
622 3.0 3.36734693877551 8.0 0.9724084693648637 49 165.0
623 3.0 3.387755102040816 8.0 1.0168645954315534 49 166.0
624 3.0 3.693877551020408 12.0 1.622807259461376 49 181.0
625 3.0 3.326530612244898 8.0 0.9658276912843717 49 163.0
626 3.0 3.4489795918367347 9.0 1.0813036978919612 49 169.0
627 3.0 3.326530612244898 8.0 0.9658276912843717 49 163.0
628 3.0 3.510204081632653 8.0 1.082482659206601 49 172.0
629 3.0 3.4897959183673466 9.0 1.1569076774529854 49 171.0
630 2.0 3.3469387755102042 8.0 1.0114144470361635 49 164.0
631 3.0 3.387755102040816 9.0 1.057046327639196 49 166.0
632 3.0 3.4081632653061225 8.0 0.9772062079157677 49 167.0
633 3.0 3.4081632653061225 9.0 1.0785477764672495 49 167.0
634 3.0 3.4693877551020407 8.0 1.0227015045197394 49 170.0
635 3.0 3.4081632653061225 8.0 0.9982978711065056 49 167.0
636 3.0 3.489795918367347 8.0 1.023117152374543 49 171.0
637 3.0 3.510204081632653 9.0 1.24369156444956 49 172.0
638 3.0 3.63265306122449 8.0 1.13088972257504 49 178.0
639 3.0 3.387755102040816 9.0 1.057046327639196 49 166.0
640 3.0 3.5102040816326534 8.0 1.0231171523745433 49 172.0
641 3.0 3.5306122448979593 9.0 1.138384103607802 49 173.0
642 3.0 3.4285714285714284 8.0 1.0206207261596578 49 168.0
643 3.0 3.5510204081632653 9.0 1.2257858786950375 49 174.0
644 3.0 3.489795918367347 8.0 1.0025477748298717 49 171.0
645 3.0 3.4693877551020407 9.0 1.0820898148245086 49 170.0
646 3.0 3.5306122448979593 9.0 1.1565401134476943 49 173.0
647 3.0 3.510204081632653 8.0 1.1203133672398664 49 172.0
648 3.0 3.5306122448979593 9.0 1.138384103607802 49 173.0
649 3.0 3.63265306122449 8.0 1.2023220164716752 49 178.0
650 3.0 3.8979591836734695 16.0 2.094087887752721 49 191.0
651 3.0 3.5714285714285716 9.0 1.190238071423808 49 175.0
652 3.0 3.4693877551020407 9.0 1.101174388556874 49 170.0
653 3.0 3.510204081632653 8.0 1.0630625761526586 49 172.0
654 3.0 3.7142857142857144 9.0 1.0801234497346435 49 182.0
655 3.0 3.4897959183673466 8.0 1.023117152374543 49 171.0
656 3.0 3.612244897959184 9.0 1.2552610374375703 49 177.0
657 3.0 3.5510204081632653 9.0 1.13763688718098 49 174.0
658 3.0 3.612244897959184 8.0 1.0371500721249765 49 177.0
659 3.0 3.5510204081632653 9.0 1.13763688718098 49 174.0
660 3.0 3.7551020408163263 12.0 1.6397486118927138 49 184.0
661 3.0 3.612244897959184 8.0 1.0371500721249765 49 177.0
662 3.0 3.795918367346939 12.0 1.6829982154468486 49 186.0
663 3.0 3.4285714285714284 8.0 0.9128709291752767 49 168.0
664 3.0 3.795918367346939 10.0 1.499716526502241 49 186.0
665 3.0 3.612244897959184 8.0 1.0371500721249765 49 177.0
666 3.0 3.5918367346938775 9.0 1.1350177558621928 49 176.0
667 3.0 3.5102040816326534 8.0 1.0432810619146027 49 172.0
668 3.0 3.4693877551020407 9.0 1.0626625525914952 49 170.0
669 3.0 3.5714285714285716 8.0 1.0801234497346432 49 175.0
670 3.0 3.4489795918367347 9.0 1.13763688718098 49 169.0
671 3.0 3.489795918367347 8.0 1.0025477748298717 49 171.0
672 3.0 3.612244897959184 9.0 1.133143241361028 49 177.0
673 3.0 3.4489795918367347 8.0 1.0012746977768703 49 169.0
674 3.0 3.5510204081632653 9.0 1.1191742582851714 49 174.0
675 3.0 3.5306122448979593 9.0 1.0428734506226565 49 173.0
676 3.0 3.4489795918367347 8.0 1.0618620533798933 49 169.0
677 3.0 3.489795918367347 9.0 1.1203133672398662 49 171.0
678 3.0 3.489795918367347 8.0 1.0025477748298717 49 171.0
679 3.0 3.6530612244897958 9.0 1.1823532398033463 49 179.0
680 3.0 3.510204081632653 8.0 1.0025477748298717 49 172.0
681 3.0 3.510204081632653 9.0 1.1387575279588689 49 172.0
682 3.0 3.5306122448979593 8.0 1.0820898148245084 49 173.0
683 3.0 3.510204081632653 9.0 1.0824826592066008 49 172.0
684 3.0 3.5306122448979593 8.0 1.062662552591495 49 173.0
685 3.0 3.612244897959184 9.0 1.0957555713337002 49 177.0
686 3.0 3.510204081632653 8.0 1.082482659206601 49 172.0
687 3.0 3.4693877551020407 9.0 1.0820898148245086 49 170.0
688 3.0 3.5306122448979593 8.0 1.042873450622656 49 173.0
689 3.0 3.5306122448979593 8.0 1.0820898148245084 49 173.0
690 3.0 3.5510204081632653 9.0 1.0618620533798928 49 174.0
691 3.0 3.4693877551020407 8.0 1.0820898148245084 49 170.0
692 3.0 3.4693877551020407 9.0 1.138384103607802 49 170.0
693 3.0 3.5918367346938775 8.0 1.0189530441205072 49 176.0
694 3.0 3.5918367346938775 9.0 1.0976939340221914 49 176.0
695 3.0 3.4285714285714284 8.0 1.0606601717798216 49 168.0
696 3.0 3.63265306122449 9.0 1.364640941038771 49 178.0
697 3.0 3.4081632653061225 8.0 0.9772062079157678 49 167.0
698 3.0 3.795918367346939 9.0 1.4716712698597514 49 186.0
699 3.0 3.9591836734693877 13.0 2.3625479155058895 49 194.0
700 3.0 3.9591836734693873 11.0 2.020305089104421 49 194.0
701 3.0 3.795918367346939 13.0 1.903719953108634 49 186.0
702 3.0 3.5714285714285716 9.0 1.290994448735805 49 175.0
703 3.0 3.795918367346939 12.0 1.7197334075946993 49 186.0
704 3.0 3.5510204081632653 9.0 1.1913092323468462 49 174.0
705 3.0 3.5918367346938775 8.0 1.0391977544188182 49 176.0
706 3.0 3.5714285714285716 9.0 1.190238071423808 49 175.0
707 3.0 3.5918367346938775 9.0 1.1350177558621928 49 176.0
708 3.0 3.5714285714285716 8.0 1.0408329997330663 49 175.0
709 3.0 3.5714285714285716 9.0 1.190238071423808 49 175.0
710 3.0 3.5714285714285716 8.0 1.0206207261596574 49 175.0
711 3.0 3.63265306122449 11.0 1.3337584356343728 49 178.0
712 3.0 3.7142857142857144 11.0 1.3693063937629149 49 182.0
713 3.0 3.693877551020408 11.0 1.3571428571428565 49 181.0
714 3.0 3.63265306122449 12.0 1.4957422565265657 49 178.0
715 3.0 3.6530612244897958 11.0 1.377664394427565 49 179.0
716 3.0 3.612244897959184 11.0 1.366509033550643 49 177.0
717 3.0 3.5510204081632653 11.0 1.3080077804590835 49 174.0
718 3.0 3.693877551020408 12.0 1.5028317941009042 49 181.0
719 3.0 3.5306122448979593 11.0 1.3555755360781654 49 173.0
720 3.0 3.5510204081632653 11.0 1.3549481000176715 49 174.0
721 3.0 3.673469387755102 11.0 1.3445531336662377 49 180.0
722 3.0 3.7755102040816326 12.0 1.5581145941282284 49 185.0
723 3.0 3.63265306122449 11.0 1.3180458633747092 49 178.0
724 3.0 3.816326530612245 15.0 2.1667320764590303 49 187.0
725 3.0 3.510204081632653 11.0 1.355889145228938 49 172.0
726 3.0 3.5510204081632653 12.0 1.541930938923065 49 174.0
727 3.0 3.5510204081632653 11.0 1.3394841122890675 49 174.0
728 3.0 3.612244897959184 11.0 1.3511773651556058 49 177.0
729 3.0 3.63265306122449 11.0 1.3492880460793077 49 178.0
730 3.0 4.061224489795919 29.0 3.9073017291631125 49 199.0
731 3.0 3.4489795918367347 11.0 1.2919820769170252 49 169.0
732 3.0 3.6530612244897958 11.0 1.4368805971061533 49 179.0
733 3.0 3.7142857142857144 11.0 1.4577379737113247 49 182.0
734 3.0 3.612244897959184 12.0 1.565464874121692 49 177.0
735 3.0 3.5714285714285716 11.0 1.3228756555322951 49 175.0
736 3.0 3.4489795918367347 11.0 1.308007780459083 49 169.0
737 3.0 3.5714285714285716 11.0 1.3228756555322951 49 175.0
738 3.0 3.4693877551020407 11.0 1.2926400764895614 49 170.0
739 3.0 3.9795918367346936 34.0 4.4463927135674055 49 195.0
740 3.0 3.4489795918367347 9.0 1.061862053379893 49 169.0
741 3.0 3.3877551020408165 9.0 0.9961661200700964 49 166.0
742 3.0 3.4489795918367347 8.0 1.021869701613092 49 169.0
743 3.0 3.4897959183673466 9.0 1.082482659206601 49 171.0
744 3.0 3.489795918367347 9.0 1.101560426917044 49 171.0
745 3.0 3.4489795918367347 8.0 0.9142671129060129 49 169.0
746 3.0 3.5714285714285716 9.0 1.080123449734643 49 175.0
747 3.0 3.3877551020408165 9.0 1.0765749418606103 49 166.0
748 3.0 3.4081632653061225 9.0 1.0976939340221912 49 167.0
749 3.0 3.4897959183673466 8.0 1.002547774829872 49 171.0
750 3.0 3.5918367346938775 9.0 1.2062056096657472 49 176.0
751 3.0 3.4489795918367347 8.0 0.9802470881066142 49 169.0
752 3.0 3.775510204081633 18.0 2.3475635075049 49 185.0
753 3.0 3.4489795918367347 8.0 0.9142671129060129 49 169.0
754 3.0 3.4897959183673466 9.0 1.138757527958869 49 171.0
755 3.0 3.5510204081632653 9.0 1.0813036978919612 49 174.0
756 3.0 3.4693877551020407 11.0 1.400922922224348 49 170.0
757 3.0 3.4489795918367347 9.0 1.1004019055515564 49 169.0
758 3.0 3.4489795918367347 8.0 0.9802470881066142 49 169.0
759 3.0 3.36734693877551 9.0 0.9936019816602535 49 165.0
760 3.0 3.5306122448979593 9.0 1.2764214432076397 49 173.0
761 3.0 3.4693877551020407 9.0 1.0820898148245086 49 170.0
762 3.0 3.63265306122449 10.0 1.364640941038771 49 178.0
763 3.0 3.4897959183673466 12.0 1.5427579333182257 49 171.0
764 3.0 3.612244897959184 9.0 1.3511773651556054 49 177.0
765 3.0 3.489795918367347 8.0 0.9381375383259787 49 171.0
766 3.0 3.7551020408163263 17.0 2.2129412200818654 49 184.0
767 3.0 3.5306122448979593 9.0 1.101174388556874 49 173.0
768 3.0 3.5510204081632653 8.0 0.9802470881066143 49 174.0
769 3.0 3.4285714285714284 9.0 1.09924216318941 49 168.0
770 3.0 3.489795918367347 9.0 1.2436915644495599 49 171.0
771 3.0 3.5306122448979593 8.0 1.0021235955111887 49 173.0
772 3.0 3.510204081632653 9.0 1.0231171523745433 49 172.0
773 3.0 3.5918367346938775 12.0 1.5534687979236836 49 176.0
774 3.0 3.4489795918367347 9.0 1.021869701613092 49 169.0
775 3.0 3.387755102040816 8.0 1.057046327639196 49 166.0
776 3.0 3.4693877551020407 9.0 1.0626625525914954 49 170.0
777 3.0 3.489795918367347 8.0 0.9381375383259786 49 171.0
778 3.0 3.4489795918367347 9.0 1.061862053379893 49 169.0
779 3.0 3.4693877551020407 9.0 1.1011743885568743 49 170.0
780 3.0 3.5306122448979593 8.0 1.1565401134476945 49 173.0
781 3.0 3.4285714285714284 9.0 1.0801234497346435 49 168.0
782 3.0 3.5306122448979593 9.0 1.1011743885568743 49 173.0
783 3.0 3.489795918367347 8.0 0.9600878644598075 49 171.0
784 3.0 3.5510204081632653 9.0 1.3394841122890673 49 174.0
785 3.0 3.4081632653061225 8.0 0.9335944726998879 49 167.0
786 3.0 3.4489795918367347 9.0 1.0813036978919612 49 169.0
787 3.0 3.4489795918367347 8.0 0.9802470881066142 49 169.0
788 3.0 3.4489795918367347 9.0 1.061862053379893 49 169.0
789 3.0 3.4081632653061225 8.0 0.9772062079157678 49 167.0
790 3.0 3.36734693877551 9.0 1.014352781149561 49 165.0
791 3.0 3.4285714285714284 8.0 0.978945010372561 49 168.0
792 3.0 3.7755102040816326 18.0 2.3386722205349857 49 185.0
793 3.0 3.36734693877551 8.0 0.8825596663262204 49 165.0
794 3.0 3.4285714285714284 9.0 1.09924216318941 49 168.0
795 3.0 3.489795918367347 8.0 0.9815474385630377 49 171.0
796 3.0 3.4081632653061225 9.0 0.998297871106506 49 167.0
797 3.0 3.4081632653061225 8.0 0.9772062079157678 49 167.0
798 3.0 3.36734693877551 8.0 0.9058577323688947 49 165.0
799 3.0 3.4489795918367347 9.0 1.1191742582851711 49 169.0
800 3.0 3.4693877551020407 8.0 1.0021235955111887 49 170.0
801 3.0 3.5510204081632653 12.0 1.5950604023280215 49 174.0
802 3.0 3.673469387755102 15.0 1.9406587702594806 49 180.0
803 3.0 3.5306122448979593 9.0 1.1565401134476943 49 173.0
804 3.0 3.3877551020408165 8.0 0.9086695065362561 49 166.0
805 3.0 3.4081632653061225 9.0 1.1532267655535553 49 167.0
806 3.0 3.5510204081632653 9.0 1.081303697891961 49 174.0
807 3.0 3.4285714285714284 11.0 1.35400640077266 49 168.0
808 3.0 3.510204081632653 9.0 1.1015604269170445 49 172.0
809 3.0 3.6938775510204076 12.0 1.5572957548350306 49 181.0
810 3.0 3.4693877551020407 9.0 1.0227015045197398 49 170.0
811 3.0 3.591836734693877 12.0 1.5668222530935414 49 176.0
812 3.0 3.4081632653061225 9.0 1.0590555412516294 49 167.0
813 3.0 3.4285714285714284 9.0 1.118033988749895 49 168.0
814 3.0 3.4285714285714284 9.0 0.9999999999999999 49 168.0
815 3.0 3.775510204081633 14.0 1.9068441000167546 49 185.0
816 3.0 3.489795918367347 10.0 1.1923794310046583 49 171.0
817 3.0 3.4897959183673466 10.0 1.192379431004658 49 171.0
818 3.0 3.7142857142857144 14.0 1.9257033347152235 49 182.0
819 3.0 3.4489795918367347 9.0 1.061862053379893 49 169.0
820 3.0 3.5510204081632653 9.0 1.1191742582851711 49 174.0
821 3.0 3.4285714285714284 9.0 0.9999999999999998 49 168.0
822 3.0 3.4285714285714284 9.0 1.0606601717798214 49 168.0
823 3.0 3.489795918367347 9.0 1.101560426917044 49 171.0
824 3.0 3.4285714285714284 8.0 0.9574271077563382 49 168.0
825 3.0 3.5918367346938775 9.0 1.171152696899846 49 176.0
826 3.0 3.5510204081632653 9.0 1.061862053379893 49 174.0
827 3.0 3.4489795918367347 9.0 1.021869701613092 49 169.0
828 3.0 3.3877551020408165 8.0 0.9750283442592032 49 166.0
829 3.0 3.63265306122449 13.0 1.7403768455785227 49 178.0
830 3.0 3.612244897959184 9.0 1.335669721691024 49 177.0
831 3.0 3.4081632653061225 11.0 1.2402682395846678 49 167.0
832 3.0 3.510204081632653 9.0 1.082482659206601 49 172.0
833 3.0 3.612244897959184 9.0 1.27174955819749 49 177.0
834 3.0 3.4081632653061225 8.0 0.9556491543042605 49 167.0
835 3.0 3.5306122448979593 9.0 1.209373818971457 49 173.0
836 3.0 3.387755102040816 8.0 0.9534220500083774 49 166.0
837 3.0 3.4489795918367347 9.0 1.0420577497151953 49 169.0
838 3.0 3.510204081632653 9.0 1.082482659206601 49 172.0
839 3.0 4.1020408163265305 19.0 3.097343606215816 49 201.0
840 3.0 3.4285714285714284 8.0 0.957427107756338 49 168.0
841 3.0 3.9795918367346936 22.0 2.9544443634292104 49 195.0
842 3.0 3.326530612244898 8.0 0.8753036402215136 49 163.0
843 3.0 3.5306122448979593 9.0 1.1920228048770458 49 173.0
844 3.0 3.5714285714285716 9.0 1.1180339887498945 49 175.0
845 3.0 3.4489795918367347 8.0 0.9802470881066142 49 169.0
846 3.0 3.3469387755102042 9.0 0.9906020982245104 49 164.0
847 3.0 3.4489795918367347 9.0 1.061862053379893 49 169.0
848 3.0 3.510204081632653 8.0 0.9815474385630379 49 172.0
849 3.0 3.36734693877551 9.0 1.0546302185880998 49 165.0
850 3.0 3.4081632653061225 8.0 0.9110060223670946 49 167.0
851 3.0 3.36734693877551 9.0 1.0546302185880998 49 165.0
852 3.0 3.387755102040816 9.0 1.0765749418606105 49 166.0
853 3.0 3.326530612244898 8.0 0.8753036402215136 49 163.0
854 3.0 3.510204081632653 9.0 1.0630625761526586 49 172.0
855 3.0 3.387755102040816 8.0 0.9750283442592033 49 166.0
856 3.0 3.4285714285714284 9.0 1.0606601717798212 49 168.0
857 3.0 3.387755102040816 9.0 1.057046327639196 49 166.0
858 3.0 3.3877551020408165 8.0 0.9086695065362561 49 166.0
859 3.0 3.4285714285714284 9.0 1.0606601717798214 49 168.0
860 3.0 3.4081632653061225 9.0 1.0785477764672495 49 167.0
861 3.0 3.4285714285714284 8.0 1.0206207261596576 49 168.0
862 3.0 3.489795918367347 9.0 1.0025477748298717 49 171.0
863 3.0 3.4489795918367347 9.0 1.0813036978919612 49 169.0
864 3.0 3.326530612244898 9.0 1.0485655897073707 49 163.0
865 3.0 3.4081632653061225 8.0 0.9772062079157678 49 167.0
866 3.0 3.5306122448979593 10.0 1.3708580162366466 49 173.0
867 3.0 4.326530612244899 53.0 7.157128599928762 49 212.0
868 3.0 3.4285714285714284 8.0 0.8660254037844386 49 168.0
869 3.0 3.36734693877551 9.0 0.9285714285714283 49 165.0
870 3.0 3.3877551020408165 9.0 0.9750283442592032 49 166.0
871 3.0 3.4693877551020407 9.0 1.2264793926847177 49 170.0
872 3.0 3.36734693877551 8.0 0.8586296628693787 49 165.0
873 3.0 3.4081632653061225 9.0 0.933594472699888 49 167.0
874 3.0 3.3469387755102042 9.0 0.9476070829586856 49 164.0
875 3.0 3.5918367346938775 9.0 1.1350177558621928 49 176.0
876 3.0 3.3469387755102042 8.0 0.8049591192560459 49 164.0
877 3.0 3.489795918367347 9.0 1.0025477748298717 49 171.0
878 3.0 3.326530612244898 9.0 0.944010838171381 49 163.0
879 3.0 3.510204081632653 9.0 0.9815474385630379 49 172.0
880 3.0 3.4081632653061225 8.0 0.8640593957916215 49 167.0
881 3.0 3.5714285714285716 9.0 0.957427107756338 49 175.0
882 3.0 3.3469387755102042 9.0 0.9476070829586855 49 164.0
883 3.0 3.5918367346938775 9.0 1.2734200561699127 49 176.0
884 3.0 3.4081632653061225 9.0 0.9556491543042608 49 167.0
885 3.0 3.5306122448979593 10.0 1.3401187885209804 49 173.0
886 3.0 3.5714285714285716 9.0 1.060660171779821 49 175.0
887 3.0 3.36734693877551 8.0 0.8086479856067477 49 165.0
888 3.0 3.63265306122449 9.0 1.4243986677281921 49 178.0
889 3.0 3.5510204081632653 12.0 1.4869042853329526 49 174.0
890 3.0 3.5714285714285716 11.0 1.224744871391589 49 175.0
891 3.0 3.5714285714285716 12.0 1.3385315336840842 49 175.0
892 3.0 3.510204081632653 11.0 1.226826002665548 49 172.0
893 3.0 3.4693877551020407 12.0 1.3401187885209802 49 170.0
894 3.0 3.510204081632653 11.0 1.3248026422136723 49 172.0
895 3.0 3.4693877551020407 12.0 1.3555755360781656 49 170.0
896 3.0 3.4285714285714284 11.0 1.190238071423808 49 168.0
897 3.0 3.489795918367347 11.0 1.2436915644495592 49 171.0
898 3.0 3.5510204081632653 12.0 1.3394841122890675 49 174.0
899 3.0 3.4693877551020407 11.0 1.209373818971457 49 170.0
900 3.0 3.4081632653061225 11.0 1.3215894367978975 49 167.0
901 3.0 3.5510204081632653 12.0 1.429761409143089 49 174.0
902 3.0 3.4285714285714284 11.0 1.2247448713915892 49 168.0
903 3.0 3.36734693877551 11.0 1.2023220164716755 49 165.0
904 3.0 3.4285714285714284 12.0 1.4288690166235205 49 168.0
905 3.0 3.4693877551020407 11.0 1.2264793926847173 49 170.0
906 3.0 3.5306122448979593 11.0 1.4448477546141694 49 173.0
907 3.0 3.387755102040816 11.0 1.2216165268919335 49 166.0
908 3.0 3.36734693877551 11.0 1.1848677414065458 49 165.0
909 3.0 3.63265306122449 12.0 1.5369596279535718 49 178.0
910 3.0 3.387755102040816 11.0 1.2044418923754037 49 166.0
911 3.0 3.4693877551020407 11.0 1.2433496561092297 49 170.0
912 3.0 3.489795918367347 11.0 1.243691564449559 49 171.0
913 3.0 3.5510204081632653 13.0 1.9046130894247693 49 174.0
914 3.0 3.4693877551020407 11.0 1.2433496561092297 49 170.0
915 3.0 3.387755102040816 11.0 1.2044418923754037 49 166.0
916 3.0 3.4489795918367347 12.0 1.3549481000176709 49 169.0
917 3.0 3.63265306122449 11.0 1.453356424955414 49 178.0
918 3.0 3.489795918367347 11.0 1.2097253300438322 49 171.0
919 3.0 3.5714285714285716 12.0 1.457737973711325 49 175.0
920 3.0 3.489795918367347 11.0 1.209725330043832 49 171.0
921 3.0 3.5306122448979593 12.0 1.3555755360781656 49 173.0
922 3.0 3.510204081632653 11.0 1.226826002665548 49 172.0
923 3.0 3.5714285714285716 12.0 1.3844373104863457 49 175.0
924 3.0 3.510204081632653 11.0 1.2097253300438329 49 172.0
925 3.0 3.5714285714285716 12.0 1.3693063937629153 49 175.0
926 3.0 3.4081632653061225 11.0 1.2233554836823939 49 167.0
927 3.0 3.510204081632653 11.0 1.2097253300438329 49 172.0
928 3.0 3.6530612244897958 12.0 1.377664394427565 49 179.0
929 3.0 3.5306122448979593 11.0 1.2264793926847173 49 173.0
930 3.0 3.510204081632653 12.0 1.355889145228938 49 172.0
931 3.0 3.510204081632653 12.0 1.3558891452289383 49 172.0
932 3.0 3.5306122448979593 11.0 1.2264793926847173 49 173.0
933 3.0 3.5918367346938775 12.0 1.3680638287213738 49 176.0
934 3.0 3.4693877551020407 11.0 1.2764214432076393 49 170.0
935 3.0 3.5918367346938775 12.0 1.3527497820325523 49 176.0
936 3.0 3.5918367346938775 11.0 1.2569534489348115 49 176.0
937 3.0 3.4693877551020407 12.0 1.3859719937094472 49 170.0
938 3.0 4.122448979591836 41.0 5.445306285620462 49 202.0
939 3.0 3.489795918367347 9.0 0.9381375383259783 49 171.0
940 3.0 3.4081632653061225 9.0 0.9556491543042607 49 167.0
941 3.0 3.36734693877551 9.0 0.9724084693648632 49 165.0
942 3.0 3.4285714285714284 9.0 0.9574271077563381 49 168.0
943 3.0 3.4081632653061225 8.0 0.8640593957916214 49 167.0
944 3.0 3.510204081632653 9.0 0.9600878644598076 49 172.0
945 3.0 3.306122448979592 9.0 0.9618576131773404 49 162.0
946 3.0 3.3469387755102042 9.0 0.9253607496575605 49 164.0
947 3.0 3.4489795918367347 8.0 0.8674969858207939 49 169.0
948 3.0 3.4285714285714284 9.0 1.0 49 168.0
949 3.0 3.3877551020408165 9.0 0.9750283442592032 49 166.0
950 3.0 3.3877551020408165 9.0 0.9313146293146638 49 166.0
951 3.0 3.4489795918367347 8.0 0.8911889177244235 49 169.0
952 3.0 3.4285714285714284 9.0 0.9789450103725608 49 168.0
953 3.0 3.4285714285714284 9.0 0.9999999999999998 49 168.0
954 3.0 3.326530612244898 8.0 0.8511696634152125 49 163.0
955 3.0 3.510204081632653 9.0 1.0630625761526586 49 172.0
956 3.0 3.4489795918367347 9.0 0.9587584091286133 49 169.0
957 3.0 3.306122448979592 9.0 0.9618576131773404 49 162.0
958 3.0 3.4285714285714284 8.0 0.841625411530173 49 168.0
959 3.0 3.3469387755102042 9.0 0.9476070829586855 49 164.0
960 3.0 3.510204081632653 9.0 0.9600878644598078 49 172.0
961 3.0 3.4081632653061225 9.0 0.9556491543042607 49 167.0
962 3.0 3.3469387755102042 8.0 0.8049591192560459 49 164.0
963 3.0 3.387755102040816 9.0 0.9750283442592033 49 166.0
964 3.0 3.4489795918367347 9.0 0.9367769320431427 49 169.0
965 3.0 3.8163265306122454 26.0 3.339619922160277 49 187.0
966 3.0 3.5306122448979593 11.0 1.4303560281786285 49 173.0
967 3.0 3.510204081632653 10.0 1.3404360139458336 49 172.0
968 3.0 3.4897959183673466 11.0 1.4306532450188596 49 171.0
969 3.0 3.7346938775510203 13.0 1.668026656013047 49 183.0
970 3.0 3.489795918367347 9.0 1.243691564449559 49 171.0
971 3.0 3.4489795918367347 8.0 0.9802470881066142 49 169.0
972 3.0 3.591836734693877 12.0 1.5668222530935416 49 176.0
973 3.0 3.3877551020408165 9.0 0.9534220500083771 49 166.0
974 3.0 3.6530612244897958 11.0 1.5752118959069612 49 179.0
975 3.0 3.489795918367347 9.0 0.9815474385630377 49 171.0
976 3.0 3.36734693877551 8.0 0.8086479856067477 49 165.0
977 3.0 3.387755102040816 9.0 0.9750283442592032 49 166.0
978 3.0 3.326530612244898 9.0 0.921677707183138 49 163.0
979 3.0 3.4489795918367347 8.0 0.8431395814107511 49 169.0
980 3.0 3.4693877551020407 9.0 1.0820898148245088 49 170.0
981 3.0 3.612244897959184 9.0 1.27174955819749 49 177.0
982 3.0 3.2857142857142856 8.0 0.8416254115301736 49 161.0
983 3.0 3.3877551020408165 9.0 0.9534220500083771 49 166.0
984 3.0 3.4081632653061225 9.0 0.998297871106506 49 167.0
985 3.0 3.36734693877551 8.0 0.8340133280065233 49 165.0
986 3.0 3.3877551020408165 9.0 0.9750283442592032 49 166.0
987 3.0 3.5714285714285716 9.0 0.9789450103725605 49 175.0
988 3.0 3.5306122448979593 14.0 1.7452559604100875 49 173.0
989 3.0 3.5510204081632653 9.0 1.1736911946539275 49 174.0
990 3.0 3.693877551020408 15.0 1.9279099394665395 49 181.0
991 3.0 3.4081632653061225 8.0 0.8878430639040036 49 167.0
992 3.0 3.326530612244898 8.0 0.8511696634152126 49 163.0
993 3.0 3.510204081632653 9.0 1.0824826592066008 49 172.0
994 3.0 3.4285714285714284 9.0 0.9999999999999999 49 168.0
995 3.0 3.489795918367347 8.0 0.844651036907941 49 171.0
996 3.0 3.510204081632653 9.0 0.9815474385630379 49 172.0
997 3.0 3.4081632653061225 9.0 1.0391977544188185 49 167.0
998 3.0 3.4489795918367347 8.0 0.9142671129060129 49 169.0
999 3.0 3.387755102040816 9.0 0.9750283442592033 49 166.0
1000 3.0 3.36734693877551 9.0 0.9936019816602535 49 165.0
1001 3.0 3.4489795918367347 9.0 1.1004019055515564 49 169.0
1002 3.0 3.612244897959184 8.0 1.0168645954315532 49 177.0
1003 3.0 3.489795918367347 9.0 1.101560426917044 49 171.0
1004 3.0 3.4693877551020407 9.0 1.002123595511189 49 170.0
1005 3.0 3.4693877551020407 8.0 1.0227015045197396 49 170.0
1006 3.0 3.5510204081632653 9.0 1.00127469777687 49 174.0
1007 3.0 3.4693877551020407 9.0 1.0428734506226562 49 170.0
1008 3.0 3.36734693877551 9.0 0.9285714285714283 49 165.0
1009 3.0 3.5714285714285716 9.0 1.207614728849119 49 175.0
1010 3.0 3.4285714285714284 9.0 0.957427107756338 49 168.0
1011 3.0 3.4081632653061225 9.0 0.9772062079157681 49 167.0
1012 3.0 3.36734693877551 9.0 0.9507426384810191 49 165.0
1013 3.0 3.4489795918367347 8.0 0.8911889177244237 49 169.0
1014 3.0 3.7551020408163263 9.0 1.299528957047161 49 184.0
1015 3.0 3.4285714285714284 9.0 0.9789450103725608 49 168.0
1016 3.0 3.4081632653061225 9.0 0.9772062079157681 49 167.0
1017 3.0 3.591836734693877 13.0 1.593193430228249 49 176.0
1018 3.0 3.4489795918367347 9.0 0.9587584091286134 49 169.0
1019 3.0 3.5306122448979593 9.0 1.1920228048770456 49 173.0
1020 3.0 3.8571428571428568 12.0 1.7795130420052188 49 189.0
1021 3.0 3.4285714285714284 9.0 0.9789450103725608 49 168.0
1022 3.0 3.2857142857142856 8.0 0.816496580927726 49 161.0
1023 3.0 3.489795918367347 9.0 1.0231171523745428 49 171.0
1024 3.0 3.5510204081632653 9.0 0.9802470881066141 49 174.0
1025 3.0 3.6530612244897958 10.0 1.3470804914110128 49 179.0
1026 3.0 3.3469387755102042 9.0 0.9253607496575605 49 164.0
1027 3.0 3.5510204081632653 9.0 1.173691194653928 49 174.0
1028 3.0 3.5510204081632653 9.0 0.9802470881066141 49 174.0
1029 3.0 3.387755102040816 8.0 0.8615955772724869 49 166.0
1030 3.0 3.4285714285714284 9.0 0.957427107756338 49 168.0
1031 3.0 3.510204081632653 9.0 0.9600878644598075 49 172.0
1032 3.0 3.489795918367347 9.0 0.9815474385630376 49 171.0
1033 3.0 3.387755102040816 9.0 0.9534220500083773 49 166.0
1034 3.0 3.3877551020408165 9.0 0.9750283442592032 49 166.0
1035 3.0 3.510204081632653 9.0 1.0824826592066006 49 172.0
1036 3.0 3.5306122448979593 9.0 0.9596449173246007 49 173.0
1037 3.0 3.4081632653061225 8.0 0.8396022705954977 49 167.0
1038 3.0 3.489795918367347 9.0 1.2436915644495594 49 171.0
1039 3.0 3.612244897959184 9.0 1.2216165268919337 49 177.0
1040 3.0 3.4693877551020407 9.0 1.002123595511189 49 170.0
1041 3.0 3.5918367346938775 9.0 1.0189530441205072 49 176.0
1042 3.0 3.510204081632653 9.0 0.9815474385630378 49 172.0
1043 3.0 3.510204081632653 9.0 1.002547774829872 49 172.0
1044 3.0 3.673469387755102 10.0 1.448961626792914 49 180.0
1045 3.0 3.612244897959184 10.0 1.4407221356350584 49 177.0
1046 3.0 3.6122448979591835 8.0 0.9086695065362562 49 177.0
1047 3.0 3.5510204081632653 9.0 1.1376368871809799 49 174.0
1048 3.0 3.5918367346938775 9.0 1.0590555412516294 49 176.0
1049 3.0 3.510204081632653 9.0 0.9815474385630378 49 172.0
1050 3.0 3.5918367346938775 9.0 1.3680638287213736 49 176.0
1051 3.0 3.63265306122449 9.0 1.13088972257504 49 178.0
1052 3.0 3.6530612244897958 9.0 1.0906997067663198 49 179.0
1053 3.0 3.5306122448979593 9.0 1.1565401134476945 49 173.0
1054 3.0 3.4693877551020407 9.0 0.9811141799065011 49 170.0
1055 3.0 3.6530612244897958 9.0 1.1998440941806297 49 179.0
1056 3.0 3.510204081632653 9.0 1.0025477748298717 49 172.0
1057 3.0 3.4693877551020407 9.0 1.002123595511189 49 170.0
1058 3.0 3.4489795918367347 8.0 0.8911889177244238 49 169.0
1059 3.0 3.836734693877551 20.0 2.544167666575115 49 188.0
1060 3.0 3.63265306122449 9.0 1.3180458633747096 49 178.0
1061 3.0 3.9183673469387754 13.0 2.0086970766091716 49 192.0
1062 3.0 3.5306122448979593 9.0 0.9811141799065012 49 173.0
1063 3.0 3.5510204081632653 9.0 1.042057749715195 49 174.0
1064 3.0 3.489795918367347 9.0 1.0432810619146025 49 171.0
1065 3.0 3.5714285714285716 9.0 1.060660171779821 49 175.0
1066 3.0 3.4081632653061225 9.0 0.9556491543042607 49 167.0
1067 3.0 3.612244897959184 9.0 0.9961661200700964 49 177.0
1068 3.0 3.5510204081632653 9.0 1.061862053379893 49 174.0
1069 3.0 3.5918367346938775 9.0 1.0976939340221914 49 176.0
1070 3.0 3.5714285714285716 9.0 1.2583057392117911 49 175.0
1071 3.0 3.510204081632653 9.0 1.0432810619146025 49 172.0
1072 3.0 3.6530612244897958 9.0 1.1282549284950938 49 179.0
1073 3.0 3.5306122448979593 8.0 0.8684766552304514 49 173.0
1074 3.0 3.63265306122449 10.0 1.3798230193129293 49 178.0
1075 3.0 3.4693877551020407 9.0 1.0021235955111887 49 170.0
1076 3.0 3.510204081632653 9.0 1.0025477748298717 49 172.0
1077 3.0 3.4693877551020407 9.0 0.9811141799065012 49 170.0
1078 3.0 3.510204081632653 9.0 1.0432810619146025 49 172.0
1079 3.0 3.5918367346938775 9.0 0.9556491543042607 49 176.0
1080 3.0 3.4489795918367347 9.0 1.021869701613092 49 169.0
1081 3.0 3.5714285714285716 9.0 0.9999999999999999 49 175.0
1082 3.0 3.489795918367347 9.0 1.0824826592066006 49 171.0
1083 3.0 3.5306122448979593 9.0 1.0626625525914954 49 173.0
1084 3.0 3.5510204081632653 9.0 1.00127469777687 49 174.0
1085 3.0 3.510204081632653 9.0 1.0025477748298717 49 172.0
1086 3.0 3.4693877551020407 9.0 1.0227015045197398 49 170.0
1087 3.0 3.4081632653061225 8.0 0.8144110179279556 49 167.0
1088 3.0 3.693877551020408 9.0 1.2450582588888 49 181.0
1089 3.0 3.4285714285714284 9.0 0.957427107756338 49 168.0
1090 3.0 3.5510204081632653 9.0 1.00127469777687 49 174.0
1091 3.0 3.7346938775510203 12.0 1.6043626746583004 49 183.0
1092 3.0 3.5306122448979593 9.0 1.002123595511189 49 173.0
1093 3.0 3.4285714285714284 9.0 0.9999999999999999 49 168.0
1094 3.0 3.5714285714285716 9.0 1.1180339887498945 49 175.0
1095 3.0 3.5510204081632653 9.0 1.021869701613092 49 174.0
1096 3.0 3.4081632653061225 9.0 0.9772062079157681 49 167.0
1097 3.0 3.489795918367347 8.0 0.8926190158645476 49 171.0
1098 3.0 3.510204081632653 9.0 1.023117152374543 49 172.0
1099 3.0 3.4693877551020407 9.0 1.0227015045197398 49 170.0
1100 3.0 3.4489795918367347 9.0 0.9802470881066142 49 169.0
1101 3.0 3.693877551020408 9.0 1.0449099170234137 49 181.0
1102 3.0 3.5714285714285716 9.0 0.9999999999999996 49 175.0
1103 3.0 3.4285714285714284 9.0 1.0206207261596574 49 168.0
1104 3.0 3.5714285714285716 9.0 1.0206207261596572 49 175.0
1105 3.0 3.510204081632653 9.0 1.0630625761526586 49 172.0
1106 3.0 3.510204081632653 8.0 0.9381375383259787 49 172.0
1107 3.0 3.5714285714285716 9.0 1.060660171779821 49 175.0
1108 3.0 3.5510204081632653 9.0 1.00127469777687 49 174.0
1109 3.0 3.4693877551020407 9.0 1.002123595511189 49 170.0
1110 3.0 3.612244897959184 11.0 1.4974468066597602 49 177.0
1111 3.0 3.4693877551020407 9.0 1.0428734506226565 49 170.0
1112 3.0 3.489795918367347 9.0 1.0025477748298717 49 171.0
1113 3.0 3.673469387755102 9.0 1.125236180801628 49 180.0
1114 3.0 3.591836734693877 9.0 1.2896764346619856 49 176.0
1115 3.0 3.510204081632653 9.0 1.082482659206601 49 172.0
1116 3.0 3.612244897959184 8.0 0.9313146293146639 49 177.0
1117 3.0 3.510204081632653 9.0 1.0432810619146027 49 172.0
1118 3.0 3.5714285714285716 9.0 1.0206207261596572 49 175.0
1119 3.0 3.7551020408163263 9.0 1.1278780268882869 49 184.0
1120 3.0 3.489795918367347 9.0 1.0824826592066008 49 171.0
1121 3.0 3.5918367346938775 9.0 1.0785477764672495 49 176.0
1122 3.0 3.5918367346938775 9.0 1.0189530441205072 49 176.0
1123 3.0 3.5306122448979593 9.0 1.0428734506226565 49 173.0
1124 3.0 3.7142857142857144 9.0 1.136515141415488 49 182.0
1125 3.0 3.7142857142857144 9.0 1.0992421631894098 49 182.0
1126 3.0 3.510204081632653 9.0 1.0025477748298717 49 172.0
1127 3.0 3.5306122448979593 9.0 1.0428734506226565 49 173.0
1128 3.0 3.5306122448979593 9.0 1.0428734506226565 49 173.0
1129 3.0 3.693877551020408 9.0 1.0247780579360641 49 181.0
1130 3.0 3.5714285714285716 9.0 1.040832999733066 49 175.0
1131 3.0 3.5918367346938775 9.0 1.0391977544188185 49 176.0
1132 3.0 3.7142857142857144 11.0 1.513825177048745 49 182.0
1133 3.0 3.7142857142857144 9.0 1.0408329997330663 49 182.0
1134 3.0 3.5510204081632653 12.0 1.385358324432647 49 174.0
1135 3.0 3.6530612244897958 12.0 1.3927045093414956 49 179.0
1136 3.0 3.7755102040816326 11.0 1.3112542679061296 49 185.0
1137 3.0 3.775510204081633 12.0 1.51747193991697 49 185.0
1138 3.0 3.673469387755102 12.0 1.3902600941017116 49 180.0
1139 3.0 3.5714285714285716 12.0 1.4142135623730947 49 175.0
1140 3.0 3.673469387755102 11.0 1.3131983079178737 49 180.0
1141 3.0 3.7551020408163263 12.0 1.377355743276738 49 184.0
1142 3.0 3.6530612244897958 12.0 1.3927045093414956 49 179.0
1143 3.0 3.63265306122449 12.0 1.3948398586549335 49 178.0
1144 3.0 3.7346938775510203 12.0 1.3810550043970258 49 183.0
1145 3.0 3.5306122448979593 11.0 1.2764214432076395 49 173.0
1146 3.0 3.693877551020408 12.0 1.4172167799460118 49 181.0
1147 3.0 3.63265306122449 12.0 1.453356424955414 49 178.0
1148 3.0 3.7142857142857144 12.0 1.5811388300841889 49 182.0
1149 3.0 3.612244897959184 11.0 1.4261884887497087 49 177.0
1150 3.0 3.673469387755102 12.0 1.4199142447996758 49 180.0
1151 3.0 3.8979591836734695 16.0 1.992118825513676 49 191.0
1152 3.0 3.5306122448979593 12.0 1.3859719937094472 49 173.0
1153 3.0 3.612244897959184 11.0 1.3356697216910245 49 177.0
1154 3.0 3.5510204081632653 12.0 1.3549481000176715 49 174.0
1155 3.0 4.163265306122449 32.0 4.283431931949692 49 204.0
1156 3.0 3.63265306122449 12.0 1.3646409410387708 49 178.0
1157 3.0 3.673469387755102 12.0 1.405165398064714 49 180.0
1158 3.0 3.5714285714285716 11.0 1.2583057392117913 49 175.0
1159 3.0 3.5918367346938775 12.0 1.3981888187183866 49 176.0
1160 3.0 3.5714285714285716 12.0 1.3994046353122218 49 175.0
1161 3.0 3.673469387755102 12.0 1.3902600941017116 49 180.0
1162 3.0 3.612244897959184 12.0 1.3966675596249973 49 177.0
1163 3.0 3.7346938775510203 11.0 1.4828956780019065 49 183.0
1164 3.0 3.693877551020408 12.0 1.4606517043294553 49 181.0
1165 3.0 3.5714285714285716 12.0 1.369306393762915 49 175.0
1166 3.0 3.5510204081632653 12.0 1.429761409143089 49 174.0
1167 3.0 3.6530612244897958 12.0 1.4075839289388048 49 179.0
1168 3.0 3.6530612244897958 11.0 1.2837286254008162 49 179.0
1169 3.0 3.775510204081633 13.0 1.9068441000167544 49 185.0
1170 3.0 3.5306122448979593 13.0 1.528916293985255 49 173.0
1171 3.0 3.673469387755102 12.0 1.3902600941017116 49 180.0
1172 3.0 4.591836734693878 54.0 7.27128589999429 49 225.0
1173 3.0 3.5510204081632653 9.0 1.00127469777687 49 174.0
1174 3.0 3.693877551020408 13.0 1.7819006897207283 49 181.0
1175 3.0 3.5714285714285716 9.0 1.040832999733066 49 175.0
1176 3.0 3.5918367346938775 9.0 1.0976939340221914 49 176.0
1177 3.0 3.510204081632653 9.0 1.023117152374543 49 172.0
1178 3.0 3.5306122448979593 9.0 1.002123595511189 49 173.0
1179 3.0 3.612244897959184 9.0 1.304101327393253 49 177.0
1180 3.0 3.612244897959184 9.0 1.0957555713337002 49 177.0
1181 3.0 3.510204081632653 9.0 1.0432810619146027 49 172.0
1182 3.0 3.63265306122449 9.0 1.13088972257504 49 178.0
1183 3.0 3.6122448979591835 9.0 0.9961661200700965 49 177.0
1184 3.0 3.7142857142857144 9.0 1.3844373104863452 49 182.0
1185 3.0 3.5510204081632653 10.0 1.1736911946539277 49 174.0
1186 3.0 3.489795918367347 9.0 1.0630625761526586 49 171.0
1187 3.0 3.5714285714285716 9.0 0.9999999999999997 49 175.0
1188 3.0 3.673469387755102 10.0 1.4489616267929135 49 180.0
1189 3.0 3.5510204081632653 9.0 1.061862053379893 49 174.0
1190 3.0 3.5306122448979593 9.0 1.0626625525914952 49 173.0
1191 3.0 3.5714285714285716 9.0 1.060660171779821 49 175.0
1192 3.0 3.5714285714285716 9.0 1.080123449734643 49 175.0
1193 3.0 3.4693877551020407 9.0 1.0626625525914954 49 170.0
1194 3.0 3.673469387755102 9.0 1.028505288878818 49 180.0
1195 3.0 3.5306122448979593 9.0 1.101174388556874 49 173.0
1196 3.0 3.6530612244897958 9.0 1.1823532398033463 49 179.0
1197 3.0 3.63265306122449 9.0 1.0546302185881 49 178.0
1198 3.0 3.5918367346938775 9.0 1.1532267655535553 49 176.0
1199 3.0 3.5714285714285716 9.0 1.060660171779821 49 175.0
1200 3.0 3.5510204081632653 9.0 1.0813036978919612 49 174.0
1201 3.0 3.693877551020408 9.0 1.2111303541295118 49 181.0
1202 3.0 3.5714285714285716 9.0 1.0206207261596574 49 175.0
1203 3.0 3.5714285714285716 9.0 1.060660171779821 49 175.0
1204 3.0 3.5510204081632653 9.0 1.0813036978919612 49 174.0
1205 3.0 3.6530612244897958 9.0 1.0518044100529351 49 179.0
1206 3.0 3.510204081632653 9.0 1.0824826592066006 49 172.0
1207 3.0 3.63265306122449 9.0 1.0934250003052415 49 178.0
1208 3.0 3.63265306122449 9.0 1.0934250003052415 49 178.0
1209 3.0 3.5918367346938775 9.0 1.1532267655535553 49 176.0
1210 3.0 3.5918367346938775 9.0 1.0976939340221914 49 176.0
1211 3.0 3.5918367346938775 9.0 1.0189530441205072 49 176.0
1212 3.0 3.63265306122449 9.0 1.0143527811495614 49 178.0
1213 3.0 3.5306122448979593 9.0 1.101174388556874 49 173.0
1214 3.0 3.6530612244897958 9.0 1.0518044100529351 49 179.0
1215 3.0 3.5714285714285716 9.0 1.060660171779821 49 175.0
1216 3.0 3.4285714285714284 9.0 0.9789450103725608 49 168.0
1217 3.0 3.673469387755102 9.0 1.0682492511511694 49 180.0
1218 3.0 3.4693877551020407 9.0 0.9811141799065011 49 170.0
1219 3.0 3.4489795918367347 9.0 1.021869701613092 49 169.0
1220 3.0 4.0 27.0 3.458082320207738 49 196.0
1221 3.0 3.5918367346938775 10.0 1.1888083555066604 49 176.0
1222 3.0 3.5306122448979593 9.0 0.9811141799065012 49 173.0
1223 3.0 3.510204081632653 9.0 1.0025477748298717 49 172.0
1224 3.0 3.5306122448979593 8.0 0.8921425711997717 49 173.0
1225 3.0 3.5306122448979593 9.0 1.0428734506226565 49 173.0
1226 3.0 3.5510204081632653 12.0 1.5553834533885313 49 174.0
1227 3.0 3.5714285714285716 9.0 1.0206207261596574 49 175.0
1228 3.0 3.673469387755102 9.0 1.0875767233863092 49 180.0
1229 3.0 3.5714285714285716 11.0 1.443375672974064 49 175.0
1230 3.0 3.4693877551020407 9.0 1.0227015045197398 49 170.0
1231 3.0 3.6530612244897958 15.0 1.9531067176015053 49 179.0
1232 3.0 3.775510204081633 13.0 1.6741329363092328 49 185.0
1233 3.0 3.489795918367347 9.0 0.9815474385630376 49 171.0
1234 3.0 3.5306122448979593 9.0 0.9811141799065012 49 173.0
1235 3.0 3.4693877551020407 9.0 1.002123595511189 49 170.0
1236 3.0 3.5306122448979593 9.0 1.002123595511189 49 173.0
1237 3.0 3.4693877551020407 9.0 1.002123595511189 49 170.0
1238 3.0 3.489795918367347 8.0 0.8446510369079412 49 171.0
1239 3.0 3.5510204081632653 9.0 1.00127469777687 49 174.0
1240 3.0 3.693877551020408 17.0 2.1622141586871564 49 181.0
1241 3.0 3.4693877551020407 9.0 1.002123595511189 49 170.0
1242 3.0 3.5306122448979593 9.0 1.101174388556874 49 173.0
1243 3.0 3.489795918367347 9.0 1.0432810619146025 49 171.0
1244 3.0 3.673469387755102 9.0 1.0682492511511694 49 180.0
1245 3.0 3.4693877551020407 9.0 1.002123595511189 49 170.0
1246 3.0 3.4693877551020407 9.0 0.9811141799065012 49 170.0
1247 3.0 3.4693877551020407 9.0 0.9596449173246007 49 170.0
1248 3.0 3.4693877551020407 9.0 1.002123595511189 49 170.0
1249 3.0 3.36734693877551 9.0 0.9285714285714283 49 165.0
1250 3.0 3.673469387755102 10.0 1.344553133666238 49 180.0
1251 3.0 3.489795918367347 9.0 0.9600878644598074 49 171.0
1252 3.0 3.4285714285714284 9.0 0.9999999999999999 49 168.0
1253 3.0 3.36734693877551 9.0 0.9285714285714283 49 165.0
1254 3.0 3.510204081632653 9.0 1.2436915644495603 49 172.0
1255 3.0 3.4285714285714284 9.0 0.9789450103725609 49 168.0
1256 3.0 3.3877551020408165 9.0 1.0168645954315532 49 166.0
1257 3.0 3.36734693877551 9.0 0.9507426384810189 49 165.0
1258 3.0 3.4489795918367347 9.0 1.242665557209513 49 169.0
1259 3.0 3.63265306122449 9.0 1.2532271267781094 49 178.0
1260 3.0 3.4285714285714284 8.0 0.9574271077563381 49 168.0
1261 3.0 3.306122448979592 9.0 0.9399486163405655 49 162.0
1262 3.0 3.306122448979592 9.0 0.9399486163405656 49 162.0
1263 3.0 3.306122448979592 9.0 0.9399486163405655 49 162.0
1264 3.0 3.387755102040816 9.0 0.9750283442592033 49 166.0
1265 3.0 3.326530612244898 9.0 0.9440108381713809 49 163.0
1266 3.0 3.326530612244898 8.0 0.8007224628952494 49 163.0
1267 3.0 3.3469387755102042 9.0 0.9476070829586856 49 164.0
1268 3.0 3.775510204081633 19.0 2.5105220748751393 49 185.0
1269 3.0 3.3469387755102042 9.0 0.9476070829586856 49 164.0
1270 3.0 3.36734693877551 9.0 0.9724084693648631 49 165.0
1271 3.0 3.326530612244898 9.0 0.9440108381713809 49 163.0
1272 3.0 3.3877551020408165 8.0 0.8370664681546163 49 166.0
1273 3.0 3.36734693877551 9.0 0.9724084693648634 49 165.0
1274 3.0 3.3469387755102042 9.0 0.9253607496575605 49 164.0
1275 3.0 3.36734693877551 9.0 0.9724084693648631 49 165.0
1276 3.0 3.3469387755102042 9.0 0.9253607496575605 49 164.0
1277 3.0 3.5714285714285716 15.0 1.9257033347152255 49 175.0
1278 3.0 3.2653061224489797 8.0 0.784631288251623 49 160.0
1279 3.0 3.5102040816326534 10.0 1.3558891452289388 49 172.0
1280 3.0 3.4489795918367347 9.0 1.1736911946539272 49 169.0
1281 3.0 3.5510204081632653 10.0 1.4151151968684967 49 174.0
1282 3.0 3.4285714285714284 9.0 1.2583057392117916 49 168.0
1283 3.0 3.2857142857142856 8.0 0.816496580927726 49 161.0
1284 3.0 3.387755102040816 9.0 1.0957555713337002 49 166.0
1285 3.0 3.2653061224489797 9.0 0.9077332162242018 49 160.0
1286 2.0 4.040816326530613 25.0 3.48783112928286 49 198.0
1287 3.0 3.3469387755102042 9.0 0.9693429993248706 49 164.0
1288 3.0 3.306122448979592 8.0 0.7959292690688946 49 162.0
1289 3.0 3.326530612244898 9.0 0.9658276912843718 49 163.0
1290 2.0 3.2448979591836733 9.0 0.9249011714073829 49 159.0
1291 3.0 3.326530612244898 9.0 0.9440108381713809 49 163.0
1292 3.0 3.36734693877551 8.0 0.9936019816602537 49 165.0
1293 2.0 3.183673469387755 9.0 0.9719711369976288 49 156.0
1294 2.0 3.183673469387755 9.0 0.950295335403577 49 156.0
1295 3.0 3.326530612244898 9.0 0.9658276912843717 49 163.0
1296 2.0 3.2857142857142856 8.0 0.8897565210026096 49 161.0
1297 2.0 3.2653061224489797 9.0 1.1686086849340975 49 160.0
1298 3.0 3.306122448979592 9.0 0.9832785641383001 49 162.0
