##bucket, min, mean, max, stddev, count,total
0 5.0 9.6734693877551 82.0 12.63986378338727 49 474.0
1 5.0 6.428571428571428 23.0 3.4641016151377535 49 315.0
2 4.0 6.0 16.0 2.3979157616563596 49 294.0
3 5.0 6.26530612244898 26.0 3.4986634960372247 49 307.0
4 5.0 5.857142857142857 15.0 2.1311186420907373 49 287.0
5 5.0 5.959183673469388 16.0 2.281804692137612 49 292.0
6 5.0 5.857142857142857 15.0 1.9895560643855539 49 287.0
7 4.0 5.755102040816327 16.0 1.995104552867029 49 282.0
8 4.0 5.673469387755102 15.0 2.075529602114049 49 278.0
9 4.0 5.795918367346939 15.0 1.8706014166208533 49 284.0
10 5.0 5.673469387755102 16.0 2.0144039141273784 49 278.0
11 5.0 5.73469387755102 15.0 1.630126659241566 49 281.0
12 4.0 6.081632653061225 18.0 2.5887314677743025 49 298.0
13 5.0 5.653061224489796 15.0 1.7386659206625825 49 277.0
14 4.0 5.795918367346939 16.0 1.9254825351576879 49 284.0
15 4.0 5.714285714285714 15.0 1.7320508075688772 49 280.0
16 4.0 5.714285714285714 16.0 1.7440374613713625 49 280.0
17 5.0 5.591836734693878 15.0 1.6446677393288638 49 274.0
18 5.0 5.591836734693878 16.0 1.7668046409990492 49 274.0
19 4.0 5.755102040816326 15.0 1.689805366564667 49 282.0
20 5.0 5.653061224489796 16.0 1.78595236508148 49 277.0
21 4.0 5.714285714285714 16.0 1.8027756377319946 49 280.0
22 5.0 5.816326530612245 15.0 1.7639145551367075 49 285.0
23 4.0 5.63265306122449 15.0 1.6544621174143532 49 276.0
24 5.0 5.73469387755102 16.0 1.9448169387297267 49 281.0
25 5.0 6.1020408163265305 15.0 2.2844118312961834 49 299.0
26 4.0 5.6938775510204085 16.0 1.8051325162880822 49 279.0
27 5.0 5.63265306122449 15.0 1.5902551885234801 49 276.0
28 5.0 5.755102040816326 16.0 1.762226482853651 49 282.0
29 4.0 5.816326530612246 17.0 2.3154685395882892 49 285.0
30 4.0 5.959183673469387 22.0 2.9294423792014106 49 292.0
31 4.0 5.959183673469387 21.0 2.8059400064377513 49 292.0
32 5.0 5.938775510204081 18.0 2.5033990498362613 49 291.0
33 5.0 5.8979591836734695 19.0 2.5020399840195706 49 289.0
34 4.0 6.0816326530612255 18.0 2.5644747244308905 49 298.0
35 5.0 5.755102040816327 17.0 2.3587656751369113 49 282.0
36 5.0 6.0 17.0 2.3540744819709225 49 294.0
37 4.0 5.938775510204081 18.0 2.4866993122184593 49 291.0
38 5.0 5.857142857142857 19.0 2.48327740429189 49 287.0
39 4.0 6.040816326530612 18.0 2.5245394272476496 49 296.0
40 5.0 5.959183673469388 17.0 2.371349683139939 49 292.0
41 4.0 5.877551020408164 18.0 2.4120587080094777 49 288.0
42 5.0 5.73469387755102 16.0 2.1386864173685525 49 281.0
43 5.0 5.857142857142857 15.0 1.9364916731037085 49 287.0
44 4.0 5.775510204081633 17.0 2.013137126088378 49 283.0
45 5.0 6.142857142857143 21.0 2.7080128015453195 49 301.0
46 5.0 6.081632653061225 21.0 2.8345835576991245 49 298.0
47 5.0 6.224489795918368 20.0 2.567954001749651 49 305.0
48 4.0 5.979591836734694 21.0 2.5123842918494717 49 293.0
49 5.0 6.183673469387755 25.0 3.0596396124091365 49 303.0
50 5.0 6.0 16.0 1.9790570145063195 49 294.0
51 5.0 6.122448979591836 17.0 2.26966088749348 49 300.0
52 5.0 5.959183673469388 16.0 2.071223306742794 49 292.0
53 5.0 5.959183673469388 16.0 2.1011820450390672 49 292.0
54 5.0 6.081632653061225 16.0 1.891171756410532 49 298.0
55 5.0 6.020408163265307 16.0 2.1163037344858227 49 295.0
56 4.0 6.0 16.0 1.8708286933869707 49 294.0
57 5.0 6.1020408163265305 16.0 1.9066211164341629 49 299.0
58 5.0 6.163265306122449 17.0 2.276207909875457 49 302.0
59 5.0 6.224489795918368 16.0 2.1819840562590525 49 305.0
60 5.0 6.061224489795919 17.0 2.2949960354477943 49 297.0
61 5.0 6.122448979591836 16.0 2.047688260181308 49 300.0
62 4.0 6.020408163265306 17.0 2.3047938801402554 49 295.0
63 5.0 6.2857142857142865 18.0 2.3184046238739264 49 308.0
64 5.0 6.1020408163265305 18.0 2.4600550295266417 49 299.0
65 5.0 6.142857142857143 16.0 2.0615528128088294 49 301.0
66 5.0 6.244897959183674 16.0 2.0261890772755513 49 306.0
67 5.0 6.3061224489795915 16.0 2.451224877762248 49 309.0
68 5.0 6.122448979591836 17.0 2.0979419782772086 49 300.0
69 5.0 6.755102040816327 29.0 3.95037240989641 49 331.0
70 5.0 6.040816326530612 16.0 1.9252617102776504 49 296.0
71 5.0 6.326530612244898 20.0 2.5851156897229384 49 310.0
72 4.0 6.1020408163265305 17.0 2.094087887752721 49 299.0
73 4.0 6.122448979591836 16.0 1.9217250612104622 49 300.0
74 5.0 6.040816326530612 16.0 1.8703741122374133 49 296.0
75 5.0 6.142857142857143 16.0 1.989556064385553 49 301.0
76 5.0 6.244897959183674 17.0 2.155715390198209 49 306.0
77 5.0 6.36734693877551 16.0 2.2238656054924983 49 312.0
78 5.0 6.204081632653061 17.0 2.030800251099046 49 304.0
79 5.0 6.36734693877551 16.0 2.1378910709604724 49 312.0
80 5.0 6.285714285714286 16.0 2.06155281280883 49 308.0
81 5.0 6.326530612244898 17.0 2.0451951323166457 49 310.0
82 5.0 6.142857142857143 16.0 1.8929694486000908 49 301.0
83 5.0 6.408163265306122 16.0 1.9676378323908557 49 314.0
84 5.0 6.244897959183674 17.0 2.086969615703772 49 306.0
85 5.0 6.387755102040816 16.0 2.079826981291676 49 313.0
86 5.0 6.285714285714286 17.0 2.0916500663351885 49 308.0
87 5.0 6.326530612244898 16.0 1.9406587702594795 49 310.0
88 5.0 6.346938775510204 16.0 2.146227508212213 49 311.0
89 5.0 6.448979591836735 17.0 2.3897456671665918 49 316.0
90 5.0 6.469387755102041 17.0 2.3461141704274056 49 317.0
91 5.0 6.469387755102041 16.0 2.0524582904443167 49 317.0
92 5.0 6.346938775510204 17.0 2.0871733318071124 49 311.0
93 5.0 6.489795918367347 20.0 2.4420146138280296 49 318.0
94 5.0 6.346938775510204 17.0 2.394011803857034 49 311.0
95 5.0 6.551020408163265 16.0 2.199064426919206 49 321.0
96 5.0 6.36734693877551 17.0 2.25179444694504 49 312.0
97 5.0 6.36734693877551 16.0 2.07860006525847 49 312.0
98 5.0 6.571428571428571 17.0 2.1698694277152564 49 322.0
99 5.0 6.510204081632653 17.0 2.1225225654433753 49 319.0
100 5.0 6.183673469387755 16.0 2.037906088241014 49 303.0
101 5.0 6.3061224489795915 16.0 1.91707330794292 49 309.0
102 5.0 6.285714285714286 17.0 1.9895560643855543 49 308.0
103 5.0 6.244897959183674 16.0 1.9846348556356868 49 306.0
104 5.0 6.26530612244898 17.0 1.987203963320508 49 307.0
105 5.0 6.244897959183674 16.0 1.9741096331099286 49 306.0
106 5.0 6.36734693877551 17.0 2.0381147084072206 49 312.0
107 5.0 6.428571428571429 17.0 2.4152294576982394 49 315.0
108 5.0 6.530612244897959 17.0 2.292215456862699 49 320.0
109 5.0 6.244897959183674 16.0 1.898800194035894 49 306.0
110 5.0 6.204081632653061 16.0 1.9997874036666863 49 304.0
111 5.0 6.285714285714286 16.0 1.8596594670351174 49 308.0
112 5.0 6.346938775510204 16.0 2.057010577757636 49 311.0
113 5.0 6.122448979591836 17.0 1.9325356083526697 49 300.0
114 5.0 6.387755102040816 19.0 2.447927069741971 49 313.0
115 5.0 6.163265306122449 16.0 1.7952128329661252 49 302.0
116 5.0 6.020408163265306 16.0 1.574401948867772 49 295.0
117 5.0 6.061224489795919 17.0 1.7842851423995432 49 297.0
118 5.0 6.061224489795919 16.0 1.5865077379959691 49 297.0
119 5.0 6.081632653061225 17.0 1.6935752947275666 49 298.0
120 5.0 6.408163265306122 18.0 2.2071698256943852 49 314.0
121 5.0 6.061224489795919 16.0 1.5600235477029676 49 297.0
122 5.0 6.3061224489795915 17.0 2.3022098227631664 49 309.0
123 5.0 6.142857142857143 16.0 1.6457014715109581 49 301.0
124 5.0 6.326530612244898 17.0 1.951364427586939 49 310.0
125 5.0 6.122448979591836 16.0 1.5894529072035086 49 300.0
126 5.0 6.081632653061225 17.0 1.730085916627138 49 298.0
127 5.0 6.183673469387755 16.0 1.5230652944494731 49 303.0
128 5.0 6.061224489795919 17.0 1.6634322356865312 49 297.0
129 5.0 6.1020408163265305 16.0 1.7349939716415888 49 299.0
130 5.0 6.163265306122449 17.0 1.9294530612705405 49 302.0
131 5.0 6.122448979591836 16.0 1.5630186214131778 49 300.0
132 5.0 6.1020408163265305 17.0 1.7229444027495455 49 299.0
133 5.0 6.142857142857143 16.0 1.6329931618554518 49 301.0
134 5.0 6.285714285714286 17.0 1.7677669529663693 49 308.0
135 5.0 6.1020408163265305 20.0 2.172219467495397 49 299.0
136 5.0 6.204081632653061 16.0 1.8817056960456413 49 304.0
137 5.0 6.142857142857143 17.0 1.6955824957813166 49 301.0
138 5.0 6.1020408163265305 16.0 1.6104463402938907 49 299.0
139 5.0 6.061224489795919 17.0 1.77257067636839 49 297.0
140 5.0 6.040816326530612 16.0 1.5806009362669282 49 296.0
141 5.0 6.204081632653061 17.0 1.7075761554117037 49 304.0
142 5.0 6.1020408163265305 17.0 1.7588454778535796 49 299.0
143 5.0 6.122448979591836 17.0 1.7985254731448823 49 300.0
144 5.0 6.326530612244898 17.0 1.7840468405430674 49 310.0
145 5.0 6.1020408163265305 16.0 1.5444105936028323 49 299.0
146 5.0 6.020408163265306 17.0 1.7137896107550579 49 295.0
147 5.0 6.183673469387755 16.0 1.6792045411909953 49 303.0
148 5.0 6.081632653061225 17.0 1.7058323321998066 49 298.0
149 5.0 6.142857142857143 16.0 1.6201851746019649 49 301.0
150 5.0 6.122448979591836 17.0 1.6910629431073885 49 300.0
151 5.0 6.1020408163265305 16.0 1.5843623580584878 49 299.0
152 5.0 6.040816326530612 17.0 1.7073271468569104 49 296.0
153 5.0 6.1020408163265305 16.0 1.5843623580584878 49 299.0
154 5.0 6.224489795918368 17.0 1.7472037913292702 49 305.0
155 5.0 6.020408163265306 16.0 1.639229950291286 49 295.0
156 5.0 6.142857142857143 16.0 1.5545631755148022 49 301.0
157 5.0 6.1020408163265305 17.0 1.746960431234583 49 299.0
158 5.0 6.142857142857143 16.0 1.5942605391424156 49 301.0
159 5.0 6.142857142857143 17.0 1.8027756377319941 49 301.0
160 5.0 6.36734693877551 16.0 1.6418216198151727 49 312.0
161 5.0 6.040816326530612 17.0 1.767285862481758 49 296.0
162 5.0 6.183673469387755 16.0 1.6030370835250385 49 303.0
163 5.0 6.3061224489795915 17.0 1.770170444155179 49 309.0
164 5.0 6.122448979591836 16.0 1.6662414423539245 49 300.0
165 5.0 6.142857142857143 17.0 1.7559422921421226 49 301.0
166 5.0 6.224489795918367 16.0 1.8058389800225016 49 305.0
167 5.0 6.142857142857143 17.0 1.7320508075688767 49 301.0
168 5.0 6.26530612244898 16.0 1.7885691465069877 49 307.0
169 5.0 6.204081632653061 17.0 1.7318053181186237 49 304.0
170 5.0 6.183673469387755 17.0 1.7401325307256896 49 303.0
171 5.0 6.1020408163265305 17.0 1.8056035228235054 49 299.0
172 5.0 6.244897959183674 17.0 1.843124749857539 49 306.0
173 5.0 6.244897959183674 17.0 1.7142857142857144 49 306.0
174 5.0 6.163265306122449 18.0 1.8857683974920125 49 302.0
175 5.0 6.204081632653061 21.0 2.3092169653796675 49 304.0
176 5.0 6.3061224489795915 17.0 1.8166370215393086 49 309.0
177 5.0 6.020408163265306 16.0 1.574401948867772 49 295.0
178 5.0 6.285714285714286 17.0 1.7559422921421237 49 308.0
179 5.0 6.163265306122449 16.0 1.7120521163152698 49 302.0
180 5.0 6.224489795918367 17.0 1.7472037913292704 49 305.0
181 5.0 6.244897959183674 17.0 1.9097405173314554 49 306.0
182 5.0 6.244897959183674 16.0 1.7740092568916925 49 306.0
183 5.0 6.122448979591836 17.0 1.775207183462733 49 300.0
184 5.0 6.183673469387755 16.0 1.5899878063965756 49 303.0
185 5.0 6.142857142857143 17.0 1.8371173070873827 49 301.0
186 5.0 6.081632653061225 16.0 1.6309089323374963 49 298.0
187 5.0 6.346938775510204 17.0 2.0057315831569964 49 311.0
188 5.0 6.3061224489795915 17.0 1.8166370215393086 49 309.0
189 5.0 6.163265306122449 16.0 1.5857035606672911 49 302.0
190 5.0 6.163265306122449 17.0 1.7952128329661252 49 302.0
191 5.0 6.285714285714286 17.0 1.7320508075688779 49 308.0
192 5.0 6.26530612244898 16.0 1.5649215928719031 49 307.0
193 5.0 6.224489795918368 17.0 1.8058389800225014 49 305.0
194 5.0 6.183673469387755 17.0 1.7160209471788102 49 303.0
195 5.0 6.591836734693878 17.0 1.8699194205782719 49 323.0
196 5.0 6.285714285714286 17.0 1.6955824957813177 49 308.0
197 5.0 6.346938775510204 16.0 1.5883825684240775 49 311.0
198 5.0 6.163265306122449 17.0 1.7120521163152695 49 302.0
199 5.0 6.326530612244898 17.0 1.9726014454483793 49 310.0
200 5.0 6.26530612244898 16.0 1.5244604264580743 49 307.0
201 5.0 6.36734693877551 17.0 1.7759255515437165 49 312.0
202 5.0 6.285714285714286 17.0 1.7559422921421237 49 308.0
203 5.0 6.408163265306122 16.0 1.7902323795499613 49 314.0
204 5.0 6.224489795918367 17.0 1.7472037913292706 49 305.0
205 5.0 6.122448979591836 17.0 1.7396437980855994 49 300.0
206 5.0 6.3061224489795915 16.0 1.5572957548350315 49 309.0
207 5.0 6.36734693877551 17.0 1.7759255515437165 49 312.0
208 5.0 6.26530612244898 17.0 1.741353762212053 49 307.0
209 5.0 6.36734693877551 17.0 1.7641555764612107 49 312.0
210 5.0 6.36734693877551 16.0 1.7283648046518376 49 312.0
211 5.0 6.428571428571429 17.0 1.814295088089769 49 315.0
212 5.0 6.26530612244898 16.0 1.5380657523342105 49 307.0
213 5.0 6.346938775510204 16.0 1.9099631367315626 49 311.0
214 5.0 6.224489795918367 17.0 1.6741329363092337 49 305.0
215 5.0 6.408163265306122 21.0 2.1977106208027295 49 314.0
216 5.0 6.163265306122449 17.0 1.7481768929314885 49 302.0
217 5.0 6.224489795918368 17.0 1.723191154544975 49 305.0
218 5.0 6.285714285714286 16.0 1.6832508230603471 49 308.0
219 5.0 6.204081632653061 17.0 1.7437936593905294 49 304.0
220 5.0 6.244897959183674 16.0 1.574941959841933 49 306.0
221 5.0 6.571428571428571 17.0 2.121320343559643 49 322.0
222 5.0 6.204081632653061 17.0 1.7792741010115933 49 304.0
223 5.0 6.3061224489795915 16.0 1.6608742882471703 49 309.0
224 5.0 6.3061224489795915 17.0 1.685774817315135 49 309.0
225 5.0 6.183673469387755 17.0 1.763914555136707 49 303.0
226 5.0 6.26530612244898 17.0 1.7532768155190834 49 307.0
227 5.0 6.285714285714286 16.0 1.7320508075688779 49 308.0
228 5.0 6.26530612244898 17.0 1.7172593257387592 49 307.0
229 5.0 6.3061224489795915 17.0 1.66087428824717 49 309.0
230 5.0 6.26530612244898 17.0 1.741353762212053 49 307.0
231 5.0 6.469387755102041 16.0 1.7452559604100881 49 317.0
232 5.0 6.714285714285714 17.0 2.3273733406281565 49 329.0
233 5.0 6.244897959183674 17.0 1.6649651178140086 49 306.0
234 5.0 6.183673469387755 17.0 1.7038372059823654 49 303.0
235 5.0 6.26530612244898 17.0 1.6928219807479477 49 307.0
236 5.0 6.346938775510204 16.0 1.8320186999610026 49 311.0
237 5.0 6.26530612244898 17.0 1.7532768155190837 49 307.0
238 5.0 6.3061224489795915 17.0 1.66087428824717 49 309.0
239 5.0 6.3061224489795915 17.0 1.685774817315135 49 309.0
240 5.0 6.285714285714286 17.0 1.670828137980286 49 308.0
241 5.0 6.224489795918367 17.0 1.6490566258021708 49 305.0
242 5.0 6.387755102040816 17.0 1.6933242273042435 49 313.0
243 5.0 6.3061224489795915 17.0 1.66087428824717 49 309.0
244 5.0 6.285714285714286 17.0 1.6955824957813177 49 308.0
245 5.0 6.489795918367347 17.0 1.7809460147581666 49 318.0
246 5.0 6.285714285714286 17.0 1.6583123951777003 49 308.0
247 5.0 6.244897959183674 17.0 1.6649651178140086 49 306.0
248 5.0 6.408163265306122 17.0 1.7189915569278158 49 314.0
249 5.0 6.408163265306122 17.0 1.7902323795499613 49 314.0
250 5.0 6.755102040816327 25.0 3.152582355816276 49 331.0
251 5.0 6.285714285714286 17.0 1.6832508230603471 49 308.0
252 5.0 6.36734693877551 22.0 2.360207243292951 49 312.0
253 5.0 6.26530612244898 17.0 1.7050844334431274 49 307.0
254 5.0 6.326530612244898 17.0 1.6631766179768868 49 310.0
255 5.0 6.408163265306122 17.0 1.7785570854269621 49 314.0
256 5.0 6.224489795918367 17.0 1.6616420859405043 49 305.0
257 5.0 6.3061224489795915 17.0 1.6980881606561375 49 309.0
258 5.0 6.489795918367347 17.0 1.6723542410275989 49 318.0
259 5.0 6.346938775510204 17.0 1.7386659206625832 49 311.0
260 5.0 6.326530612244898 17.0 1.6379325777490665 49 310.0
261 5.0 6.224489795918367 17.0 1.6865312790168001 49 305.0
262 5.0 6.591836734693878 17.0 1.9248199845152048 49 323.0
263 5.0 6.530612244897959 17.0 1.8382741092340582 49 320.0
264 5.0 6.326530612244898 17.0 1.8072510790106155 49 310.0
265 5.0 6.346938775510204 17.0 1.7506072804430284 49 311.0
266 5.0 6.326530612244898 17.0 1.6506028583273349 49 310.0
267 5.0 6.36734693877551 17.0 1.6544621174143528 49 312.0
268 5.0 6.346938775510204 17.0 1.7386659206625836 49 311.0
269 5.0 6.469387755102041 17.0 1.9695816054889101 49 317.0
270 5.0 6.285714285714286 17.0 1.7078251276599334 49 308.0
271 5.0 6.26530612244898 16.0 1.5515517797257259 49 307.0
272 5.0 6.26530612244898 17.0 1.7885691465069886 49 307.0
273 5.0 6.346938775510204 18.0 1.7975796274454168 49 311.0
274 5.0 6.326530612244898 16.0 1.612293334327959 49 310.0
275 5.0 6.448979591836735 17.0 1.73278706724403 49 316.0
276 5.0 6.551020408163265 17.0 1.7802296725632984 49 321.0
277 5.0 6.408163265306122 18.0 1.8810277260376704 49 314.0
278 5.0 6.36734693877551 16.0 1.6670067680204093 49 312.0
279 5.0 6.346938775510204 17.0 1.7266419770777042 49 311.0
280 5.0 6.36734693877551 17.0 1.691817040332431 49 312.0
281 5.0 6.428571428571429 17.0 1.8596594670351152 49 315.0
282 5.0 6.346938775510204 17.0 1.677684669519316 49 311.0
283 5.0 6.571428571428571 17.0 2.300362290307044 49 322.0
284 5.0 6.3061224489795915 17.0 1.7224507931124993 49 309.0
285 5.0 6.428571428571429 17.0 1.814295088089769 49 315.0
286 5.0 6.510204081632653 17.0 2.1901526676199983 49 319.0
287 5.0 6.346938775510204 17.0 1.7386659206625834 49 311.0
288 5.0 6.448979591836735 17.0 1.756668538382099 49 316.0
289 5.0 6.448979591836735 23.0 2.5005101520306128 49 316.0
290 5.0 6.469387755102041 17.0 1.7452559604100877 49 317.0
291 5.0 6.408163265306122 18.0 1.8475024509110805 49 314.0
292 5.0 6.469387755102041 17.0 1.768969106762544 49 317.0
293 5.0 6.326530612244898 17.0 1.7723307994234694 49 310.0
294 5.0 6.510204081632653 17.0 1.7692094395001194 49 319.0
295 5.0 6.346938775510204 17.0 1.6900569567345367 49 311.0
296 5.0 6.387755102040816 17.0 1.6433746596892769 49 313.0
297 5.0 6.408163265306122 17.0 1.718991556927816 49 314.0
298 5.0 6.591836734693878 17.0 2.149790371049183 49 323.0
299 5.0 6.489795918367347 17.0 1.7926057497814916 49 318.0
300 5.0 6.244897959183674 17.0 1.7503643935489779 49 306.0
301 5.0 6.551020408163265 17.0 1.7447686629105958 49 321.0
302 5.0 6.448979591836735 17.0 1.73278706724403 49 316.0
303 5.0 6.448979591836735 17.0 1.73278706724403 49 316.0
304 5.0 6.551020408163265 17.0 1.7085718267239538 49 321.0
305 5.0 6.530612244897959 17.0 1.8382741092340578 49 320.0
306 5.0 6.326530612244898 17.0 1.7246709239499483 49 310.0
307 5.0 6.469387755102041 17.0 1.7090694448579142 49 317.0
308 5.0 6.428571428571429 17.0 1.6955824957813164 49 315.0
309 5.0 6.387755102040816 18.0 1.8006518094222201 49 313.0
310 5.0 6.36734693877551 17.0 1.740376845578524 49 312.0
311 5.0 6.5102040816326525 17.0 2.0322652486366852 49 319.0
312 5.0 6.428571428571429 17.0 1.6955824957813161 49 315.0
313 5.0 6.408163265306122 17.0 1.657286529075701 49 314.0
314 5.0 6.571428571428571 17.0 1.9039432764659778 49 322.0
315 5.0 6.26530612244898 17.0 1.7172593257387592 49 307.0
316 5.0 6.551020408163265 18.0 2.0213570574595408 49 321.0
317 5.0 6.36734693877551 18.0 1.867416637485911 49 312.0
318 5.0 6.530612244897959 18.0 1.894092139789826 49 320.0
319 5.0 6.591836734693878 18.0 2.0908368275539293 49 323.0
320 5.0 6.469387755102041 17.0 1.7923685541800845 49 317.0
321 5.0 6.530612244897959 18.0 1.9159640830002362 49 320.0
322 5.0 6.408163265306122 17.0 1.7310686408850988 49 314.0
323 5.0 6.36734693877551 17.0 1.7759255515437167 49 312.0
324 5.0 6.571428571428571 18.0 1.9364916731037092 49 322.0
325 5.0 6.551020408163265 21.0 2.2459335891951095 49 321.0
326 5.0 6.489795918367347 17.0 1.745499558144601 49 318.0
327 5.0 6.571428571428571 17.0 1.779513042005219 49 322.0
328 5.0 6.551020408163265 17.0 1.7802296725632982 49 321.0
329 5.0 6.489795918367347 17.0 1.745499558144601 49 318.0
330 5.0 6.448979591836735 17.0 1.6963345838625605 49 316.0
331 5.0 6.6938775510204085 17.0 2.113489232216212 49 328.0
332 5.0 6.63265306122449 18.0 1.9968086783563384 49 325.0
333 5.0 6.571428571428571 17.0 1.9790570145063202 49 322.0
334 5.0 6.510204081632653 17.0 1.8498023428147654 49 319.0
335 5.0 6.571428571428571 17.0 1.837117307087384 49 322.0
336 5.0 6.530612244897959 17.0 1.696835790723507 49 320.0
337 5.0 6.510204081632653 17.0 1.883286676924943 49 319.0
338 5.0 6.469387755102041 17.0 1.6845132929168607 49 317.0
339 5.0 6.489795918367347 17.0 1.8832866769249437 49 318.0
340 5.0 6.510204081632653 17.0 1.721463149227906 49 319.0
341 5.0 6.469387755102041 18.0 1.8382741092340587 49 317.0
342 5.0 6.571428571428571 17.0 1.7795130420052194 49 322.0
343 5.0 6.877551020408164 17.0 2.5870885587633734 49 337.0
344 5.0 6.714285714285714 17.0 2.06155281280883 49 329.0
345 5.0 6.428571428571429 17.0 1.7795130420052176 49 315.0
346 5.0 6.63265306122449 17.0 1.844969258450084 49 325.0
347 5.0 6.551020408163265 17.0 1.7566685383820975 49 321.0
348 5.0 6.469387755102041 17.0 1.7807072660454153 49 317.0
349 5.0 6.469387755102041 17.0 1.733277733278851 49 317.0
350 5.0 6.571428571428571 17.0 1.9148542155126769 49 322.0
351 5.0 6.510204081632653 17.0 1.8832866769249428 49 319.0
352 5.0 6.36734693877551 17.0 1.7641555764612107 49 312.0
353 5.0 6.448979591836735 17.0 1.6963345838625605 49 316.0
354 5.0 6.428571428571429 17.0 1.767766952966368 49 315.0
355 5.0 6.387755102040816 17.0 1.7177544271835972 49 313.0
356 5.0 6.571428571428571 17.0 1.8027756377319952 49 322.0
357 5.0 6.408163265306122 17.0 1.6822401650148284 49 314.0
358 5.0 6.428571428571429 17.0 1.719980620045857 49 315.0
359 5.0 6.530612244897959 23.0 2.525718056450535 49 320.0
360 5.0 6.428571428571429 17.0 1.695582495781316 49 315.0
361 5.0 6.571428571428571 17.0 1.7078251276599334 49 322.0
362 5.0 6.73469387755102 18.0 2.3959645778899565 49 330.0
363 5.0 6.510204081632653 18.0 1.8271385755190164 49 319.0
364 5.0 6.6938775510204085 17.0 2.2098650188100946 49 328.0
365 5.0 6.612244897959184 17.0 1.7177544271835956 49 324.0
366 5.0 6.530612244897959 17.0 1.7090694448579133 49 320.0
367 5.0 6.489795918367347 18.0 1.76920943950012 49 318.0
368 5.0 6.530612244897959 17.0 1.72121614970741 49 320.0
369 5.0 6.469387755102041 17.0 1.7212161497074112 49 317.0
370 5.0 6.469387755102041 17.0 1.6595938360575675 49 317.0
371 5.0 6.510204081632653 18.0 1.8041901343307272 49 319.0
372 5.0 6.795918367346939 17.0 2.0814617443511367 49 333.0
373 5.0 6.510204081632653 17.0 1.7335230142159426 49 319.0
374 5.0 6.571428571428571 17.0 1.6955824957813181 49 322.0
375 5.0 6.612244897959184 17.0 1.7055830690535647 49 324.0
376 6.0 6.489795918367347 17.0 1.6598500055174652 49 318.0
377 5.0 6.469387755102041 17.0 1.6595938360575677 49 317.0
378 5.0 6.63265306122449 17.0 1.844969258450084 49 325.0
379 5.0 6.612244897959184 18.0 1.901932422242049 49 324.0
380 6.0 6.653061224489796 17.0 1.6900569567345352 49 326.0
381 5.0 6.448979591836735 17.0 1.6963345838625605 49 316.0
382 5.0 6.591836734693878 18.0 1.8920708160079827 49 323.0
383 6.0 6.469387755102041 17.0 1.6845132929168607 49 317.0
384 5.0 6.653061224489796 17.0 1.7386659206625825 49 326.0
385 5.0 6.673469387755102 18.0 1.8527879342363236 49 327.0
386 5.0 6.510204081632653 18.0 1.8385053823191073 49 319.0
387 5.0 6.673469387755102 17.0 2.004035045248719 49 327.0
388 5.0 6.63265306122449 17.0 1.6918170403324304 49 325.0
389 5.0 6.530612244897959 17.0 1.72121614970741 49 320.0
390 6.0 6.877551020408164 17.0 2.0578371844125627 49 337.0
391 5.0 6.612244897959184 17.0 1.8006518094222186 49 324.0
392 5.0 6.571428571428571 18.0 1.9364916731037092 49 322.0
393 5.0 6.653061224489796 22.0 2.4878958680660537 49 326.0
394 5.0 6.489795918367347 17.0 1.7809460147581668 49 318.0
395 5.0 6.653061224489796 17.0 1.7624677350257503 49 326.0
396 5.0 6.816326530612245 17.0 1.9861339056459564 49 334.0
397 5.0 6.73469387755102 17.0 1.834569774771022 49 330.0
398 5.0 6.63265306122449 18.0 1.9331955146749091 49 325.0
399 5.0 6.673469387755102 17.0 1.875141718000279 49 327.0
400 5.0 6.571428571428571 17.0 1.825741858350554 49 322.0
401 5.0 6.63265306122449 17.0 1.833642521856206 49 325.0
402 5.0 6.63265306122449 17.0 1.8222453817454225 49 325.0
403 6.0 6.6938775510204085 17.0 1.9494024900023106 49 328.0
404 5.0 6.73469387755102 17.0 1.8683271283432672 49 330.0
405 5.0 6.63265306122449 17.0 1.8222453817454223 49 325.0
406 6.0 6.571428571428571 18.0 1.8027756377319955 49 322.0
407 5.0 6.673469387755102 17.0 1.841509289301859 49 327.0
408 5.0 6.612244897959184 17.0 1.7418420150639886 49 324.0
409 5.0 6.489795918367347 17.0 1.721463149227907 49 318.0
410 5.0 6.714285714285714 18.0 1.8371173070873836 49 329.0
411 5.0 6.571428571428571 17.0 1.8027756377319955 49 322.0
412 5.0 6.612244897959184 17.0 1.7418420150639886 49 324.0
413 5.0 6.428571428571429 17.0 1.7078251276599323 49 315.0
414 6.0 6.551020408163265 17.0 1.6840084185482849 49 321.0
415 5.0 6.673469387755102 20.0 2.144642113714633 49 327.0
416 5.0 6.591836734693878 17.0 1.7430620488446322 49 323.0
417 6.0 6.73469387755102 17.0 1.800179507300147 49 330.0
418 5.0 6.551020408163265 17.0 1.7684883433057061 49 321.0
419 5.0 6.551020408163265 18.0 1.8378114757526578 49 321.0
420 5.0 6.591836734693878 17.0 1.6822401650148278 49 323.0
421 5.0 6.653061224489796 18.0 1.8990240959521283 49 326.0
422 5.0 6.591836734693878 17.0 1.7310686408850982 49 323.0
423 5.0 6.673469387755102 17.0 1.8527879342363238 49 327.0
424 5.0 6.775510204081633 18.0 1.9607110330444002 49 332.0
425 5.0 6.73469387755102 22.0 2.3697354828130917 49 330.0
426 5.0 6.612244897959184 18.0 1.8687822074215898 49 324.0
427 5.0 6.571428571428571 17.0 1.7199806200458583 49 322.0
428 5.0 6.653061224489796 17.0 1.8091321631305617 49 326.0
429 5.0 6.8979591836734695 18.0 2.1913171263647166 49 338.0
430 5.0 6.714285714285714 17.0 1.9257033347152237 49 329.0
431 5.0 6.489795918367347 17.0 1.697086338645247 49 318.0
432 5.0 6.571428571428571 18.0 1.8257418583505545 49 322.0
433 5.0 6.428571428571429 17.0 1.7078251276599319 49 315.0
434 6.0 7.020408163265307 26.0 3.217723029814507 49 344.0
435 5.0 6.530612244897959 18.0 1.8154664324484036 49 320.0
436 5.0 6.36734693877551 17.0 1.6670067680204104 49 312.0
437 6.0 6.73469387755102 17.0 1.8001795073001468 49 330.0
438 5.0 6.571428571428571 18.0 1.936491673103709 49 322.0
439 5.0 6.591836734693878 17.0 1.8587447303998237 49 323.0
440 6.0 6.63265306122449 18.0 1.8562268803388555 49 325.0
441 5.0 6.530612244897959 17.0 1.8495724823177213 49 320.0
442 5.0 6.469387755102041 17.0 1.745255960410088 49 317.0
443 5.0 6.591836734693878 17.0 1.8248101196533062 49 323.0
444 5.0 6.714285714285714 17.0 1.8819316317727024 49 329.0
445 5.0 6.530612244897959 17.0 1.757152535784416 49 320.0
446 6.0 6.551020408163265 17.0 1.7918940687835023 49 321.0
447 5.0 6.857142857142857 18.0 2.160246899469287 49 336.0
448 5.0 6.63265306122449 18.0 1.9439422739952577 49 325.0
449 6.0 6.714285714285714 17.0 1.8027756377319943 49 329.0
450 5.0 6.653061224489796 18.0 1.9424106629838773 49 326.0
451 5.0 6.775510204081632 17.0 2.36524581282835 49 332.0
452 6.0 6.6938775510204085 18.0 1.9812041964490206 49 328.0
453 5.0 6.73469387755102 17.0 1.776882923878235 49 330.0
454 5.0 6.63265306122449 18.0 1.833642521856206 49 325.0
455 5.0 6.551020408163265 17.0 1.6963345838625596 49 321.0
456 5.0 6.673469387755102 18.0 1.841509289301859 49 327.0
457 5.0 6.714285714285714 22.0 2.3629078131263035 49 329.0
458 5.0 6.714285714285714 18.0 1.9039432764659772 49 329.0
459 5.0 6.714285714285714 17.0 1.7795130420052185 49 329.0
460 5.0 6.63265306122449 17.0 1.7040867245025568 49 325.0
461 5.0 6.612244897959184 18.0 1.8798972326811314 49 324.0
462 5.0 6.551020408163265 17.0 1.646476344725759 49 321.0
463 5.0 6.612244897959184 18.0 1.846351430644279 49 324.0
464 5.0 6.836734693877551 17.0 1.771850948108481 49 335.0
465 6.0 6.877551020408164 18.0 2.1470197664555917 49 337.0
466 5.0 6.6938775510204085 17.0 1.7935542184985311 49 328.0
467 5.0 6.653061224489796 17.0 1.7023393268304252 49 326.0
468 5.0 6.673469387755102 18.0 1.8751417180002787 49 327.0
469 5.0 6.673469387755102 17.0 1.688043185442354 49 327.0
470 5.0 6.571428571428571 18.0 1.8596594670351172 49 322.0
471 5.0 6.551020408163265 18.0 1.8149979854189449 49 321.0
472 6.0 6.73469387755102 17.0 1.630126659241566 49 330.0
473 5.0 6.673469387755102 18.0 1.8187421832826398 49 327.0
474 5.0 6.653061224489796 17.0 1.920839881494585 49 326.0
475 5.0 6.6938775510204085 18.0 1.793554218498531 49 328.0
476 5.0 6.673469387755102 17.0 1.675656029515516 49 327.0
477 5.0 6.755102040816326 18.0 2.0055195944037587 49 331.0
478 5.0 6.673469387755102 17.0 1.7367085139956668 49 327.0
479 5.0 6.591836734693878 18.0 1.8248101196533062 49 323.0
480 5.0 6.653061224489796 17.0 1.7386659206625825 49 326.0
481 5.0 6.755102040816326 18.0 1.865594322694714 49 331.0
482 5.0 6.63265306122449 17.0 1.6794577194119893 49 325.0
483 5.0 6.591836734693878 18.0 1.7902323795499604 49 323.0
484 5.0 6.591836734693878 17.0 1.6945791924415277 49 323.0
485 5.0 6.489795918367347 18.0 1.7809460147581666 49 318.0
486 5.0 6.612244897959184 17.0 1.6560033027670904 49 324.0
487 5.0 6.755102040816326 24.0 2.6577764221627205 49 331.0
488 6.0 6.795918367346939 18.0 2.140673490562556 49 333.0
489 5.0 6.448979591836735 17.0 1.6715913636636295 49 316.0
490 5.0 6.673469387755102 18.0 1.8415092893018588 49 327.0
491 5.0 6.918367346938775 17.0 2.289802890842696 49 339.0
492 5.0 6.653061224489796 18.0 1.8546228323678462 49 326.0
493 5.0 6.489795918367347 17.0 1.6598500055174652 49 318.0
494 5.0 6.653061224489796 18.0 1.809132163130562 49 326.0
495 5.0 6.673469387755102 17.0 1.7723307994234703 49 327.0
496 5.0 6.469387755102041 18.0 1.7923685541800842 49 317.0
497 5.0 6.510204081632653 17.0 1.7093181995997684 49 319.0
498 5.0 6.673469387755102 17.0 1.7246709239499487 49 327.0
499 5.0 6.510204081632653 18.0 1.7926057497814907 49 319.0
500 5.0 6.571428571428571 17.0 1.7078251276599334 49 322.0
501 5.0 6.591836734693878 17.0 1.7310686408850982 49 323.0
502 5.0 6.530612244897959 18.0 1.8382741092340575 49 320.0
503 5.0 6.510204081632653 17.0 1.672354241027598 49 319.0
504 5.0 6.795918367346939 18.0 1.8481927189908012 49 333.0
505 5.0 6.510204081632653 17.0 1.6970863386452464 49 319.0
506 6.0 6.571428571428571 18.0 1.8027756377319957 49 322.0
507 5.0 6.63265306122449 17.0 1.704086724502557 49 325.0
508 5.0 6.551020408163265 18.0 1.7918940687835023 49 321.0
509 5.0 6.653061224489796 17.0 1.7506072804430273 49 326.0
510 5.0 6.510204081632653 17.0 1.672354241027598 49 319.0
511 5.0 6.591836734693878 18.0 1.8133574678265858 49 323.0
512 5.0 6.612244897959184 17.0 1.7656010134726103 49 324.0
513 5.0 6.653061224489796 18.0 1.7975796274454154 49 326.0
514 5.0 6.551020408163265 17.0 1.6715913636636284 49 321.0
515 5.0 6.612244897959184 18.0 1.8798972326811316 49 324.0
516 5.0 6.551020408163265 17.0 1.6590813784767042 49 321.0
517 5.0 6.673469387755102 23.0 2.4865283286646256 49 327.0
518 5.0 6.63265306122449 18.0 1.822245381745422 49 325.0
519 5.0 6.714285714285714 18.0 1.8142950880897701 49 329.0
520 5.0 6.73469387755102 17.0 1.8571428571428565 49 330.0
521 5.0 6.571428571428571 18.0 1.8142950880897704 49 322.0
522 5.0 6.612244897959184 17.0 1.7418420150639884 49 324.0
523 5.0 6.836734693877551 18.0 2.3304768715822077 49 335.0
524 5.0 6.63265306122449 17.0 1.7641555764612098 49 325.0
525 6.0 6.653061224489796 17.0 1.7742489069106018 49 326.0
526 5.0 6.6938775510204085 18.0 1.938685998649741 49 328.0
527 5.0 6.653061224489796 18.0 1.8433554143662763 49 326.0
528 5.0 6.653061224489796 17.0 1.7506072804430273 49 326.0
529 5.0 6.530612244897959 17.0 1.6342944555210788 49 320.0
530 5.0 6.510204081632653 18.0 1.7809460147581662 49 319.0
531 5.0 6.489795918367347 17.0 1.6472508534372237 49 318.0
532 6.0 6.714285714285714 18.0 1.8257418583505536 49 329.0
533 5.0 6.469387755102041 17.0 1.6469927243353586 49 317.0
534 5.0 6.795918367346939 19.0 2.532946175213877 49 333.0
535 6.0 6.63265306122449 17.0 1.6418216198151725 49 325.0
536 5.0 6.755102040816326 17.0 2.096928430714176 49 331.0
537 5.0 6.673469387755102 18.0 1.8972321407562043 49 327.0
538 5.0 6.530612244897959 17.0 1.62149674704585 49 320.0
539 5.0 6.714285714285714 18.0 1.9039432764659767 49 329.0
540 6.0 6.591836734693878 17.0 1.6698099610801367 49 323.0
541 5.0 6.591836734693878 17.0 1.6822401650148282 49 323.0
542 5.0 6.591836734693878 17.0 1.6822401650148282 49 323.0
543 5.0 6.612244897959184 17.0 1.6933242273042426 49 324.0
544 5.0 6.63265306122449 18.0 1.7876180328281879 49 325.0
545 5.0 6.551020408163265 17.0 1.659081378476705 49 321.0
546 5.0 6.489795918367347 17.0 1.6598500055174652 49 318.0
547 6.0 7.020408163265306 25.0 2.8393793036387334 49 344.0
548 5.0 7.1020408163265305 17.0 2.4000425166302066 49 348.0
549 5.0 6.63265306122449 18.0 1.9439422739952577 49 325.0
550 5.0 6.6938775510204085 17.0 1.66087428824717 49 328.0
551 5.0 6.714285714285714 18.0 1.8371173070873832 49 329.0
552 5.0 6.775510204081633 17.0 1.6988391394622118 49 332.0
553 5.0 6.673469387755102 17.0 1.663176617976887 49 327.0
554 5.0 6.816326530612245 18.0 1.8334106353523556 49 334.0
555 5.0 6.775510204081633 18.0 2.084319494487839 49 332.0
556 5.0 6.653061224489796 17.0 1.6900569567345352 49 326.0
557 5.0 6.73469387755102 18.0 1.7651193326524417 49 330.0
558 5.0 6.612244897959184 18.0 1.7890445137304003 49 324.0
559 5.0 6.714285714285714 17.0 1.6583123951776997 49 329.0
560 6.0 6.775510204081633 18.0 1.8173390130725127 49 332.0
561 5.0 6.775510204081633 18.0 1.8514105672258043 49 332.0
562 6.0 6.73469387755102 17.0 1.6172959712134947 49 330.0
563 5.0 6.775510204081633 17.0 1.723191154544974 49 332.0
564 6.0 6.6938775510204085 18.0 1.7583619464415954 49 328.0
565 5.0 6.6938775510204085 18.0 1.793554218498531 49 328.0
566 5.0 6.795918367346939 18.0 1.7909447208658558 49 333.0
567 5.0 6.63265306122449 17.0 1.6544621174143532 49 325.0
568 5.0 6.755102040816326 18.0 1.8088971345926268 49 331.0
569 6.0 6.6938775510204085 18.0 1.793554218498531 49 328.0
570 5.0 6.877551020408164 17.0 1.72762666034969 49 337.0
571 6.0 6.816326530612245 18.0 1.878313398900672 49 334.0
572 5.0 7.122448979591836 18.0 1.964610362782153 49 349.0
573 5.0 6.795918367346939 17.0 1.670573651932357 49 333.0
574 5.0 6.775510204081633 18.0 1.8058389800225012 49 332.0
575 5.0 7.204081632653061 32.0 3.7692814956165415 49 353.0
576 5.0 6.8979591836734695 18.0 1.8056035228235057 49 338.0
577 5.0 6.775510204081633 17.0 1.7472037913292697 49 332.0
578 5.0 6.877551020408164 18.0 1.8100719721098633 49 337.0
579 6.0 6.775510204081633 18.0 1.7942652410114959 49 332.0
580 5.0 6.8979591836734695 18.0 1.9175168182572273 49 338.0
581 6.0 7.040816326530612 18.0 2.020305089104421 49 345.0
582 5.0 6.938775510204081 17.0 1.7607782756651744 49 340.0
583 6.0 7.0 18.0 1.9895560643855537 49 343.0
584 5.0 6.877551020408164 18.0 2.0169351032902263 49 337.0
585 5.0 6.836734693877551 18.0 1.8523289256985624 49 335.0
586 5.0 6.816326530612245 17.0 1.7756861278080074 49 334.0
587 6.0 6.73469387755102 18.0 1.7651193326524417 49 330.0
588 5.0 6.877551020408164 18.0 1.8999194397529129 49 337.0
589 5.0 6.795918367346939 18.0 1.8594308250637555 49 333.0
590 5.0 6.591836734693878 17.0 1.6446677393288642 49 323.0
591 5.0 6.755102040816326 18.0 1.8088971345926266 49 331.0
592 5.0 6.612244897959184 18.0 1.7773614166629639 49 324.0
593 6.0 6.775510204081633 17.0 1.6616420859405034 49 332.0
594 5.0 6.63265306122449 18.0 1.8222453817454223 49 325.0
595 6.0 6.673469387755102 17.0 1.6251635187220494 49 327.0
596 5.0 6.6938775510204085 17.0 1.6980881606561373 49 328.0
597 6.0 6.857142857142857 18.0 1.8371173070873834 49 336.0
598 6.0 6.6938775510204085 17.0 1.6355947138662468 49 328.0
599 5.0 6.755102040816326 18.0 1.762226482853651 49 331.0
600 6.0 6.73469387755102 18.0 1.9872039633205072 49 330.0
601 5.0 7.040816326530612 18.0 1.9786272985063553 49 345.0
602 6.0 6.775510204081633 17.0 1.7708908554082905 49 332.0
603 6.0 7.0 18.0 1.8371173070873836 49 343.0
604 5.0 6.775510204081632 18.0 1.8737807827407955 49 332.0
605 6.0 6.653061224489796 17.0 1.7386659206625825 49 326.0
606 5.0 6.959183673469388 18.0 1.9252617102776508 49 341.0
607 6.0 6.857142857142857 18.0 1.8708286933869707 49 336.0
608 5.0 6.877551020408164 18.0 1.8999194397529129 49 337.0
609 6.0 6.836734693877551 25.0 2.7639565449393246 49 335.0
610 5.0 6.959183673469388 18.0 1.989128616520617 49 341.0
611 5.0 6.6938775510204085 17.0 1.722450793112499 49 328.0
612 5.0 6.775510204081632 18.0 1.9393438121613993 49 332.0
613 5.0 6.755102040816326 18.0 1.843124749857539 49 331.0
614 5.0 6.755102040816326 18.0 1.8767282284703386 49 331.0
615 5.0 6.877551020408164 18.0 1.8999194397529129 49 337.0
616 5.0 6.795918367346939 18.0 1.8255089682598873 49 333.0
617 6.0 6.775510204081633 18.0 1.8626292586293283 49 332.0
618 6.0 6.857142857142857 18.0 1.8027756377319946 49 336.0
619 5.0 6.73469387755102 17.0 1.8794448449396077 49 330.0
620 6.0 6.938775510204081 18.0 1.9515822989020368 49 340.0
621 5.0 6.73469387755102 18.0 1.8683271283432674 49 330.0
622 5.0 7.061224489795919 18.0 2.1351050253764465 49 346.0
623 5.0 7.0 18.0 1.9895560643855537 49 343.0
624 5.0 6.938775510204081 18.0 1.9408778433278824 49 340.0
625 5.0 6.877551020408164 18.0 1.9432860170900448 49 337.0
626 6.0 6.877551020408164 18.0 1.8999194397529129 49 337.0
627 5.0 7.061224489795919 17.0 1.8974562277044564 49 346.0
628 5.0 6.673469387755102 17.0 1.760536791980892 49 327.0
629 5.0 6.8979591836734695 18.0 1.8171050460276974 49 338.0
630 5.0 6.836734693877551 18.0 2.08513527514314 49 335.0
631 5.0 6.857142857142857 18.0 1.8257418583505536 49 336.0
632 6.0 6.918367346938775 18.0 1.923936228736519 49 339.0
633 5.0 6.979591836734694 18.0 1.808426985881737 49 342.0
634 5.0 6.877551020408164 18.0 1.9217250612104626 49 337.0
635 5.0 7.163265306122449 23.0 2.9604823563589973 49 351.0
636 5.0 7.040816326530612 17.0 1.779035127925966 49 345.0
637 6.0 6.979591836734694 19.0 2.0664965916413474 49 342.0
638 6.0 6.979591836734694 18.0 1.9092952006605226 49 342.0
639 5.0 7.0 18.0 2.03100960115899 49 343.0
640 6.0 6.979591836734694 18.0 1.8873459751545216 49 342.0
641 5.0 7.1020408163265305 18.0 2.3384904136998275 49 348.0
642 5.0 6.877551020408164 18.0 1.8329467743366206 49 337.0
643 5.0 7.0 18.0 1.848422751068236 49 343.0
644 5.0 6.877551020408164 18.0 1.8889222352665438 49 337.0
645 6.0 7.040816326530612 18.0 1.8703741122374131 49 345.0
646 5.0 6.918367346938775 18.0 1.9239362287365191 49 339.0
647 5.0 6.979591836734694 18.0 1.8762750766519565 49 342.0
648 5.0 7.122448979591836 18.0 1.9217250612104626 49 349.0
649 6.0 7.0 24.0 2.614064523559687 49 343.0
650 6.0 7.204081632653061 18.0 2.245176235071673 49 353.0
651 5.0 6.938775510204081 18.0 2.065673450166093 49 340.0
652 6.0 7.204081632653061 18.0 1.8368858592367543 49 353.0
653 6.0 6.979591836734694 18.0 2.2499055157788233 49 342.0
654 6.0 7.36734693877551 18.0 1.8785397426261312 49 361.0
655 6.0 6.959183673469388 18.0 1.8023038921691013 49 341.0
656 6.0 7.0 18.0 1.8371173070873836 49 343.0
657 6.0 6.959183673469388 18.0 1.8479626582792625 49 341.0
658 5.0 7.204081632653061 18.0 1.8368858592367543 49 353.0
659 6.0 6.877551020408164 18.0 1.8889222352665438 49 337.0
660 6.0 7.122448979591836 18.0 1.7515784912142407 49 349.0
661 5.0 6.959183673469388 18.0 2.0099666630057715 49 341.0
662 6.0 7.285714285714286 18.0 2.101586702153082 49 357.0
663 6.0 7.020408163265306 18.0 1.8651384657978183 49 344.0
664 5.0 7.26530612244898 18.0 2.6360917267494184 49 356.0
665 6.0 7.204081632653061 18.0 1.9362721037767259 49 353.0
666 5.0 7.122448979591836 18.0 1.8667334779102833 49 349.0
667 6.0 6.836734693877551 18.0 1.8182745801939793 49 335.0
668 6.0 7.204081632653061 18.0 1.89274483045055 49 353.0
669 5.0 7.0 17.0 1.7911821050170564 49 343.0
670 6.0 7.0 18.0 1.848422751068236 49 343.0
671 6.0 7.2857142857142865 18.0 2.2546248764114476 49 357.0
672 5.0 6.979591836734694 18.0 1.9417538884383125 49 342.0
673 6.0 6.959183673469388 18.0 1.8703741122374131 49 341.0
674 5.0 7.020408163265306 18.0 1.8426633342163474 49 344.0
675 6.0 7.081632653061225 18.0 1.869009705408606 49 347.0
676 6.0 7.1020408163265305 18.0 1.8735538640862857 49 348.0
677 5.0 7.020408163265306 18.0 1.9309949499153638 49 344.0
678 6.0 7.224489795918368 18.0 1.9177385349508353 49 354.0
679 6.0 7.122448979591836 18.0 1.8667334779102833 49 349.0
680 5.0 7.081632653061225 18.0 1.9347344207698283 49 347.0
681 6.0 7.1020408163265305 17.0 1.746960431234583 49 348.0
682 6.0 7.285714285714286 17.0 2.02072594216369 49 357.0
683 6.0 7.081632653061225 18.0 1.8801233857324977 49 347.0
684 6.0 7.26530612244898 18.0 1.8794448449396088 49 356.0
685 6.0 7.081632653061225 18.0 1.9347344207698283 49 347.0
686 6.0 7.244897959183674 18.0 1.898800194035894 49 355.0
687 6.0 7.020408163265306 18.0 1.909295200660523 49 344.0
688 6.0 7.285714285714286 18.0 2.300362290307043 49 357.0
689 6.0 7.142857142857143 17.0 1.8142950880897692 49 350.0
690 6.0 7.387755102040816 23.0 2.949691555418776 49 362.0
691 6.0 7.551020408163265 23.0 2.8727253645986015 49 370.0
692 6.0 7.3061224489795915 23.0 2.7553287888551306 49 358.0
693 6.0 7.63265306122449 23.0 2.8917546399995935 49 374.0
694 6.0 7.1020408163265305 23.0 2.7175731971066868 49 348.0
695 5.0 7.204081632653061 23.0 2.5247078365355353 49 353.0
696 6.0 7.020408163265306 25.0 2.765033121549417 49 344.0
697 6.0 7.285714285714286 30.0 3.427827300200521 49 357.0
698 5.0 7.1020408163265305 18.0 2.3116092695276134 49 348.0
699 6.0 7.081632653061225 18.0 1.9021559554651566 49 347.0
700 6.0 7.020408163265306 18.0 1.8199106653712351 49 344.0
701 5.0 6.918367346938775 18.0 1.8801233857324982 49 339.0
702 6.0 7.1020408163265305 18.0 2.0129259172407017 49 348.0
703 6.0 7.142857142857143 18.0 2.291287847477919 49 350.0
704 5.0 7.5102040816326525 18.0 2.6935296621378293 49 368.0
705 6.0 7.36734693877551 18.0 2.2702228006576473 49 361.0
706 6.0 7.224489795918368 18.0 2.329747000949969 49 354.0
707 5.0 7.183673469387755 18.0 2.279194570710552 49 352.0
708 6.0 7.326530612244898 18.0 2.7792966369062464 49 359.0
709 6.0 7.2857142857142865 18.0 2.273030282830976 49 357.0
710 6.0 7.326530612244898 18.0 2.816526784756663 49 359.0
711 5.0 7.3061224489795915 18.0 2.2286401088318133 49 358.0
712 6.0 7.122448979591836 18.0 2.2044713374301375 49 349.0
713 6.0 7.36734693877551 19.0 2.4553841989851293 49 361.0
714 5.0 7.3061224489795915 18.0 2.320237789831151 49 358.0
715 6.0 7.081632653061225 18.0 2.3169370468166726 49 347.0
716 6.0 7.224489795918368 17.0 2.1819840562590525 49 354.0
717 5.0 7.142857142857143 17.0 2.245365597551246 49 350.0
718 6.0 7.387755102040816 17.0 2.3167535343181234 49 362.0
719 6.0 7.040816326530612 17.0 2.0912434864759026 49 345.0
720 6.0 7.244897959183673 18.0 2.1749579712883538 49 355.0
721 5.0 7.163265306122449 18.0 1.907735773715251 49 351.0
722 6.0 7.040816326530612 18.0 1.8252760484543769 49 345.0
723 5.0 6.959183673469388 18.0 1.9252617102776506 49 341.0
724 6.0 6.959183673469388 18.0 1.9034966035503955 49 341.0
725 6.0 7.040816326530612 17.0 1.7315597938644487 49 345.0
726 6.0 7.040816326530612 18.0 1.8479626582792619 49 345.0
727 5.0 7.0 17.0 1.7559422921421233 49 343.0
728 6.0 7.1020408163265305 19.0 1.960494176213229 49 348.0
729 6.0 7.163265306122449 18.0 1.9402205499151195 49 351.0
730 5.0 7.020408163265306 18.0 1.9417538884383119 49 344.0
731 6.0 7.142857142857143 18.0 1.8257418583505527 49 350.0
732 5.0 6.959183673469388 18.0 1.9144100883547805 49 341.0
733 5.0 6.979591836734694 18.0 1.842663334216347 49 342.0
734 6.0 7.122448979591836 18.0 1.8329467743366206 49 349.0
735 5.0 6.877551020408164 18.0 1.877860629604255 49 337.0
736 6.0 6.979591836734694 17.0 1.7498785186212136 49 342.0
737 6.0 6.8979591836734695 18.0 1.8398924103416086 49 338.0
738 5.0 7.040816326530612 18.0 1.9144100883547803 49 345.0
739 6.0 7.2857142857142865 18.0 2.406588179698942 49 357.0
740 6.0 7.040816326530612 18.0 1.8925201856416818 49 345.0
741 5.0 7.122448979591836 18.0 1.964610362782153 49 349.0
742 6.0 6.959183673469388 18.0 1.8703741122374131 49 341.0
743 6.0 7.040816326530612 18.0 1.9144100883547803 49 345.0
744 5.0 7.142857142857143 24.0 2.661453237111885 49 350.0
745 6.0 7.122448979591836 19.0 2.1372943669238347 49 349.0
746 6.0 6.918367346938775 18.0 1.8465816920944038 49 339.0
747 6.0 7.0 18.0 1.8371173070873836 49 343.0
748 5.0 6.816326530612245 18.0 1.878313398900672 49 334.0
749 6.0 7.163265306122449 18.0 1.874688182688771 49 351.0
750 6.0 6.938775510204081 18.0 1.908404255581372 49 340.0
751 5.0 7.122448979591836 18.0 1.8442777839082944 49 349.0
752 5.0 6.795918367346939 17.0 1.7909447208658562 49 333.0
753 6.0 7.122448979591836 18.0 1.8215452810414448 49 349.0
754 5.0 6.979591836734694 18.0 1.920175728919614 49 342.0
755 6.0 7.040816326530612 18.0 2.3537132336787665 49 345.0
756 6.0 7.040816326530612 18.0 1.8023038921691013 49 345.0
757 5.0 7.040816326530612 18.0 1.9680699478747934 49 345.0
758 6.0 6.938775510204081 17.0 1.7127969726116863 49 340.0
759 5.0 7.020408163265306 18.0 2.025769359181504 49 344.0
760 5.0 7.040816326530612 18.0 1.9360525095482022 49 345.0
761 6.0 7.020408163265306 18.0 1.8762750766519565 49 344.0
762 6.0 6.918367346938775 19.0 2.029334195964668 49 339.0
763 5.0 7.244897959183674 18.0 1.931435263442901 49 355.0
764 6.0 6.979591836734694 18.0 1.865138465797818 49 342.0
765 5.0 7.081632653061225 18.0 1.9347344207698283 49 347.0
766 6.0 7.1020408163265305 18.0 1.939124565785461 49 348.0
767 6.0 7.1020408163265305 18.0 1.8398924103416086 49 348.0
768 6.0 7.224489795918367 18.0 1.8287667306417301 49 354.0
769 5.0 7.0 18.0 1.8929694486000912 49 343.0
770 6.0 7.244897959183674 18.0 2.1940317933439526 49 355.0
771 6.0 7.122448979591836 18.0 1.8667334779102833 49 349.0
772 5.0 7.244897959183674 19.0 2.314182831340417 49 355.0
773 5.0 7.224489795918367 18.0 1.9713077947821107 49 354.0
774 6.0 7.040816326530612 18.0 1.836654382219989 49 345.0
775 5.0 7.183673469387755 18.0 1.9003669534653371 49 352.0
776 5.0 7.040816326530612 18.0 1.8703741122374127 49 345.0
777 6.0 7.061224489795919 18.0 1.8530173958675504 49 346.0
778 6.0 6.979591836734694 18.0 1.8762750766519567 49 342.0
779 5.0 7.0 18.0 1.848422751068236 49 343.0
780 6.0 7.142857142857143 18.0 1.881931631772702 49 350.0
781 6.0 7.0 18.0 1.8257418583505538 49 343.0
782 5.0 7.204081632653061 18.0 1.8594308250637563 49 353.0
783 6.0 7.040816326530612 18.0 1.9252617102776506 49 345.0
784 6.0 7.040816326530612 18.0 1.8366543822199897 49 345.0
785 5.0 7.1020408163265305 19.0 2.002549395553741 49 348.0
786 6.0 7.0 17.0 1.7320508075688772 49 343.0
787 5.0 6.959183673469388 17.0 1.719486159601532 49 341.0
788 6.0 6.979591836734694 18.0 1.8762750766519565 49 342.0
789 6.0 7.26530612244898 31.0 3.5926748983410786 49 356.0
790 5.0 7.081632653061225 23.0 2.5399863409563626 49 347.0
791 6.0 7.081632653061225 18.0 1.9773375901899577 49 347.0
792 5.0 7.428571428571429 18.0 2.245365597551246 49 364.0
793 6.0 7.0 18.0 1.925703334715224 49 343.0
794 5.0 6.918367346938775 18.0 1.8578295433771361 49 339.0
795 6.0 7.1020408163265305 18.0 1.939124565785461 49 348.0
796 5.0 6.959183673469388 18.0 2.1501858802735843 49 341.0
797 5.0 6.979591836734694 18.0 1.8873459751545214 49 342.0
798 6.0 6.877551020408164 17.0 1.72762666034969 49 337.0
799 5.0 6.857142857142857 17.0 1.707825127659933 49 336.0
800 6.0 7.1020408163265305 18.0 1.981633353650296 49 348.0
801 6.0 7.040816326530612 18.0 1.8925201856416816 49 345.0
802 5.0 7.0 18.0 1.8929694486000912 49 343.0
803 6.0 7.040816326530612 18.0 1.9034966035503953 49 345.0
804 5.0 6.918367346938775 18.0 1.823877904971958 49 339.0
805 6.0 6.979591836734694 18.0 1.8539349583876916 49 342.0
806 6.0 6.938775510204081 18.0 1.8074863215861663 49 340.0
807 6.0 7.571428571428572 35.0 4.434711565216693 49 371.0
808 6.0 7.142857142857143 18.0 2.1114765765533203 49 350.0
809 6.0 6.959183673469388 18.0 1.8366543822199897 49 341.0
810 6.0 7.020408163265306 18.0 1.8539349583876918 49 344.0
811 6.0 6.918367346938775 18.0 1.846581692094404 49 339.0
812 6.0 6.918367346938775 18.0 1.765841804610924 49 339.0
813 6.0 6.8979591836734695 18.0 1.782377835448848 49 338.0
814 6.0 7.081632653061225 19.0 1.8911717564105321 49 347.0
815 6.0 6.979591836734694 18.0 1.7968699164376476 49 342.0
816 6.0 6.8979591836734695 18.0 1.794028264818029 49 338.0
817 6.0 7.224489795918368 18.0 1.9393438121613997 49 354.0
818 6.0 6.8979591836734695 18.0 1.8056035228235057 49 338.0
819 6.0 6.8979591836734695 18.0 1.7469604312345834 49 338.0
820 6.0 7.0 18.0 1.7911821050170564 49 343.0
821 6.0 7.040816326530612 18.0 1.9360525095482017 49 345.0
822 6.0 7.244897959183674 18.0 1.887796469486073 49 355.0
823 6.0 6.959183673469388 18.0 1.7907073052459537 49 341.0
824 6.0 6.938775510204081 18.0 1.7607782756651742 49 340.0
825 6.0 6.959183673469388 18.0 1.7435498233186681 49 341.0
826 6.0 6.979591836734694 18.0 1.7852380317290943 49 342.0
827 6.0 7.163265306122449 18.0 1.8067805019738639 49 351.0
828 6.0 6.857142857142857 18.0 1.7677669529663687 49 336.0
829 6.0 6.959183673469388 19.0 1.8814797331873012 49 341.0
830 6.0 7.285714285714286 18.0 2.0916500663351894 49 357.0
831 6.0 7.204081632653061 18.0 1.9788421681707244 49 353.0
832 6.0 6.918367346938775 18.0 1.742086090174143 49 339.0
833 6.0 6.8979591836734695 18.0 1.794028264818029 49 338.0
834 6.0 7.061224489795919 19.0 1.9408778433278824 49 346.0
835 6.0 6.979591836734694 18.0 1.8539349583876918 49 342.0
836 6.0 6.979591836734694 18.0 1.8539349583876916 49 342.0
837 6.0 7.020408163265306 18.0 1.8084269858817377 49 344.0
838 5.0 6.918367346938775 23.0 2.456596007808005 49 339.0
839 6.0 7.142857142857143 23.0 2.4494897427831774 49 350.0
840 6.0 7.183673469387755 23.0 2.49727742908615 49 352.0
841 5.0 7.183673469387755 24.0 2.6745207466927226 49 352.0
842 6.0 7.122448979591836 23.0 2.5052665615095093 49 349.0
843 6.0 7.142857142857143 23.0 2.4409697526461347 49 350.0
844 5.0 7.204081632653061 27.0 3.034383461792078 49 353.0
845 6.0 7.081632653061225 18.0 1.8465816920944036 49 347.0
846 5.0 6.836734693877551 18.0 1.9615782206290566 49 335.0
847 6.0 7.122448979591836 18.0 1.775207183462733 49 349.0
848 6.0 6.816326530612245 18.0 1.7520638947128786 49 334.0
849 6.0 7.183673469387755 18.0 1.8334106353523554 49 352.0
850 6.0 6.979591836734694 18.0 1.9417538884383125 49 342.0
851 5.0 6.8979591836734695 18.0 1.770650750891506 49 338.0
852 6.0 7.0 18.0 1.7795130420052185 49 343.0
853 5.0 7.020408163265306 18.0 1.9630948771260752 49 344.0
854 6.0 7.061224489795919 18.0 1.8303934375031026 49 346.0
855 5.0 6.877551020408164 18.0 1.8215452810414448 49 337.0
856 6.0 7.142857142857143 19.0 1.9257033347152235 49 350.0
857 5.0 6.918367346938775 18.0 1.8238779049719582 49 339.0
858 5.0 7.040816326530612 18.0 1.7790351279259657 49 345.0
859 6.0 6.877551020408164 18.0 1.8442777839082944 49 337.0
860 5.0 7.142857142857143 18.0 1.7911821050170562 49 350.0
861 6.0 7.061224489795919 18.0 1.9515822989020368 49 346.0
862 6.0 7.26530612244898 18.0 1.9124102397681493 49 356.0
863 5.0 7.0 19.0 1.9039432764659772 49 343.0
864 6.0 6.979591836734694 18.0 1.8313223355266104 49 342.0
865 5.0 6.918367346938775 18.0 1.8238779049719582 49 339.0
866 6.0 7.081632653061225 18.0 1.7776006147552466 49 347.0
867 5.0 7.020408163265306 18.0 1.8084269858817377 49 344.0
868 6.0 6.918367346938775 18.0 1.777600614755247 49 339.0
869 5.0 7.1020408163265305 18.0 1.7940282648180286 49 348.0
870 5.0 7.020408163265306 18.0 1.8762750766519567 49 344.0
871 5.0 7.1020408163265305 18.0 1.884640747808271 49 348.0
872 5.0 7.244897959183674 18.0 1.887796469486073 49 355.0
873 6.0 7.040816326530612 18.0 2.0510077164801754 49 345.0
874 6.0 7.183673469387755 18.0 1.787380175328254 49 352.0
875 5.0 6.959183673469388 18.0 1.8479626582792625 49 341.0
876 6.0 7.081632653061225 19.0 1.880123385732498 49 347.0
877 5.0 7.020408163265306 18.0 1.8313223355266108 49 344.0
878 6.0 7.183673469387755 18.0 1.878313398900672 49 352.0
879 5.0 6.938775510204081 18.0 1.7842851423995432 49 340.0
880 6.0 7.1020408163265305 18.0 1.992118825513676 49 348.0
881 5.0 7.142857142857143 18.0 1.8257418583505534 49 350.0
882 6.0 6.959183673469388 19.0 1.9252617102776506 49 341.0
883 5.0 7.081632653061225 18.0 1.8124193625036757 49 347.0
884 6.0 7.040816326530612 18.0 1.8138263385436209 49 345.0
885 6.0 7.0 18.0 1.7559422921421233 49 343.0
886 5.0 6.979591836734694 18.0 1.7852380317290946 49 342.0
887 6.0 7.244897959183674 19.0 2.0669080394486388 49 355.0
888 5.0 6.959183673469388 18.0 1.825276048454377 49 341.0
889 6.0 7.224489795918367 18.0 1.7942652410114963 49 354.0
890 5.0 7.040816326530612 18.0 1.9467834975658074 49 345.0
891 6.0 7.183673469387755 18.0 1.9221674982052062 49 352.0
892 5.0 7.061224489795919 18.0 1.8189759397495497 49 346.0
893 6.0 7.061224489795919 18.0 1.7369533104609034 49 346.0
894 5.0 7.1020408163265305 18.0 2.02324922215875 49 348.0
895 6.0 6.979591836734694 18.0 1.7852380317290946 49 342.0
896 5.0 7.26530612244898 26.0 2.9423312058927125 49 356.0
897 6.0 7.1020408163265305 19.0 1.9604941762132284 49 348.0
898 5.0 7.0 18.0 1.7795130420052185 49 343.0
899 6.0 6.918367346938775 19.0 1.9130770882476829 49 339.0
900 5.0 6.877551020408164 18.0 1.7869043653436958 49 337.0
901 6.0 6.938775510204081 18.0 1.7249174287641784 49 340.0
902 5.0 6.918367346938775 18.0 2.069991291184152 49 339.0
903 6.0 7.26530612244898 18.0 1.944816938729728 49 356.0
904 5.0 6.836734693877551 18.0 1.7718509481084812 49 335.0
905 6.0 6.857142857142857 18.0 1.7559422921421228 49 336.0
906 5.0 6.877551020408164 18.0 1.763432413661216 49 337.0
907 6.0 6.755102040816326 18.0 1.7740092568916928 49 331.0
908 5.0 6.959183673469388 18.0 1.8925201856416813 49 341.0
909 5.0 6.857142857142857 18.0 1.7795130420052183 49 336.0
910 6.0 6.979591836734694 19.0 1.8539349583876916 49 342.0
911 5.0 6.795918367346939 18.0 1.7909447208658558 49 333.0
912 6.0 6.938775510204081 18.0 1.77257067636839 49 340.0
913 5.0 6.938775510204081 18.0 1.7607782756651742 49 340.0
914 6.0 6.8979591836734695 19.0 1.9391245657854614 49 338.0
915 5.0 6.938775510204081 18.0 1.8074863215861663 49 340.0
916 6.0 6.979591836734694 18.0 1.8873459751545216 49 342.0
917 5.0 7.224489795918367 18.0 1.9500566885184072 49 354.0
918 6.0 6.836734693877551 19.0 1.9294530612705398 49 335.0
919 5.0 7.122448979591836 18.0 1.775207183462733 49 349.0
920 6.0 6.938775510204081 19.0 1.8864446637491803 49 340.0
921 5.0 6.8979591836734695 18.0 1.7588454778535798 49 338.0
922 6.0 7.142857142857143 18.0 1.8929694486000905 49 350.0
923 6.0 7.061224489795919 19.0 1.9515822989020366 49 346.0
924 6.0 7.1020408163265305 18.0 1.8056035228235057 49 348.0
925 5.0 7.0 19.0 1.9685019685029528 49 343.0
926 6.0 7.040816326530612 18.0 1.779035127925966 49 345.0
927 5.0 6.979591836734694 18.0 1.7968699164376476 49 342.0
928 6.0 6.959183673469388 19.0 1.9034966035503955 49 341.0
929 5.0 7.142857142857143 18.0 1.7559422921421224 49 350.0
930 6.0 6.918367346938775 19.0 1.9239362287365187 49 339.0
931 5.0 7.163265306122449 18.0 1.76005372521587 49 351.0
932 6.0 6.877551020408164 19.0 1.899919439752913 49 337.0
933 5.0 7.142857142857143 18.0 1.859659467035116 49 350.0
934 6.0 7.040816326530612 18.0 1.8023038921691013 49 345.0
935 5.0 6.918367346938775 19.0 1.902155955465157 49 339.0
936 6.0 7.040816326530612 18.0 1.755457961063501 49 345.0
937 5.0 7.163265306122449 18.0 1.9827058402545734 49 351.0
938 6.0 6.938775510204081 19.0 1.908404255581372 49 340.0
939 6.0 7.244897959183674 18.0 2.2961073240459418 49 355.0
940 5.0 7.183673469387755 18.0 1.9965957422130116 49 352.0
941 6.0 7.061224489795919 18.0 1.9622283598130024 49 346.0
942 6.0 6.959183673469388 19.0 1.8814797331873014 49 341.0
943 5.0 7.040816326530612 18.0 1.7907073052459537 49 345.0
944 6.0 7.1020408163265305 18.0 1.939124565785461 49 348.0
945 5.0 6.8979591836734695 19.0 1.9498386467344728 49 338.0
946 6.0 7.122448979591836 18.0 1.9217250612104626 49 349.0
947 5.0 7.081632653061225 25.0 2.729749184860194 49 347.0
948 6.0 7.020408163265306 18.0 1.76174387939866 49 344.0
949 5.0 6.938775510204081 19.0 1.9408778433278822 49 340.0
950 6.0 6.877551020408164 18.0 1.7634324136612165 49 337.0
951 5.0 6.938775510204081 18.0 1.7959231988184863 49 340.0
952 6.0 7.224489795918368 18.0 2.0234593534593284 49 354.0
953 5.0 6.938775510204081 18.0 1.7959231988184863 49 340.0
954 6.0 7.020408163265306 19.0 1.8873459751545218 49 344.0
955 5.0 7.0 18.0 1.848422751068236 49 343.0
956 6.0 7.122448979591836 18.0 2.097941978277209 49 349.0
957 5.0 6.938775510204081 19.0 1.9301140215164554 49 340.0
958 6.0 6.877551020408164 18.0 1.7869043653436958 49 337.0
959 5.0 7.020408163265306 18.0 1.8084269858817372 49 344.0
960 5.0 6.877551020408164 18.0 1.8100719721098633 49 337.0
961 6.0 7.040816326530612 18.0 1.8366543822199892 49 345.0
962 5.0 6.8979591836734695 18.0 1.8056035228235057 49 338.0
963 6.0 7.040816326530612 18.0 1.743549823318668 49 345.0
964 5.0 7.0 18.0 1.8708286933869707 49 343.0
965 5.0 6.8979591836734695 18.0 1.7940282648180288 49 338.0
966 6.0 7.061224489795919 18.0 1.7369533104609034 49 346.0
967 5.0 6.8979591836734695 18.0 1.8285342258120265 49 338.0
968 6.0 6.959183673469388 18.0 1.7672858624817582 49 341.0
969 6.0 7.1020408163265305 18.0 1.770650750891506 49 348.0
970 5.0 7.204081632653061 21.0 2.4914820876733748 49 353.0
971 6.0 7.061224489795919 18.0 1.7607782756651742 49 346.0
972 5.0 6.8979591836734695 19.0 1.9391245657854612 49 338.0
973 6.0 7.3061224489795915 18.0 2.28403956504564 49 358.0
974 5.0 7.040816326530612 18.0 1.9360525095482017 49 345.0
975 5.0 7.020408163265306 18.0 1.7968699164376476 49 344.0
976 5.0 6.959183673469388 18.0 1.8479626582792625 49 341.0
977 5.0 7.0 18.0 1.7795130420052185 49 343.0
978 5.0 6.8979591836734695 19.0 1.9283509574156847 49 338.0
979 6.0 6.959183673469388 18.0 1.779035127925966 49 341.0
980 5.0 6.979591836734694 18.0 1.808426985881737 49 342.0
981 5.0 6.857142857142857 18.0 1.7795130420052183 49 336.0
982 6.0 7.122448979591836 18.0 1.8999194397529129 49 349.0
983 5.0 7.020408163265306 18.0 1.8983523109788234 49 344.0
984 6.0 7.183673469387755 18.0 1.9544124158315361 49 352.0
985 5.0 7.040816326530612 18.0 1.7907073052459535 49 345.0
986 6.0 6.959183673469388 19.0 1.9034966035503955 49 341.0
987 5.0 7.020408163265306 18.0 1.994678294011002 49 344.0
988 5.0 7.163265306122449 18.0 1.9077357737152507 49 351.0
989 5.0 7.081632653061225 18.0 1.977337590189958 49 347.0
990 5.0 7.040816326530612 18.0 1.7907073052459537 49 345.0
991 5.0 7.0 18.0 1.8819316317727024 49 343.0
992 6.0 6.959183673469388 18.0 1.7907073052459537 49 341.0
993 5.0 7.081632653061225 18.0 1.869009705408606 49 347.0
994 6.0 6.8979591836734695 18.0 1.7469604312345834 49 338.0
995 5.0 7.020408163265306 19.0 1.9524535410431596 49 344.0
996 5.0 7.122448979591836 28.0 3.1795744805792823 49 349.0
997 5.0 7.081632653061225 18.0 1.83526490701249 49 347.0
998 6.0 6.938775510204081 18.0 1.8303934375031026 49 340.0
999 5.0 7.061224489795919 18.0 1.919289834649201 49 346.0
1000 6.0 7.040816326530612 18.0 1.755457961063501 49 345.0
1001 6.0 6.959183673469388 18.0 1.7907073052459537 49 341.0
1002 5.0 7.0 18.0 1.7559422921421233 49 343.0
1003 6.0 7.040816326530612 18.0 1.8703741122374131 49 345.0
1004 6.0 7.1020408163265305 18.0 1.8511809064214444 49 348.0
1005 5.0 6.877551020408164 18.0 1.7869043653436958 49 337.0
1006 6.0 7.183673469387755 19.0 1.943723546312539 49 352.0
1007 6.0 6.918367346938775 18.0 1.7658418046109243 49 339.0
1008 5.0 6.938775510204081 18.0 1.77257067636839 49 340.0
1009 6.0 7.122448979591836 18.0 2.429271607749467 49 349.0
1010 6.0 7.061224489795919 18.0 1.7369533104609034 49 346.0
1011 6.0 6.959183673469388 18.0 1.8023038921691013 49 341.0
1012 5.0 7.346938775510204 19.0 2.0671137326411118 49 360.0
1013 6.0 6.918367346938775 18.0 1.8124193625036762 49 339.0
1014 6.0 7.020408163265306 18.0 1.7617438793986597 49 344.0
1015 5.0 7.040816326530612 19.0 1.9467834975658076 49 345.0
1016 6.0 6.938775510204081 18.0 1.77257067636839 49 340.0
1017 6.0 7.204081632653061 18.0 1.848192718990802 49 353.0
1018 5.0 7.3061224489795915 19.0 2.468164649024429 49 358.0
1019 6.0 6.877551020408164 18.0 1.7869043653436958 49 337.0
1020 6.0 7.040816326530612 19.0 1.8592021549743387 49 345.0
1021 5.0 7.081632653061225 18.0 1.7892821499821925 49 347.0
1022 6.0 6.918367346938775 18.0 1.765841804610924 49 339.0
1023 6.0 7.183673469387755 19.0 1.8447387957349937 49 352.0
1024 5.0 7.244897959183673 21.0 2.757796616299096 49 355.0
1025 6.0 7.3061224489795915 18.0 2.043323290139671 49 358.0
1026 6.0 7.0 19.0 1.925703334715224 49 343.0
1027 6.0 7.183673469387755 18.0 1.7639145551367073 49 352.0
1028 5.0 6.918367346938775 18.0 1.742086090174143 49 339.0
1029 6.0 7.122448979591836 18.0 1.9217250612104626 49 349.0
1030 6.0 7.061224489795919 18.0 1.8642264175937493 49 346.0
1031 5.0 7.0 18.0 1.7677669529663689 49 343.0
1032 6.0 7.020408163265306 18.0 1.9524535410431596 49 344.0
1033 6.0 6.979591836734694 19.0 1.865138465797818 49 342.0
1034 5.0 7.040816326530612 18.0 1.779035127925966 49 345.0
1035 6.0 6.959183673469388 18.0 1.7790351279259662 49 341.0
1036 6.0 6.979591836734694 19.0 1.8762750766519565 49 342.0
1037 6.0 7.122448979591836 18.0 1.72762666034969 49 349.0
1038 5.0 7.061224489795919 19.0 2.0351920800556127 49 346.0
1039 6.0 7.122448979591836 18.0 1.7396437980855994 49 349.0
1040 6.0 7.020408163265306 18.0 1.7852380317290952 49 344.0
1041 6.0 7.244897959183673 19.0 2.056803874187023 49 355.0
1042 5.0 7.326530612244898 18.0 2.4271704642618404 49 359.0
1043 6.0 7.142857142857143 18.0 1.6832508230603458 49 350.0
1044 6.0 7.163265306122449 26.0 2.845661454854786 49 351.0
1045 6.0 7.040816326530612 19.0 1.8925201856416818 49 345.0
1046 5.0 7.040816326530612 18.0 1.743549823318668 49 345.0
1047 6.0 7.183673469387755 18.0 1.8334106353523554 49 352.0
1048 6.0 6.938775510204081 19.0 1.8864446637491803 49 340.0
1049 6.0 7.020408163265306 18.0 1.7259030959467676 49 344.0
1050 5.0 6.979591836734694 18.0 1.7379321515137767 49 342.0
1051 6.0 7.061224489795919 19.0 1.9515822989020366 49 346.0
1052 6.0 7.142857142857143 18.0 1.8027756377319941 49 350.0
1053 5.0 6.938775510204081 19.0 1.9301140215164554 49 340.0
1054 6.0 7.020408163265306 18.0 1.7498785186212136 49 344.0
1055 6.0 7.040816326530612 18.0 1.779035127925966 49 345.0
1056 5.0 6.979591836734694 18.0 1.8199106653712354 49 342.0
1057 6.0 7.0 18.0 1.7320508075688772 49 343.0
1058 6.0 7.081632653061225 18.0 1.9454726792166037 49 347.0
1059 5.0 7.204081632653061 19.0 2.0101781827814706 49 353.0
1060 6.0 7.020408163265306 18.0 1.7735298597050198 49 344.0
1061 6.0 6.959183673469388 18.0 1.7315597938644487 49 341.0
1062 5.0 7.040816326530612 19.0 1.8925201856416816 49 345.0
1063 6.0 6.938775510204081 18.0 1.8303934375031023 49 340.0
1064 6.0 7.183673469387755 18.0 1.8220120447341892 49 352.0
1065 5.0 7.081632653061225 19.0 1.9239362287365187 49 347.0
1066 6.0 6.938775510204081 18.0 1.7489063638136142 49 340.0
1067 6.0 7.1020408163265305 18.0 1.7108099684942575 49 348.0
1068 6.0 6.959183673469388 18.0 1.8366543822199897 49 341.0
1069 5.0 7.142857142857143 18.0 1.9685019685029523 49 350.0
1070 6.0 7.163265306122449 18.0 1.8067805019738639 49 351.0
1071 6.0 7.36734693877551 19.0 2.2975882060599653 49 361.0
1072 6.0 7.142857142857143 18.0 1.7559422921421228 49 350.0
1073 5.0 7.244897959183674 18.0 1.9846348556356863 49 355.0
1074 6.0 7.244897959183674 19.0 2.13629948981974 49 355.0
1075 6.0 7.428571428571429 18.0 2.1505813167606562 49 364.0
1076 6.0 7.26530612244898 18.0 1.8904971811237212 49 356.0
1077 5.0 7.36734693877551 19.0 2.3424869045437973 49 361.0
1078 6.0 7.122448979591836 18.0 1.7869043653436958 49 349.0
1079 6.0 7.0 19.0 2.0514222708485286 49 343.0
1080 5.0 7.1020408163265305 18.0 1.7940282648180286 49 348.0
1081 6.0 7.020408163265306 18.0 1.773529859705019 49 344.0
1082 6.0 7.142857142857143 19.0 1.9039432764659765 49 350.0
1083 5.0 7.020408163265306 18.0 1.773529859705019 49 344.0
1084 6.0 6.8979591836734695 18.0 1.782377835448848 49 338.0
1085 6.0 7.204081632653061 19.0 1.957672851422648 49 353.0
1086 5.0 7.081632653061225 18.0 1.8238779049719576 49 347.0
1087 6.0 7.122448979591836 18.0 1.7396437980855994 49 349.0
1088 6.0 7.040816326530612 19.0 1.9360525095482022 49 345.0
1089 5.0 7.081632653061225 18.0 1.8238779049719573 49 347.0
1090 6.0 7.26530612244898 27.0 2.991484513053131 49 356.0
1091 5.0 7.061224489795919 18.0 1.77257067636839 49 346.0
1092 6.0 7.020408163265306 18.0 1.7259030959467683 49 344.0
1093 6.0 7.0 19.0 1.9364916731037085 49 343.0
1094 5.0 7.122448979591836 18.0 1.7985254731448823 49 349.0
1095 6.0 6.918367346938775 18.0 1.8008879140333987 49 339.0
1096 6.0 7.122448979591836 19.0 1.8667334779102833 49 349.0
1097 5.0 7.061224489795919 18.0 1.8303934375031026 49 346.0
1098 6.0 7.020408163265306 19.0 1.9092952006605233 49 344.0
1099 6.0 7.224489795918367 18.0 1.8514105672258048 49 354.0
1100 5.0 6.8979591836734695 19.0 1.8956627904155285 49 338.0
1101 6.0 7.142857142857143 18.0 1.81429508808977 49 350.0
1102 6.0 7.081632653061225 19.0 1.9239362287365187 49 347.0
1103 6.0 7.040816326530612 18.0 1.7790351279259662 49 345.0
1104 5.0 7.1020408163265305 18.0 1.8171050460276974 49 348.0
1105 6.0 7.0 18.0 1.7677669529663689 49 343.0
1106 5.0 7.061224489795919 18.0 1.77257067636839 49 346.0
1107 6.0 7.020408163265306 19.0 1.95245354104316 49 344.0
1108 6.0 6.959183673469388 18.0 1.7435498233186681 49 341.0
1109 5.0 7.204081632653061 18.0 1.8706014166208544 49 353.0
1110 6.0 6.979591836734694 19.0 1.9092952006605226 49 342.0
1111 5.0 7.081632653061225 18.0 1.8008879140333982 49 347.0
1112 6.0 7.081632653061225 19.0 1.8911717564105321 49 347.0
1113 6.0 6.8979591836734695 18.0 1.7706507508915061 49 338.0
1114 5.0 6.877551020408164 18.0 1.7515784912142407 49 337.0
1115 6.0 7.061224489795919 19.0 1.9084042555813723 49 346.0
1116 5.0 7.183673469387755 18.0 1.8334106353523554 49 352.0
1117 6.0 7.26530612244898 20.0 2.6281767302010084 49 356.0
1118 6.0 7.204081632653061 18.0 1.9362721037767259 49 353.0
1119 5.0 7.163265306122449 18.0 1.9615782206290575 49 351.0
1120 6.0 7.1020408163265305 18.0 1.698588850084874 49 348.0
1121 6.0 7.061224489795919 18.0 1.7607782756651742 49 346.0
1122 6.0 7.1020408163265305 19.0 2.064026182399984 49 348.0
1123 5.0 7.204081632653061 18.0 2.0101781827814698 49 353.0
1124 6.0 7.183673469387755 19.0 1.889372353761021 49 352.0
1125 5.0 7.1020408163265305 18.0 1.8285342258120267 49 348.0
1126 6.0 7.061224489795919 19.0 1.8530173958675504 49 346.0
1127 6.0 7.061224489795919 18.0 1.7489063638136142 49 346.0
1128 5.0 7.061224489795919 18.0 1.77257067636839 49 346.0
1129 6.0 6.918367346938775 19.0 1.8801233857324982 49 339.0
1130 6.0 7.040816326530612 18.0 1.731559793864449 49 345.0
1131 5.0 7.142857142857143 19.0 1.881931631772702 49 350.0
1132 6.0 7.122448979591836 18.0 1.9539772800327941 49 349.0
1133 6.0 7.122448979591836 18.0 1.775207183462733 49 349.0
1134 5.0 7.326530612244898 26.0 2.87509242678997 49 359.0
1135 6.0 7.204081632653061 19.0 1.957672851422648 49 353.0
1136 6.0 7.204081632653061 18.0 1.68299821544685 49 353.0
1137 5.0 6.918367346938775 18.0 1.789282149982193 49 339.0
1138 6.0 7.163265306122449 19.0 1.9294530612705403 49 351.0
1139 6.0 7.224489795918367 18.0 1.759087193717822 49 354.0
1140 6.0 7.142857142857143 19.0 1.881931631772702 49 350.0
1141 5.0 7.224489795918367 18.0 1.9285714285714286 49 354.0
1142 6.0 7.163265306122449 19.0 2.0951028094852355 49 351.0
1143 6.0 7.142857142857143 18.0 1.7677669529663682 49 350.0
1144 5.0 7.0 19.0 1.8929694486000912 49 343.0
1145 6.0 7.1020408163265305 18.0 1.8171050460276974 49 348.0
1146 6.0 7.122448979591836 19.0 1.8778606296042553 49 349.0
1147 5.0 7.122448979591836 18.0 1.8442777839082942 49 349.0
1148 6.0 7.163265306122449 19.0 2.065055878738618 49 351.0
1149 5.0 7.3061224489795915 18.0 1.8730999443063745 49 358.0
1150 6.0 7.081632653061225 19.0 1.8801233857324977 49 347.0
1151 6.0 7.081632653061225 18.0 1.7540041654012393 49 347.0
1152 5.0 6.959183673469388 19.0 1.9034966035503955 49 341.0
1153 6.0 7.1020408163265305 18.0 1.7706507508915061 49 348.0
1154 6.0 7.285714285714286 19.0 2.0310096011589907 49 357.0
1155 5.0 7.040816326530612 18.0 1.8252760484543769 49 345.0
1156 6.0 7.122448979591836 19.0 1.9217250612104626 49 349.0
1157 6.0 7.142857142857143 18.0 1.7677669529663682 49 350.0
1158 6.0 7.204081632653061 19.0 1.968285970041942 49 353.0
1159 5.0 7.408163265306122 18.0 2.299622861715036 49 363.0
1160 6.0 7.163265306122449 19.0 1.9186251455090422 49 351.0
1161 6.0 7.326530612244898 18.0 1.8972321407562038 49 359.0
1162 5.0 7.244897959183674 19.0 1.9846348556356863 49 355.0
1163 6.0 7.122448979591836 18.0 1.7515784912142407 49 349.0
1164 6.0 7.142857142857143 19.0 1.936491673103708 49 350.0
1165 5.0 7.204081632653061 18.0 1.8255089682598884 49 353.0
1166 6.0 7.081632653061225 19.0 1.8911717564105321 49 347.0
1167 6.0 7.122448979591836 18.0 1.7033380592876124 49 349.0
1168 5.0 7.1020408163265305 19.0 1.939124565785461 49 348.0
1169 6.0 7.122448979591836 18.0 1.7396437980855994 49 349.0
1170 6.0 7.224489795918367 19.0 2.054114834935487 49 354.0
1171 6.0 7.204081632653061 18.0 1.731805318118624 49 353.0
1172 5.0 7.081632653061225 19.0 1.9130770882476824 49 347.0
1173 6.0 7.224489795918367 18.0 1.8058389800225019 49 354.0
1174 6.0 7.0 19.0 1.9364916731037085 49 343.0
1175 5.0 7.020408163265306 18.0 1.7498785186212136 49 344.0
1176 6.0 7.183673469387755 18.0 1.8334106353523554 49 352.0
1177 6.0 7.387755102040816 28.0 3.1145915096700625 49 362.0
1178 5.0 7.142857142857143 21.0 2.2173557826083448 49 350.0
1179 6.0 7.3061224489795915 19.0 1.9916919276569551 49 358.0
1180 6.0 7.040816326530612 18.0 1.7194861596015323 49 345.0
1181 5.0 6.959183673469388 19.0 1.9252617102776508 49 341.0
1182 6.0 7.224489795918367 18.0 1.8058389800225019 49 354.0
1183 6.0 7.163265306122449 19.0 1.9615782206290575 49 351.0
1184 5.0 7.244897959183674 18.0 1.9206185228212507 49 355.0
1185 5.0 6.979591836734694 19.0 1.9524535410431592 49 342.0
1186 6.0 7.204081632653061 18.0 1.7437936593905297 49 353.0
1187 6.0 7.0 19.0 1.9148542155126762 49 343.0
1188 5.0 7.0 18.0 1.7440374613713625 49 343.0
1189 6.0 7.163265306122449 19.0 1.9509286119639524 49 351.0
1190 5.0 6.775510204081633 18.0 1.8058389800225014 49 332.0
1191 6.0 7.122448979591836 19.0 1.9646103627821532 49 349.0
1192 5.0 7.224489795918368 18.0 2.2198470867236275 49 354.0
1193 6.0 7.122448979591836 19.0 1.8667334779102833 49 349.0
1194 5.0 6.959183673469388 18.0 1.8703741122374131 49 341.0
1195 6.0 7.142857142857143 19.0 1.8484227510682356 49 350.0
1196 5.0 6.979591836734694 18.0 1.842663334216347 49 342.0
1197 5.0 6.959183673469388 19.0 1.9034966035503955 49 341.0
1198 5.0 7.122448979591836 18.0 1.8215452810414448 49 349.0
1199 6.0 7.040816326530612 19.0 1.8479626582792628 49 345.0
1200 5.0 7.0 18.0 1.925703334715224 49 343.0
1201 6.0 7.183673469387755 19.0 2.0070030454610164 49 352.0
1202 6.0 7.040816326530612 18.0 1.9252617102776506 49 345.0
1203 5.0 7.1020408163265305 19.0 1.9391245657854612 49 348.0
1204 5.0 7.122448979591836 18.0 1.975186204948204 49 349.0
1205 6.0 7.061224489795919 19.0 1.8974562277044562 49 346.0
1206 5.0 7.020408163265306 18.0 1.8199106653712356 49 344.0
1207 6.0 7.040816326530612 19.0 1.83665438221999 49 345.0
1208 5.0 6.795918367346939 18.0 1.8140607284571846 49 333.0
1209 5.0 7.122448979591836 19.0 1.9432860170900448 49 349.0
1210 5.0 7.163265306122449 18.0 1.8523289256985631 49 351.0
1211 6.0 7.122448979591836 19.0 1.9857057211189064 49 349.0
1212 5.0 6.979591836734694 18.0 1.7498785186212131 49 342.0
1213 5.0 6.959183673469388 19.0 1.8703741122374136 49 341.0
1214 5.0 6.8979591836734695 18.0 1.794028264818029 49 338.0
1215 6.0 7.0 19.0 1.8596594670351165 49 343.0
1216 5.0 6.877551020408164 18.0 1.7752071834627332 49 337.0
1217 6.0 7.0 18.0 1.8142950880897701 49 343.0
1218 5.0 7.081632653061225 19.0 1.9130770882476826 49 347.0
1219 5.0 6.979591836734694 25.0 2.7117782904578753 49 342.0
1220 5.0 7.0 18.0 1.8257418583505538 49 343.0
1221 5.0 7.0 19.0 1.9685019685029528 49 343.0
1222 6.0 7.040816326530612 18.0 1.7907073052459535 49 345.0
1223 5.0 6.959183673469388 19.0 1.9144100883547808 49 341.0
1224 6.0 6.938775510204081 18.0 1.9622283598130024 49 340.0
1225 5.0 7.0 19.0 1.925703334715224 49 343.0
1226 5.0 7.081632653061225 18.0 1.9773375901899581 49 347.0
1227 5.0 6.918367346938775 19.0 1.9130770882476829 49 339.0
1228 5.0 6.938775510204081 18.0 1.8074863215861665 49 340.0
1229 5.0 7.0 19.0 1.9578900207451218 49 343.0
1230 6.0 6.959183673469388 18.0 1.731559793864449 49 341.0
1231 5.0 7.081632653061225 18.0 2.2988831952881448 49 347.0
1232 6.0 7.1020408163265305 19.0 2.002549395553741 49 348.0
1233 5.0 6.979591836734694 18.0 1.8983523109788232 49 342.0
1234 5.0 6.959183673469388 19.0 1.8925201856416818 49 341.0
1235 5.0 7.0 18.0 1.7911821050170564 49 343.0
1236 5.0 7.081632653061225 19.0 1.9239362287365187 49 347.0
1237 5.0 6.938775510204081 18.0 1.7842851423995432 49 340.0
1238 5.0 7.0 19.0 2.0 49 343.0
1239 6.0 6.918367346938775 18.0 1.742086090174143 49 339.0
1240 5.0 6.8979591836734695 19.0 1.8846407478082718 49 338.0
1241 6.0 7.020408163265306 18.0 1.8426633342163474 49 344.0
1242 5.0 7.081632653061225 18.0 2.049763550325963 49 347.0
1243 6.0 7.061224489795919 18.0 1.7959231988184863 49 346.0
1244 5.0 7.020408163265306 18.0 1.8426633342163474 49 344.0
1245 5.0 6.979591836734694 19.0 1.941753888438312 49 342.0
1246 5.0 7.183673469387755 18.0 1.8334106353523554 49 352.0
1247 5.0 7.0 19.0 1.9895560643855537 49 343.0
1248 5.0 6.979591836734694 18.0 1.7852380317290946 49 342.0
1249 6.0 6.8979591836734695 19.0 1.906621116434163 49 338.0
1250 5.0 7.081632653061225 18.0 1.8352649070124902 49 347.0
1251 6.0 7.020408163265306 19.0 1.9309949499153642 49 344.0
1252 6.0 6.979591836734694 19.0 1.8873459751545214 49 342.0
1253 5.0 6.8979591836734695 18.0 1.7940282648180288 49 338.0
1254 6.0 6.979591836734694 18.0 1.8762750766519565 49 342.0
1255 5.0 6.959183673469388 19.0 1.9034966035503955 49 341.0
1256 6.0 6.938775510204081 18.0 1.8753684445252594 49 340.0
1257 5.0 7.1020408163265305 19.0 2.417340980285154 49 348.0
1258 5.0 6.8979591836734695 18.0 1.9283509574156847 49 338.0
1259 6.0 7.020408163265306 18.0 1.7617438793986597 49 344.0
1260 5.0 7.428571428571429 26.0 3.6571847095819465 49 364.0
1261 5.0 7.142857142857143 18.0 2.198484326378819 49 350.0
1262 5.0 6.938775510204081 19.0 2.085746901245313 49 340.0
1263 5.0 7.122448979591836 18.0 2.1663395880803993 49 349.0
1264 5.0 6.959183673469388 18.0 1.9034966035503955 49 341.0
1265 6.0 7.0 19.0 2.0 49 343.0
1266 6.0 7.163265306122449 18.0 2.257828407042098 49 351.0
1267 5.0 6.8979591836734695 18.0 2.2383485165703427 49 338.0
1268 6.0 7.142857142857143 19.0 2.4664414311581226 49 350.0
1269 5.0 7.142857142857143 18.0 2.415229457698239 49 350.0
1270 6.0 7.183673469387755 18.0 2.288316970575345 49 352.0
1271 5.0 6.979591836734694 19.0 2.4366113415832182 49 342.0
1272 5.0 7.122448979591836 18.0 2.350821248886797 49 349.0
1273 5.0 7.040816326530612 18.0 2.4062348153068016 49 345.0
1274 5.0 6.959183673469388 18.0 2.030590879455507 49 341.0
1275 5.0 7.020408163265306 19.0 2.1936441894555214 49 344.0
1276 5.0 6.979591836734694 18.0 1.9946782940110015 49 342.0
1277 5.0 7.224489795918367 18.0 2.356421245965028 49 354.0
1278 5.0 7.0 19.0 2.169869427715256 49 343.0
1279 6.0 6.8979591836734695 18.0 1.8171050460276974 49 338.0
1280 5.0 6.775510204081633 18.0 1.9068441000167546 49 332.0
1281 5.0 6.8979591836734695 18.0 1.8171050460276974 49 338.0
1282 5.0 6.775510204081633 18.0 1.8514105672258043 49 332.0
1283 5.0 6.979591836734694 18.0 2.1936441894555214 49 342.0
1284 5.0 6.938775510204081 18.0 1.9728169714195718 49 340.0
1285 6.0 6.775510204081633 19.0 1.9607110330444006 49 332.0
1286 5.0 6.877551020408164 18.0 1.9108533549746012 49 337.0
1287 5.0 6.73469387755102 18.0 1.8345697747710223 49 330.0
1288 5.0 6.755102040816326 18.0 1.843124749857539 49 331.0
1289 5.0 7.0 18.0 2.0514222708485286 49 343.0
1290 5.0 6.714285714285714 19.0 1.9790570145063198 49 329.0
1291 6.0 6.73469387755102 18.0 1.8571428571428568 49 330.0
1292 5.0 6.877551020408164 18.0 1.9432860170900448 49 337.0
1293 5.0 6.714285714285714 18.0 2.345207879911714 49 329.0
1294 6.0 6.938775510204081 18.0 2.3399444728570846 49 340.0
1295 5.0 6.877551020408164 19.0 2.6031443571607173 49 337.0
1296 5.0 6.775510204081632 18.0 2.14345229830338 49 332.0
1297 5.0 7.020408163265307 18.0 2.5616547054456773 49 344.0
1298 5.0 7.0 18.0 2.406588179698942 49 343.0
tot,4.0,6.758998287536675,82.0,1.992968920362071,63651
