##ver, min, mean, max, stddev, count,total
0 2.0 8.923076923076923 33.0 7.963055720655006 13 116.0
1 1.0 2.076923076923077 5.0 1.1875421719907089 13 27.0
2 1.0 1.8461538461538463 5.0 1.143543749793731 13 24.0
3 1.0 2.076923076923077 5.0 1.1875421719907089 13 27.0
4 1.0 2.076923076923077 6.0 1.3821202589704018 13 27.0
5 1.0 2.1538461538461537 5.0 1.0681880176381127 13 28.0
6 1.0 2.076923076923077 3.0 0.6405126152203485 13 27.0
7 1.0 1.923076923076923 3.0 0.8623164985025763 13 25.0
8 1.0 2.230769230769231 4.0 0.8320502943378435 13 29.0
