##ver, min, mean, max, stddev, count,total
0 9.0 24.666666666666664 81.0 27.818459099430125 6 148.0
1 5.0 11.166666666666668 33.0 10.778064142816495 6 67.0
2 4.0 8.166666666666666 20.0 5.879342366852492 6 49.0
3 6.0 8.666666666666666 18.0 4.633213427705082 6 52.0
4 4.0 7.0 12.0 2.6832815729997477 6 42.0
5 4.0 7.0 10.0 1.8973665961010275 6 42.0
6 5.0 7.333333333333333 10.0 1.632993161855452 6 44.0
7 5.0 7.333333333333333 10.0 1.632993161855452 6 44.0
8 4.0 7.833333333333333 11.0 2.228601953392904 6 47.0
