##bucket, min, mean, max, stddev, count,total
0 0.0 0.7000000000000001 5.0 0.8630747123996126 50 35.0
1 0.0 0.31999999999999984 1.0 0.47121207149916117 50 16.0
2 0.0 0.33999999999999997 1.0 0.47851812069840666 50 17.0
3 0.0 0.2600000000000001 1.0 0.44308749769345196 50 13.0
4 0.0 0.32 1.0 0.471212071499161 50 16.0
5 0.0 0.38000000000000006 1.0 0.49031435147801444 50 19.0
6 0.0 0.26 1.0 0.4430874976934521 50 13.0
7 0.0 0.3 1.0 0.46291004988627565 50 15.0
8 0.0 0.17999999999999997 1.0 0.3880879344916036 50 9.0
tot,0.0,0.3400000000000002,5.0,0.5317952952783407,450
