##ver, min, mean, max, stddev, count
0 630.0 805.12 1004.0 47.11022247054762 50 40256.0
1 660.0 832.7 914.0 38.14111820541164 50 41635.0
2 629.0 790.34 863.0 28.193652491586228 50 39517.0
3 671.0 834.0 890.0 32.76695697479025 50 41700.0
4 565.0 731.14 813.0 45.17314083679842 50 36557.0
5 549.0 717.54 765.0 42.00204562559654 50 35877.0
6 595.0 752.0 795.0 39.55208397719108 50 37600.0
7 579.0 744.24 821.0 43.03513514725912 50 37212.0
8 662.0 856.8 894.0 48.79319122791705 50 42840.0
9 636.0 826.84 867.0 47.62153517312203 50 41342.0
10 668.0 868.08 924.0 44.44572016309699 50 43404.0
11 690.0 905.06 956.0 42.40062090419462 50 45253.0
12 634.0 830.5 907.0 50.03886244812167 50 41525.0
13 780.0 1007.74 1094.0 56.67192012462825 50 50387.0
14 671.0 875.6 960.0 41.93921743647196 50 43780.0
15 516.0 676.62 718.0 28.497683400298946 50 33831.0
16 605.0 789.36 832.0 41.2986929674091 50 39468.0
17 675.0 880.66 942.0 45.33980996152211 50 44033.0
18 637.0 829.2 906.0 40.92252510811728 50 41460.0
19 749.0 974.24 1048.0 50.7271854821335 50 48712.0
20 724.0 945.44 1020.0 54.59093144395293 50 47272.0
21 813.0 1065.56 1155.0 65.79782267968868 50 53278.0
22 765.0 1010.98 1065.0 59.972609394214466 50 50549.0
23 722.0 936.26 999.0 50.28563717526555 50 46813.0
24 695.0 884.22 964.0 48.90986712352443 50 44211.0
25 755.0 981.04 1079.0 57.23633782263623 50 49052.0
26 706.0 915.38 967.0 50.502733811636176 50 45769.0
27 586.0 775.14 850.0 47.589661885406855 50 38757.0
28 763.0 1010.4 1086.0 52.97207581666524 50 50520.0
29 717.0 930.26 1013.0 50.56287659732107 50 46513.0
30 620.0 811.46 896.0 49.36875406115714 50 40573.0
31 462.0 605.92 641.0 34.984451356776965 50 30296.0
32 851.0 1116.14 1193.0 61.402323295804116 50 55807.0
33 811.0 1061.16 1208.0 65.11132068720963 50 53058.0
34 817.0 1076.14 1239.0 60.43313390408763 50 53807.0
35 841.0 1097.42 1150.0 63.292353731049744 50 54871.0
36 829.0 1097.46 1179.0 61.16161594747251 50 54873.0
37 802.0 1052.58 1136.0 61.56201121218989 50 52629.0
38 847.0 1106.44 1187.0 62.20215889684676 50 55322.0
39 742.0 972.86 1181.0 53.81942976665735 50 48643.0
40 779.0 1033.12 1120.0 62.38185241080999 50 51656.0
41 776.0 1019.96 1098.0 60.45708884685679 50 50998.0
42 805.0 1066.58 1130.0 63.522481959426884 50 53329.0
43 728.0 953.32 1028.0 58.827815162002196 50 47666.0
44 921.0 1217.7 1285.0 71.93002552083914 50 60885.0
45 739.0 957.28 1037.0 51.03021913833138 50 47864.0
46 817.0 1057.58 1120.0 51.57443204550415 50 52879.0
47 738.0 960.36 1046.0 55.26181100092579 50 48018.0
48 771.0 1006.34 1104.0 60.31164303610278 50 50317.0
49 794.0 1034.0 1126.0 59.90468619875601 50 51700.0
50 813.0 1044.96 1124.0 58.492615965171005 50 52248.0
51 818.0 1064.72 1173.0 60.216968250702585 50 53236.0
52 755.0 986.8 1065.0 54.493212458815755 50 49340.0
53 834.0 1068.3 1129.0 51.09824470806113 50 53415.0
54 843.0 1088.88 1174.0 61.60494281786029 50 54444.0
55 707.0 921.22 977.0 51.148559139440245 50 46061.0
56 743.0 968.18 1050.0 57.43876597503374 50 48409.0
57 777.0 999.42 1092.0 57.45169754689939 50 49971.0
