##bucket, min, mean, max, stddev, count,total
0 1248.0 1481.5 1691.0 54.2594861451405 50 74075.0
1 1205.0 1443.22 1583.0 52.507449422895796 50 72161.0
2 1227.0 1479.22 1571.0 57.21612802455656 50 73961.0
3 1142.0 1379.68 1474.0 55.968445920674895 50 68984.0
4 1130.0 1369.94 1450.0 56.77611239575594 50 68497.0
5 1167.0 1400.66 1449.0 53.016982261943824 50 70033.0
6 1148.0 1393.26 1485.0 55.164248256586326 50 69663.0
7 1263.0 1509.04 1594.0 47.67190590111641 50 75452.0
8 1253.0 1484.42 1620.0 47.997912369568034 50 74221.0
9 1249.0 1521.06 1657.0 66.30369522130722 50 76053.0
10 1285.0 1544.84 1601.0 59.50282449135486 50 77242.0
11 1231.0 1482.24 1550.0 59.1185457278813 50 74112.0
12 1363.0 1645.4 1771.0 68.88173834588541 50 82270.0
13 1268.0 1515.46 1615.0 58.69541232985272 50 75773.0
14 1104.0 1332.12 1431.0 56.280144757077075 50 66606.0
15 1188.0 1439.32 1610.0 61.386178062678376 50 71966.0
16 1253.0 1522.84 1582.0 58.80523369738515 50 76142.0
17 1210.0 1477.56 1561.0 57.52378744875009 50 73878.0
18 1324.0 1609.18 1701.0 63.25513288844386 50 80459.0
19 1305.0 1580.38 1702.0 62.849639162505504 50 79019.0
20 1388.0 1686.94 1767.0 65.38189539083399 50 84347.0
21 1368.0 1645.98 1823.0 68.9020274575074 50 82299.0
22 1299.0 1577.42 1647.0 62.751563928799435 50 78871.0
23 1248.0 1526.12 1624.0 65.56151185516313 50 76306.0
24 1334.0 1617.48 1715.0 67.61211097888017 50 80874.0
25 1296.0 1556.92 1644.0 55.502101449459765 50 77846.0
26 1194.0 1432.18 1545.0 50.37601064970898 50 71609.0
27 1425.0 1644.52 1744.0 53.947154792482635 50 82226.0
28 1315.0 1562.82 1643.0 54.45150997700165 50 78141.0
29 1209.0 1453.74 1531.0 56.99294979671268 50 72687.0
30 1061.0 1272.08 1387.0 52.18602518385354 50 63604.0
31 1562.0 1748.24 1846.0 43.79383984264529 50 87412.0
32 1399.0 1689.4 1771.0 62.950904096213065 50 84470.0
33 1412.0 1702.04 1813.0 65.20985276750122 50 85102.0
34 1426.0 1727.88 1845.0 69.08221661948338 50 86394.0
35 1433.0 1723.06 1795.0 51.3755321736179 50 86153.0
36 1410.0 1685.98 1793.0 61.194400837638334 50 84299.0
37 1440.0 1730.5 1830.0 70.45341491701724 50 86525.0
38 1334.0 1600.5 1690.0 58.25042699326726 50 80025.0
39 1413.0 1663.54 1729.0 45.953929902342274 50 83177.0
40 1388.0 1646.74 1721.0 60.169084881774666 50 82337.0
41 1399.0 1693.96 1802.0 68.49786530265312 50 84698.0
42 1326.0 1586.2 1681.0 52.60441511694545 50 79310.0
43 1525.0 1839.6 2038.0 71.76605985379702 50 91980.0
44 1321.0 1594.98 1743.0 61.40347992531674 50 79749.0
45 1392.0 1677.22 1730.0 64.13706305361089 50 83861.0
46 1331.0 1600.7 1727.0 56.842155239266745 50 80035.0
47 1357.0 1643.58 1757.0 67.21063144764999 50 82179.0
48 1374.0 1665.96 1769.0 62.81133395709239 50 83298.0
49 1387.0 1670.4 1754.0 67.29132521342993 50 83520.0
50 1402.0 1695.66 1789.0 62.423703634999136 50 84783.0
51 1339.0 1621.5 1782.0 70.63278131235076 50 81075.0
52 1396.0 1691.08 1764.0 65.76018272977244 50 84554.0
53 1416.0 1716.06 1815.0 68.93901771323193 50 85803.0
54 1293.0 1561.9 1625.0 59.48323378936972 50 78095.0
55 1325.0 1601.1 1692.0 61.57896871298758 50 80055.0
56 1352.0 1636.12 1733.0 64.07891817986662 50 81806.0
57 1341.0 1622.46 1740.0 62.670570510912576 50 81123.0
tot,1061.0,1579.7224137931028,2038.0,130.85786883556568,2900
