##ver, min, mean, max, stddev, count,total
0 5.0 20.97826086956522 83.0 13.585104801353877 46 965.0
1 0.0 6.326086956521739 23.0 4.876493949213408 46 291.0
2 0.0 6.08695652173913 16.0 4.324740644537205 46 280.0
3 0.0 6.434782608695652 17.0 4.410352336204965 46 296.0
4 0.0 6.5 18.0 4.708148963941845 46 299.0
5 0.0 6.804347826086956 19.0 4.89271369926702 46 313.0
6 1.0 7.173913043478261 19.0 4.9320013869786585 46 330.0
7 0.0 7.3478260869565215 20.0 5.388124354352916 46 338.0
8 0.0 7.6521739130434785 20.0 5.546640189457428 46 352.0
