##ver, min, mean, max, stddev, count
0 682.0 879.8461538461538 1430.0 173.70561598762723 13 11438.0
1 733.0 940.6923076923077 1438.0 199.00057982134314 13 12229.0
2 678.0 865.2307692307693 1359.0 155.71884591904404 13 11248.0
3 716.0 906.6923076923077 1445.0 169.39617499390036 13 11787.0
4 614.0 793.9230769230769 1309.0 166.67806371288611 13 10321.0
5 608.0 739.3846153846154 786.0 56.250242164720895 13 9612.0
6 627.0 774.3076923076923 835.0 64.21238797327793 13 10066.0
7 610.0 767.9230769230769 836.0 68.22934551747942 13 9983.0
8 707.0 885.6153846153846 953.0 74.91165737224355 13 11513.0
9 676.0 857.3076923076923 930.0 74.68867006378836 13 11145.0
10 724.0 897.6153846153846 1002.0 77.6482865893151 13 11669.0
11 740.0 929.1538461538462 1028.0 81.18686896480055 13 12079.0
12 676.0 854.8461538461538 941.0 74.27297192770975 13 11113.0
13 828.0 1022.0769230769231 1105.0 89.47202685612743 13 13287.0
14 726.0 881.4615384615385 959.0 85.49328958522162 13 11459.0
15 562.0 705.4615384615385 889.0 77.72131344813059 13 9171.0
16 648.0 799.5384615384615 846.0 67.06416751218615 13 10394.0
17 732.0 896.0769230769231 960.0 74.1512660472514 13 11649.0
18 680.0 838.3846153846154 905.0 79.23755260979318 13 10899.0
19 807.0 984.9230769230769 1044.0 86.42960675067846 13 12804.0
20 789.0 969.0 1052.0 84.98235110892143 13 12597.0
21 867.0 1067.0 1148.0 106.62785752325702 13 13871.0
22 816.0 1018.0 1102.0 100.84889687051614 13 13234.0
23 773.0 953.9230769230769 1014.0 79.77098630711706 13 12401.0
24 729.0 892.1538461538462 977.0 88.47207295134262 13 11598.0
25 806.0 984.8461538461538 1064.0 95.97121630454811 13 12803.0
26 756.0 937.7692307692307 1074.0 85.49868794914715 13 12191.0
27 640.0 780.3846153846154 840.0 72.69403742345776 13 10145.0
28 830.0 1010.4615384615385 1085.0 98.28666863196266 13 13136.0
29 745.0 958.2307692307693 1068.0 86.68924755138691 13 12457.0
30 649.0 835.0769230769231 934.0 77.45801178537693 13 10856.0
31 495.0 609.4615384615385 663.0 58.93444859137337 13 7923.0
32 932.0 1145.7692307692307 1232.0 92.25522012886664 13 14895.0
33 881.0 1067.8461538461538 1138.0 102.194949446182 13 13882.0
34 899.0 1096.923076923077 1163.0 85.01613723137267 13 14260.0
35 941.0 1141.5384615384614 1211.0 72.14755180024636 13 14840.0
36 944.0 1153.3076923076924 1232.0 70.67340920905663 13 14993.0
37 904.0 1106.6923076923076 1259.0 85.87819340533487 13 14387.0
38 917.0 1136.6153846153845 1206.0 91.02155281538036 13 14776.0
39 804.0 993.2307692307693 1046.0 79.78319982527007 13 12912.0
40 858.0 1071.8461538461538 1207.0 96.82445124540784 13 13934.0
41 896.0 1046.923076923077 1127.0 71.56286459989978 13 13610.0
42 896.0 1072.6153846153845 1154.0 93.09452048101298 13 13944.0
43 790.0 963.8461538461538 1054.0 93.37812569855085 13 12530.0
44 1035.0 1241.8461538461538 1351.0 114.36625824796852 13 16144.0
45 807.0 995.8461538461538 1138.0 91.69955121104843 13 12946.0
46 873.0 1144.8461538461538 1975.0 263.0629982069714 13 14883.0
47 800.0 1021.9230769230769 1334.0 125.47540365775649 13 13285.0
48 834.0 1039.0 1127.0 87.47666355472565 13 13507.0
49 884.0 1120.8461538461538 1806.0 220.28044479475327 13 14571.0
50 882.0 1130.923076923077 1945.0 256.89961124223265 13 14702.0
51 891.0 1118.6923076923076 1416.0 123.63143115418008 13 14543.0
52 827.0 1016.9230769230769 1139.0 85.06023506753075 13 13220.0
53 899.0 1102.076923076923 1214.0 87.57897534840725 13 14327.0
54 900.0 1119.076923076923 1198.0 88.69748355925093 13 14548.0
55 772.0 954.1538461538462 1059.0 79.51608448803104 13 12404.0
56 817.0 995.2307692307693 1067.0 77.75405010475215 13 12938.0
57 834.0 1049.5384615384614 1354.0 119.42962738548543 13 13644.0
