##bucket, min, mean, max, stddev, count,total
0 1686.0 1719.5 1795.0 22.233858064772395 46 79097.0
1 1627.0 1678.391304347826 1771.0 28.914032164999877 46 77206.0
2 1381.0 1716.2608695652175 1794.0 55.948164415370016 46 78948.0
3 1223.0 1605.3260869565217 1690.0 63.76800115272936 46 73845.0
4 1208.0 1599.304347826087 1703.0 65.65257702150936 46 73568.0
5 1241.0 1628.7391304347825 1693.0 62.29515222180748 46 74922.0
6 1238.0 1619.8695652173913 1674.0 61.45047100286076 46 74514.0
7 1474.0 1754.2173913043478 2079.0 67.53432478491652 46 80694.0
8 1586.0 1726.3695652173913 2152.0 70.78209399924444 46 79413.0
9 1362.0 1765.304347826087 1900.0 70.46350341850498 46 81204.0
10 1383.0 1797.8260869565217 1882.0 67.71486111230634 46 82700.0
11 1317.0 1723.9782608695652 1835.0 72.02206116660362 46 79303.0
12 1491.0 1909.3478260869565 2016.0 68.62562443069217 46 87830.0
13 1372.0 1774.804347826087 2118.0 83.58192775560397 46 81641.0
14 1207.0 1563.4347826086957 1909.0 80.5234685387263 46 71918.0
15 1299.0 1676.5869565217392 1784.0 62.909662245673644 46 77123.0
16 1351.0 1774.7826086956522 1845.0 68.00095196832933 46 81640.0
17 1339.0 1714.6304347826087 1795.0 60.5916601139325 46 78873.0
18 1423.0 1879.195652173913 2002.0 77.54500329635613 46 86443.0
19 1407.0 1840.2608695652175 1922.0 70.93422141756363 46 84652.0
20 1506.0 1970.0434782608695 2059.0 76.27084968765783 46 90622.0
21 1467.0 1920.2826086956522 2123.0 79.74199034482763 46 88333.0
22 1574.0 1836.391304347826 1931.0 48.09411064008637 46 84474.0
23 1349.0 1778.608695652174 1921.0 71.9822441874444 46 81816.0
24 1432.0 1881.7173913043478 1964.0 72.58149842104031 46 86559.0
25 1397.0 1814.3260869565217 1899.0 68.61067437127521 46 83459.0
26 1564.0 1668.0 1765.0 32.20834950409253 46 76728.0
27 1466.0 1907.8695652173913 2040.0 73.82971659934836 46 87762.0
28 1392.0 1821.3478260869565 1930.0 69.1523976900309 46 83782.0
29 1301.0 1692.1304347826087 1760.0 62.038557435643625 46 77838.0
30 1131.0 1472.9782608695652 1528.0 54.20885090931382 46 67757.0
31 1847.0 2033.5652173913043 2143.0 44.61970276006032 46 93544.0
32 1503.0 1974.2608695652175 2123.0 82.07460962985886 46 90816.0
33 1537.0 1976.3478260869565 2091.0 70.85202651890592 46 90912.0
34 1558.0 2008.608695652174 2111.0 74.06377979998638 46 92396.0
35 1808.0 2011.7608695652175 2096.0 41.752277267292044 46 92541.0
36 1513.0 1963.6739130434783 2051.0 73.96967977874479 46 90329.0
37 1540.0 2015.8695652173913 2179.0 80.75438995859322 46 92730.0
38 1540.0 1869.3695652173913 1997.0 60.42749877907949 46 85991.0
39 1675.0 1934.804347826087 2024.0 44.84522497321819 46 89001.0
40 1467.0 1919.2826086956522 1994.0 72.95406866834571 46 88287.0
41 1502.0 1968.3478260869565 2067.0 75.55254753887208 46 90544.0
42 1545.0 1850.0434782608695 1959.0 52.90660808201525 46 85102.0
43 1626.0 2140.586956521739 2232.0 82.90867159764986 46 98467.0
44 1407.0 1847.5217391304348 1918.0 69.23414030357335 46 84986.0
45 1516.0 1962.8695652173913 2058.0 74.05331673738024 46 90292.0
46 1424.0 1865.5869565217392 1984.0 72.18635638615636 46 85817.0
47 1467.0 1914.7608695652175 2008.0 74.5904923290745 46 88079.0
48 1498.0 1945.391304347826 2037.0 71.73763254182086 46 89488.0
49 1493.0 1952.3478260869565 2011.0 73.26943197429435 46 89808.0
50 1521.0 1972.5434782608695 2083.0 73.15970552207884 46 90737.0
51 1441.0 1879.0652173913043 1944.0 68.66129499180518 46 86437.0
52 1508.0 1974.7391304347825 2103.0 77.65176817979919 46 90838.0
53 1531.0 2000.0652173913043 2091.0 75.09295045295177 46 92003.0
54 1392.0 1815.6739130434783 1884.0 66.52687154587356 46 83521.0
55 1430.0 1864.2173913043478 1936.0 69.43451368607154 46 85754.0
56 1453.0 1904.195652173913 1996.0 74.02840883072972 46 87593.0
57 1444.0 1902.7826086956522 2046.0 79.51796807248543 46 87528.0
tot,1131.0,1839.657046476762,2232.0,151.90886547909554,2668
