##ver, min, mean, max, stddev, count
0 693.0 757.64 1438.0 149.96554162029815 50 37882.0
1 720.0 803.08 1634.0 195.97624179205695 50 40154.0
2 680.0 754.44 1411.0 174.22284111834173 50 37722.0
3 732.0 807.38 1546.0 189.74654308378032 50 40369.0
4 638.0 699.16 1231.0 146.60099395492318 50 34958.0
5 607.0 681.88 1210.0 127.67826913051125 50 34094.0
6 635.0 715.04 1390.0 144.42256028185952 50 35752.0
7 619.0 703.46 1340.0 139.56626836491017 50 35173.0
8 711.0 815.18 1581.0 165.44111598131482 50 40759.0
9 690.0 784.0 1436.0 148.9155355719942 50 39200.0
10 732.0 817.08 1468.0 151.36438531853238 50 40854.0
11 741.0 859.44 1737.0 177.60253261661762 50 42972.0
12 681.0 793.12 1441.0 157.94517777910622 50 39656.0
13 841.0 956.06 1744.0 181.59749279038826 50 47803.0
14 768.0 830.52 1471.0 156.39317799203707 50 41526.0
15 591.0 650.56 1187.0 142.88801952035374 50 32528.0
16 696.0 752.36 1354.0 143.80170019715285 50 37618.0
17 738.0 836.34 1520.0 159.69097836580679 50 41817.0
18 694.0 783.9 1406.0 148.0667596259284 50 39195.0
19 814.0 925.16 1648.0 170.10541269627907 50 46258.0
20 790.0 893.74 1606.0 167.72740396493455 50 44687.0
21 888.0 1008.74 1907.0 200.09373415721845 50 50437.0
22 842.0 957.14 1777.0 185.69362632342248 50 47857.0
23 775.0 887.16 1611.0 164.87439374956233 50 44358.0
24 738.0 833.12 1529.0 159.05058109588526 50 41656.0
25 818.0 928.52 1745.0 180.2187151938512 50 46426.0
26 762.0 871.64 1626.0 180.8438000043131 50 43582.0
27 647.0 737.6 1322.0 142.65199555819294 50 36880.0
28 838.0 954.46 1730.0 182.47026148534619 50 47723.0
29 763.0 876.46 1600.0 166.56790121234556 50 43823.0
30 687.0 766.94 1376.0 143.76204971679945 50 38347.0
31 499.0 568.66 1028.0 105.53858178362054 50 28433.0
32 938.0 1055.62 1886.0 195.56781693419845 50 52781.0
33 895.0 1001.1 1787.0 186.27138967711846 50 50055.0
34 897.0 1018.16 1900.0 196.14242638595923 50 50908.0
35 919.0 1037.24 1890.0 196.2248356412841 50 51862.0
36 908.0 1031.52 1854.0 192.8671150860941 50 51576.0
37 868.0 995.88 1778.0 184.46067442184872 50 49794.0
38 914.0 1053.38 1913.0 201.74887299586592 50 52669.0
39 838.0 918.06 1658.0 178.44240024187533 50 45903.0
40 863.0 978.64 1786.0 191.13386269677008 50 48932.0
41 845.0 969.26 1740.0 180.59502671300055 50 48463.0
42 892.0 1007.0 1802.0 187.24195849330397 50 50350.0
43 786.0 902.78 1627.0 170.0148000760462 50 45139.0
44 1004.0 1154.06 2062.0 215.3468403126757 50 57703.0
45 801.0 902.46 1635.0 168.01739584377103 50 45123.0
46 926.0 1005.44 1817.0 188.20301240296615 50 50272.0
47 854.0 912.94 1645.0 168.29546539782166 50 45647.0
48 835.0 955.68 1728.0 177.2237649333262 50 47784.0
49 863.0 982.74 1778.0 186.3785712916984 50 49137.0
50 855.0 986.12 1782.0 188.54411490499012 50 49306.0
51 900.0 1009.06 1829.0 192.5633116135881 50 50453.0
52 835.0 930.76 1687.0 174.18996901693978 50 46538.0
53 937.0 1012.84 1814.0 194.24068385718306 50 50642.0
54 965.0 1033.48 1859.0 193.21493160705347 50 51674.0
55 771.0 874.34 1591.0 165.8199921478661 50 43717.0
56 794.0 921.14 1709.0 175.06057377318263 50 46057.0
57 843.0 952.24 1766.0 181.93075157143426 50 47612.0
