##bucket, min, mean, max, stddev, count,total
0 1314.0 1566.1666666666667 1636.0 124.66983061938708 6 9397.0
1 1304.0 1586.6666666666667 1827.0 166.50845824361798 6 9520.0
2 1236.0 1509.6666666666667 1662.0 182.44195423933243 6 9058.0
3 1168.0 1420.3333333333333 1561.0 178.56614087409366 6 8522.0
4 1147.0 1414.6666666666667 1560.0 179.5067315358025 6 8488.0
5 1166.0 1464.0 1549.0 149.32916660853633 6 8784.0
6 1160.0 1484.1666666666667 1645.0 166.44568683707809 6 8905.0
7 1463.0 1623.3333333333333 1676.0 80.22883937005861 6 9740.0
8 1312.0 1546.1666666666667 1647.0 125.70985111226037 6 9277.0
9 1271.0 1544.8333333333333 1689.0 190.8417319840361 6 9269.0
10 1306.0 1591.8333333333333 1812.0 216.4055606186372 6 9551.0
11 1252.0 1520.8333333333333 1680.0 186.2518903707199 6 9125.0
12 1387.0 1765.6666666666667 1920.0 190.7560396597357 6 10594.0
13 1303.0 1632.0 1728.0 163.58606297603717 6 9792.0
14 1120.0 1367.5 1517.0 182.69181700338962 6 8205.0
15 1211.0 1479.0 1641.0 192.9321124126308 6 8874.0
16 1284.0 1570.8333333333333 1764.0 208.3837005782042 6 9425.0
17 1249.0 1511.0 1707.0 193.17660313816472 6 9066.0
18 1359.0 1652.3333333333333 1814.0 203.09669289938392 6 9914.0
19 1340.0 1659.5 1966.0 240.37616354372577 6 9957.0
20 1428.0 1762.0 2068.0 256.8010903403644 6 10572.0
21 1392.0 1678.6666666666667 1843.0 215.23351659689686 6 10072.0
22 1418.0 1640.8333333333333 1760.0 161.12158969755316 6 9845.0
23 1289.0 1579.1666666666667 1708.0 173.07734301943356 6 9475.0
24 1367.0 1676.0 1795.0 183.38484124921558 6 10056.0
25 1309.0 1617.6666666666667 1740.0 175.88822208057783 6 9706.0
26 1329.0 1560.1666666666667 1809.0 164.90047503469074 6 9361.0
27 1380.0 1677.5 1855.0 218.92167549148712 6 10065.0
28 1322.0 1613.1666666666667 1775.0 211.42603119452124 6 9679.0
29 1230.0 1491.0 1645.0 190.47309521294602 6 8946.0
30 1109.0 1313.1666666666667 1447.0 159.21735667529046 6 7879.0
31 1500.0 1810.5 1950.0 170.3980633692766 6 10863.0
32 1428.0 1743.0 1971.0 237.13793454443345 6 10458.0
33 1432.0 1737.1666666666667 1915.0 217.80304558629723 6 10423.0
34 1506.0 1766.0 1957.0 197.47101053065992 6 10596.0
35 1524.0 1791.5 1988.0 183.3932932252431 6 10749.0
36 1424.0 1764.0 2041.0 247.47282679114488 6 10584.0
37 1457.0 1782.1666666666667 1988.0 224.90034830267973 6 10693.0
38 1415.0 1672.0 1789.0 149.62887421884855 6 10032.0
39 1470.0 1718.3333333333333 1848.0 185.64230839619148 6 10310.0
40 1414.0 1699.8333333333333 1845.0 207.49594373545395 6 10199.0
41 1432.0 1785.6666666666667 2060.0 230.00753610842116 6 10714.0
42 1492.0 1674.3333333333333 1765.0 116.69732930391623 6 10046.0
43 1573.0 1903.8333333333333 2078.0 204.19541294227614 6 11423.0
44 1346.0 1635.5 1777.0 181.62241051147845 6 9813.0
45 1480.0 1746.1666666666667 1952.0 199.13956579913162 6 10477.0
46 1351.0 1654.5 1826.0 205.62563069812091 6 9927.0
47 1387.0 1688.1666666666667 1863.0 204.2580883751404 6 10129.0
48 1413.0 1724.8333333333333 1889.0 214.450382761763 6 10349.0
49 1411.0 1713.1666666666667 1867.0 206.03049936032934 6 10279.0
50 1432.0 1750.3333333333333 1981.0 220.04242015272115 6 10502.0
51 1380.0 1680.5 1855.0 206.25493933479507 6 10083.0
52 1422.0 1741.3333333333333 1909.0 210.18055729935313 6 10448.0
53 1454.0 1774.3333333333333 1954.0 219.3888480909334 6 10646.0
54 1313.0 1635.3333333333333 1978.0 243.87428455387965 6 9812.0
55 1353.0 1631.1666666666667 1769.0 185.6194134961822 6 9787.0
56 1406.0 1689.5 1896.0 200.3734014284331 6 10137.0
57 1366.0 1697.0 2010.0 242.16192929525482 6 10182.0
tot,1109.0,1640.1724137931028,2078.0,214.0443250115759,348
