##bucket, min, mean, max, stddev, count,total
0 1335.0 1642.5384615384614 1724.0 132.36981993932463 13 21353.0
1 1306.0 1603.3846153846155 1703.0 128.3663627159509 13 20844.0
2 1302.0 1623.7692307692307 1793.0 176.19835122485958 13 21109.0
3 1220.0 1509.076923076923 1621.0 156.2015052949563 13 19618.0
4 1209.0 1499.7692307692307 1626.0 152.38720082198168 13 19497.0
5 1234.0 1541.3846153846155 1676.0 160.87600735843034 13 20038.0
6 1225.0 1519.923076923077 1627.0 157.23679676338568 13 19759.0
7 1355.0 1658.1538461538462 1783.0 151.09260193329902 13 21556.0
8 1334.0 1634.076923076923 1716.0 135.60264349590287 13 21243.0
9 1335.0 1651.076923076923 1764.0 165.85106850146286 13 21464.0
10 1360.0 1688.3076923076924 1805.0 172.5806017562927 13 21948.0
11 1298.0 1611.3076923076924 1732.0 162.50558175817872 13 20947.0
12 1461.0 1796.076923076923 1932.0 184.0269280741551 13 23349.0
13 1345.0 1654.6923076923076 1766.0 171.41731953305487 13 21511.0
14 1167.0 1452.076923076923 1549.0 151.26161748135883 13 18877.0
15 1265.0 1579.5384615384614 1741.0 170.2143821697682 13 20534.0
16 1339.0 1676.8461538461538 1842.0 167.54146061689036 13 21799.0
17 1298.0 1613.923076923077 1744.0 167.65264762720048 13 20981.0
18 1417.0 1777.923076923077 1898.0 167.39298150284034 13 23113.0
19 1393.0 1728.1538461538462 1846.0 174.98421174201502 13 22466.0
20 1509.0 1880.2307692307693 2190.0 196.76896513684682 13 24443.0
21 1467.0 1818.1538461538462 1981.0 161.4351501139318 13 23636.0
22 1411.0 1729.4615384615386 1822.0 155.55632173193487 13 22483.0
23 1345.0 1686.8461538461538 1839.0 165.32334285365664 13 21929.0
24 1426.0 1759.923076923077 1898.0 182.98062809054477 13 22879.0
25 1369.0 1703.923076923077 1845.0 177.16821645847466 13 22151.0
26 1277.0 1573.076923076923 1729.0 146.22155651525387 13 20450.0
27 1460.0 1795.3846153846155 1903.0 161.06962183143995 13 23340.0
28 1379.0 1715.076923076923 1833.0 168.9010862104709 13 22296.0
29 1284.0 1594.5384615384614 1699.0 154.0235995903525 13 20729.0
30 1119.0 1382.923076923077 1478.0 142.3958458771776 13 17978.0
31 1563.0 1933.076923076923 2091.0 172.5299305137428 13 25130.0
32 1529.0 1846.7692307692307 1973.0 181.2282878242034 13 24008.0
33 1504.0 1859.1538461538462 2011.0 186.44965636593264 13 24169.0
34 1517.0 1888.076923076923 2070.0 196.64284949219552 13 24545.0
35 1565.0 1911.2307692307693 2035.0 156.97725623273894 13 24846.0
36 1504.0 1837.8461538461538 2007.0 188.6300816209008 13 23892.0
37 1535.0 1890.2307692307693 2056.0 194.65745719346498 13 24573.0
38 1410.0 1734.8461538461538 1853.0 175.04563507546928 13 22553.0
39 1492.0 1819.1538461538462 1917.0 150.72980580818898 13 23649.0
40 1456.0 1806.8461538461538 1980.0 188.2723409292357 13 23489.0
41 1490.0 1869.3846153846155 2048.0 205.86425076634782 13 24302.0
42 1403.0 1743.7692307692307 1885.0 181.14872059818413 13 22669.0
43 1662.0 2011.3846153846155 2159.0 184.55917680676228 13 26148.0
44 1405.0 1737.6153846153845 1862.0 175.34848087049323 13 22589.0
45 1480.0 1843.923076923077 2017.0 188.6241684490005 13 23971.0
46 1418.0 1743.3846153846155 1873.0 172.69555990313248 13 22664.0
47 1471.0 1787.8461538461538 1914.0 171.63034218626484 13 23242.0
48 1473.0 1820.7692307692307 1975.0 183.3190087643913 13 23670.0
49 1475.0 1819.5384615384614 1931.0 182.0497255260292 13 23654.0
50 1495.0 1852.1538461538462 1968.0 187.23018193026738 13 24078.0
51 1431.0 1778.8461538461538 1886.0 159.02507462338875 13 23125.0
52 1489.0 1857.2307692307693 1990.0 192.1705639296134 13 24144.0
53 1510.0 1880.7692307692307 2002.0 191.9857433275337 13 24450.0
54 1376.0 1707.7692307692307 1830.0 177.21181010594535 13 22201.0
55 1409.0 1751.4615384615386 1869.0 175.52474440213808 13 22769.0
56 1445.0 1801.3076923076924 1941.0 171.81743441580883 13 23417.0
57 1434.0 1776.3076923076924 1894.0 168.581031265573 13 23092.0
tot,1119.0,1731.2453580901856,2190.0,208.87132853537983,754
