##bucket, min, mean, max, stddev, count,total
0 1245.0 1293.86 1572.0 48.26119834096665 50 64693.0
1 1202.0 1264.86 1565.0 59.513678756935136 50 63243.0
2 1170.0 1291.14 1366.0 30.211506120033413 50 64557.0
3 1148.0 1216.62 1418.0 38.720289465944475 50 60831.0
4 1119.0 1203.42 1288.0 27.522228493065192 50 60171.0
5 1148.0 1239.18 1475.0 52.749190921351044 50 61959.0
6 1142.0 1224.52 1297.0 31.747884390385853 50 61226.0
7 1257.0 1323.1 1424.0 30.455219719503994 50 66155.0
8 1237.0 1308.0 1643.0 63.92342357565537 50 65400.0
9 1238.0 1327.44 1433.0 31.505853035748835 50 66372.0
10 1278.0 1353.36 1451.0 26.248234148574024 50 67668.0
11 1221.0 1289.48 1319.0 16.36102885842215 50 64474.0
12 1351.0 1439.04 1766.0 51.465843636576004 50 71952.0
13 1264.0 1323.46 1397.0 21.00943422680897 50 66173.0
14 1095.0 1167.8 1234.0 24.77243365896365 50 58390.0
15 1179.0 1265.52 1441.0 37.342999234618716 50 63276.0
16 1250.0 1338.82 1545.0 41.08611662827039 50 66941.0
17 1211.0 1287.56 1375.0 26.260982153633737 50 64378.0
18 1326.0 1409.22 1513.0 33.55184231080284 50 70461.0
19 1288.0 1391.16 1538.0 38.839470771316115 50 69558.0
20 1375.0 1481.46 1581.0 34.856094832020055 50 74073.0
21 1340.0 1437.74 1484.0 26.645679666654395 50 71887.0
22 1301.0 1380.2 1478.0 26.579107953274818 50 69010.0
23 1259.0 1336.94 1412.0 27.49724290446115 50 66847.0
24 1336.0 1415.88 1497.0 25.232502524986867 50 70794.0
25 1276.0 1362.88 1632.0 44.24405413759698 50 68144.0
26 1210.0 1253.6 1387.0 33.26578189217802 50 62680.0
27 1389.0 1434.06 1521.0 22.775219257888555 50 71703.0
28 1286.0 1369.84 1433.0 23.787631840337298 50 68492.0
29 1202.0 1280.56 1591.0 50.262234778190674 50 64028.0
30 1040.0 1113.72 1205.0 24.717208745391645 50 55686.0
31 1468.0 1528.24 1747.0 43.03086694692638 50 76412.0
32 1386.0 1484.26 1765.0 48.2399656479385 50 74213.0
33 1397.0 1494.24 1571.0 32.09142551892537 50 74712.0
34 1420.0 1515.78 1627.0 32.22389150418474 50 75789.0
35 1430.0 1521.16 1735.0 44.33884370644424 50 76058.0
36 1387.0 1479.36 1617.0 34.61671178338401 50 73968.0
37 1428.0 1521.26 1702.0 41.566180326544014 50 76063.0
38 1306.0 1401.14 1485.0 25.823585169770833 50 70057.0
39 1395.0 1458.16 1595.0 28.853153896860544 50 72908.0
40 1376.0 1446.42 1505.0 22.25005388665798 50 72321.0
41 1394.0 1481.1 1571.0 27.285527299284503 50 74055.0
42 1336.0 1398.76 1511.0 32.010559482260646 50 69938.0
43 1540.0 1617.46 1760.0 38.87458117104916 50 80873.0
44 1304.0 1403.3 1746.0 57.39097916742593 50 70165.0
45 1372.0 1475.84 1687.0 41.60816246451493 50 73792.0
46 1337.0 1401.54 1481.0 27.51712639244801 50 70077.0
47 1344.0 1437.16 1500.0 26.211354448803608 50 71858.0
48 1365.0 1461.86 1546.0 27.045698288607138 50 73093.0
49 1376.0 1463.58 1498.0 21.55495113349476 50 73179.0
50 1378.0 1485.68 1558.0 28.187737962251802 50 74284.0
51 1330.0 1419.52 1583.0 33.735005739511855 50 70976.0
52 1390.0 1481.24 1551.0 24.783602215487367 50 74062.0
53 1408.0 1504.22 1660.0 33.48060053590583 50 75211.0
54 1283.0 1361.96 1420.0 20.678254377041426 50 68098.0
55 1307.0 1398.46 1440.0 20.25068403984499 50 69923.0
56 1350.0 1435.0 1601.0 37.333029639192375 50 71750.0
57 1336.0 1434.0 1626.0 44.18190598340604 50 71700.0
tot,1040.0,1385.088620689655,1766.0,108.12064509608093,2900
