##ver, min, mean, max, stddev, count,total
0 0.0 8.459999999999999 24.0 5.515136869913344 50 423.0
1 0.0 0.4 1.0 0.4948716593053935 50 20.0
2 0.0 0.23999999999999994 1.0 0.43141911058690013 50 12.0
3 0.0 0.4000000000000001 1.0 0.49487165930539345 50 20.0
4 0.0 0.21999999999999997 1.0 0.4184519575964802 50 11.0
5 0.0 0.26000000000000006 1.0 0.4430874976934521 50 13.0
6 0.0 0.29999999999999993 1.0 0.4629100498862757 50 15.0
7 0.0 0.23999999999999994 1.0 0.43141911058690013 50 12.0
8 0.0 0.21999999999999997 1.0 0.41845195759648013 50 11.0
