##bucket, min, mean, max, stddev, count,total
0 1218.0 1258.66 1579.0 54.062930073787754 50 62933.0
1 1179.0 1219.82 1532.0 48.51496297693177 50 60991.0
2 1181.0 1251.64 1327.0 26.27310256454968 50 62582.0
3 1120.0 1167.6 1217.0 17.505684208046162 50 58380.0
4 1103.0 1160.9 1222.0 20.95695296437486 50 58045.0
5 1135.0 1190.52 1253.0 20.126376236376064 50 59526.0
6 1127.0 1184.66 1302.0 25.89114575625089 50 59233.0
7 1247.0 1278.82 1511.0 37.24858030440727 50 63941.0
8 1220.0 1253.78 1342.0 24.50929852700224 50 62689.0
9 1215.0 1284.36 1382.0 28.40433999606829 50 64218.0
10 1254.0 1311.9 1425.0 25.999411296317884 50 65595.0
11 1194.0 1257.06 1370.0 29.65613127919722 50 62853.0
12 1337.0 1401.14 1490.0 32.05989929580476 50 70057.0
13 1235.0 1289.5 1353.0 27.92062364077486 50 64475.0
14 1076.0 1133.44 1284.0 30.720039328206116 50 56672.0
15 1165.0 1227.84 1386.0 34.33767491207503 50 61392.0
16 1221.0 1295.06 1401.0 28.207981212444686 50 64753.0
17 1200.0 1251.26 1350.0 26.83343178247035 50 62563.0
18 1298.0 1366.68 1492.0 29.98328786208091 50 68334.0
19 1274.0 1342.16 1416.0 24.912385248617007 50 67108.0
20 1362.0 1440.78 1667.0 45.681814360479436 50 72039.0
21 1338.0 1395.22 1473.0 23.18100031297623 50 69761.0
22 1266.0 1339.66 1419.0 27.764027526455806 50 66983.0
23 1231.0 1301.5 1387.0 29.16683187513949 50 65075.0
24 1300.0 1377.32 1503.0 32.75851034464175 50 68866.0
25 1289.0 1323.24 1460.0 30.82045437957178 50 66162.0
26 1151.0 1209.44 1321.0 25.671519993477407 50 60472.0
27 1321.0 1386.96 1486.0 25.670566008245196 50 69348.0
28 1266.0 1333.42 1488.0 32.54453150088727 50 66671.0
29 1200.0 1243.84 1462.0 38.531386623141934 50 62192.0
30 1050.0 1075.96 1152.0 17.67387094797611 50 53798.0
31 1412.0 1476.12 1565.0 27.917253826701675 50 73806.0
32 1388.0 1439.44 1518.0 28.927185151969528 50 71972.0
33 1410.0 1453.32 1590.0 33.04940025390562 50 72666.0
34 1391.0 1465.12 1529.0 26.481907570479663 50 73256.0
35 1398.0 1459.42 1508.0 23.571073590400626 50 72971.0
36 1369.0 1428.46 1537.0 26.790350075033672 50 71423.0
37 1426.0 1470.02 1610.0 28.139949088331306 50 73501.0
38 1291.0 1359.14 1439.0 25.384399837341842 50 67957.0
39 1331.0 1411.58 1494.0 27.33174128431361 50 70579.0
40 1369.0 1407.9 1542.0 30.31215153386913 50 70395.0
41 1374.0 1440.5 1540.0 29.212975870042296 50 72025.0
42 1281.0 1354.72 1448.0 32.032534481463095 50 67736.0
43 1516.0 1562.6 1666.0 31.74644444176194 50 78130.0
44 1317.0 1354.26 1423.0 24.85370255338719 50 67713.0
45 1375.0 1431.66 1512.0 24.067600373844954 50 71583.0
46 1293.0 1356.82 1410.0 20.590953036194694 50 67841.0
47 1334.0 1395.22 1478.0 22.56264747817706 50 69761.0
48 1345.0 1423.02 1553.0 31.045384815900526 50 71151.0
49 1354.0 1420.68 1488.0 25.399212586220074 50 71034.0
50 1369.0 1437.36 1537.0 28.580541403877838 50 71868.0
51 1304.0 1372.94 1457.0 28.453621411492964 50 68647.0
52 1365.0 1440.36 1506.0 26.97751142060697 50 72018.0
53 1374.0 1454.94 1505.0 24.35654377143432 50 72747.0
54 1265.0 1323.1 1370.0 22.096495243382293 50 66155.0
55 1294.0 1358.68 1447.0 26.557938203720806 50 67934.0
56 1326.0 1392.18 1535.0 36.55171901929246 50 69609.0
57 1321.0 1385.42 1516.0 36.19171739726184 50 69271.0
tot,1050.0,1341.881379310345,1667.0,103.89550697339767,2900
