##ver, min, mean, max, stddev, count
0 614.0 772.46 2902.0 331.94075018390413 50 38623.0
1 635.0 683.62 1408.0 108.95138215492902 50 34181.0
2 599.0 638.46 1142.0 76.60372719658072 50 31923.0
3 631.0 674.06 1145.0 73.8081932291741 50 33703.0
4 556.0 585.04 697.0 28.572828537130256 50 29252.0
5 551.0 581.46 778.0 40.90666828530626 50 29073.0
6 579.0 622.18 970.0 65.89220944319688 50 31109.0
7 568.0 598.32 855.0 41.28963896323491 50 29916.0
8 662.0 689.98 844.0 30.84622161229966 50 34499.0
9 636.0 660.44 730.0 21.204697207776146 50 33022.0
10 666.0 710.92 1336.0 95.23029872849486 50 35546.0
11 695.0 735.94 1281.0 84.79926116351223 50 36797.0
12 638.0 668.22 957.0 45.88463350443952 50 33411.0
13 777.0 814.42 1172.0 58.251071637685556 50 40721.0
14 669.0 705.06 1067.0 60.266554165809154 50 35253.0
15 519.0 550.36 866.0 52.93228635507359 50 27518.0
16 603.0 636.94 885.0 42.884472238604886 50 31847.0
17 675.0 713.78 1077.0 57.66026113612142 50 35689.0
18 634.0 669.02 900.0 43.27061971606421 50 33451.0
19 743.0 794.9 1066.0 62.25728381286083 50 39745.0
20 721.0 766.84 1045.0 52.87812710876409 50 38342.0
21 814.0 874.32 1416.0 90.97845450255498 50 43716.0
22 777.0 829.3 1254.0 71.57905576696159 50 41465.0
23 716.0 754.94 1055.0 47.89632085056647 50 37747.0
24 676.0 719.66 1088.0 60.00122787859241 50 35983.0
25 754.0 794.82 1244.0 67.79431377034388 50 39741.0
26 701.0 741.96 1126.0 59.68589892606331 50 37098.0
27 591.0 629.62 915.0 50.28364037931142 50 31481.0
28 769.0 818.4 1094.0 62.92917950087273 50 40920.0
29 717.0 762.92 1534.0 119.45126920332707 50 38146.0
30 620.0 656.5 788.0 31.23528224849036 50 32825.0
31 461.0 491.16 691.0 35.59600986581708 50 24558.0
32 857.0 898.28 1139.0 45.53627842787795 50 44914.0
33 820.0 851.64 1068.0 36.697750584459314 50 42582.0
34 827.0 860.24 1045.0 31.948019005367883 50 43012.0
35 846.0 877.14 1072.0 34.2166029635811 50 43857.0
36 839.0 868.7 955.0 24.202588831000064 50 43435.0
37 812.0 840.8 986.0 31.912507943834594 50 42040.0
38 849.0 883.8 1156.0 45.22821947340724 50 44190.0
39 744.0 781.26 1120.0 63.89047068928168 50 39063.0
40 795.0 836.24 1159.0 69.56000492894093 50 41812.0
41 782.0 821.26 1130.0 64.82560907416709 50 41063.0
42 822.0 861.58 1160.0 54.33309586359357 50 43079.0
43 733.0 757.8 893.0 25.56783693851097 50 37890.0
44 938.0 975.24 1117.0 32.416020226840594 50 48762.0
45 729.0 759.62 853.0 19.980490484470096 50 37981.0
46 809.0 838.54 940.0 22.035416761131035 50 41927.0
47 738.0 766.56 1078.0 46.57237509993429 50 38328.0
48 778.0 809.62 1034.0 39.48540934345758 50 40481.0
49 797.0 828.54 885.0 21.107315686988823 50 41427.0
50 805.0 835.3 923.0 24.410812258137593 50 41765.0
51 823.0 857.94 1164.0 50.88779573829113 50 42897.0
52 760.0 788.98 1042.0 40.05633278170091 50 39449.0
53 816.0 855.2 963.0 27.122548793600213 50 42760.0
54 843.0 866.44 958.0 19.50108317242812 50 43322.0
55 709.0 738.2 1016.0 43.086055322636675 50 36910.0
56 746.0 765.56 841.0 18.67024261180538 50 38278.0
57 772.0 792.9 1059.0 39.759609286463636 50 39645.0
