##ver, min, mean, max, stddev, count
0 638.0 820.8333333333334 1034.0 128.56969575551878 6 4925.0
1 738.0 912.8333333333334 1422.0 252.23434870506176 6 5477.0
2 764.0 890.8333333333334 1358.0 231.06139155355808 6 5345.0
3 823.0 961.6666666666666 1413.0 228.23817968663056 6 5770.0
4 715.0 819.8333333333334 1074.0 144.02141044534548 6 4919.0
5 616.0 725.1666666666666 819.0 66.16771619654608 6 4351.0
6 599.0 701.3333333333334 775.0 74.56719564705828 6 4208.0
7 575.0 690.8333333333334 747.0 74.37853633049436 6 4145.0
8 687.0 799.8333333333334 864.0 81.74941386130341 6 4799.0
9 651.0 785.3333333333334 902.0 101.97973654930996 6 4712.0
10 713.0 833.5 907.0 69.4600604664292 6 5001.0
11 752.0 880.0 930.0 65.78449665384694 6 5280.0
12 703.0 800.6666666666666 831.0 48.75517066595774 6 4804.0
13 836.0 989.8333333333334 1068.0 79.92600744855623 6 5939.0
14 856.0 895.8333333333334 988.0 53.19555119243213 6 5375.0
15 660.0 720.8333333333334 925.0 103.22483551290681 6 4325.0
16 646.0 774.3333333333334 857.0 69.35031843233791 6 4646.0
17 785.0 901.8333333333334 1081.0 96.94207892688637 6 5411.0
18 692.0 808.0 865.0 59.37676313171677 6 4848.0
19 822.0 935.0 984.0 65.09992319503918 6 5610.0
20 754.0 907.0 1043.0 107.63270878315754 6 5442.0
21 845.0 998.8333333333334 1072.0 93.81986285785472 6 5993.0
22 800.0 944.6666666666666 1021.0 104.14349075514353 6 5668.0
23 769.0 897.6666666666666 975.0 78.21934969473133 6 5386.0
24 747.0 916.1666666666666 1220.0 158.69267994040138 6 5497.0
25 831.0 986.6666666666666 1105.0 90.11030277757736 6 5920.0
26 761.0 908.0 1017.0 83.42661445845684 6 5448.0
27 663.0 782.0 889.0 72.09715667070374 6 4692.0
28 805.0 1053.0 1458.0 216.78191806513752 6 6318.0
29 747.0 874.8333333333334 950.0 85.33092444516622 6 5249.0
30 635.0 759.5 841.0 89.8882639725565 6 4557.0
31 468.0 563.5 613.0 67.82846010341086 6 3381.0
32 867.0 1059.3333333333333 1145.0 114.09937189426884 6 6356.0
33 824.0 1003.6666666666666 1150.0 131.67029530864835 6 6022.0
34 872.0 1040.8333333333333 1110.0 84.74294464241059 6 6245.0
35 898.0 1086.0 1185.0 99.41629645083346 6 6516.0
36 875.0 1050.3333333333333 1099.0 86.48159727171247 6 6302.0
37 874.0 1015.0 1162.0 116.34431657799189 6 6090.0
38 867.0 1039.8333333333333 1106.0 97.77405927272666 6 6239.0
39 747.0 906.5 1008.0 115.07345480170481 6 5439.0
40 831.0 973.5 1064.0 100.21726398181104 6 5841.0
41 804.0 989.0 1054.0 91.96086123998622 6 5934.0
42 851.0 987.6666666666666 1064.0 101.2436006208129 6 5926.0
43 738.0 885.5 977.0 111.81905025531204 6 5313.0
44 963.0 1134.5 1234.0 127.057073789695 6 6807.0
45 758.0 940.0 1025.0 95.3226101195304 6 5640.0
46 837.0 990.8333333333334 1056.0 90.09642982197833 6 5945.0
47 754.0 887.8333333333334 970.0 101.44834481974887 6 5327.0
48 780.0 940.5 1031.0 114.69917174940716 6 5643.0
49 806.0 958.0 1040.0 111.09095372711498 6 5748.0
50 803.0 973.5 1068.0 121.70250613689103 6 5841.0
51 820.0 985.5 1077.0 109.9413479997403 6 5913.0
52 752.0 940.8333333333334 995.0 93.01057287570413 6 5645.0
53 825.0 1004.6666666666666 1076.0 98.2316988892418 6 6028.0
54 836.0 1005.3333333333334 1121.0 123.94622489881112 6 6032.0
55 711.0 850.5 926.0 99.59668669187745 6 5103.0
56 770.0 914.5 967.0 78.33453899781374 6 5487.0
57 792.0 938.3333333333334 1004.0 88.34855214810634 6 5630.0
