##bucket, min, mean, max, stddev, count,total
0 0.0 0.47999999999999976 4.0 0.7886956423909859 50 24.0
1 0.0 0.3600000000000001 2.0 0.5252793231671494 50 18.0
2 0.0 0.27999999999999997 1.0 0.45355736761107274 50 14.0
3 0.0 0.42000000000000004 1.0 0.49856938190328964 50 21.0
4 0.0 0.19999999999999996 1.0 0.40406101782088427 50 10.0
5 0.0 0.26 1.0 0.443087497693452 50 13.0
6 0.0 0.2 1.0 0.4040610178208843 50 10.0
7 0.0 0.38000000000000006 1.0 0.4903143514780144 50 19.0
8 0.0 0.19999999999999998 1.0 0.4040610178208843 50 10.0
tot,0.0,0.3088888888888896,4.0,0.5084244505580593,450
