##bucket, min, mean, max, stddev, count,total
0 1341.0 1504.66 1603.0 33.41123482071409 50 75233.0
1 1295.0 1460.92 1673.0 44.88572337910246 50 73046.0
2 1321.0 1497.86 1596.0 46.32494369303933 50 74893.0
3 1234.0 1401.86 1487.0 42.80664167426091 50 70093.0
4 1213.0 1393.12 1477.0 40.974676101619806 50 69656.0
5 1255.0 1426.98 1603.0 47.69995079790386 50 71349.0
6 1240.0 1416.66 1504.0 44.11886079162765 50 70833.0
7 1354.0 1537.6 1667.0 46.99326916632611 50 76880.0
8 1329.0 1504.96 1593.0 37.29691129083928 50 75248.0
9 1349.0 1541.48 1703.0 51.701355921113255 50 77074.0
10 1375.0 1570.38 1653.0 46.98019122297118 50 78519.0
11 1318.0 1501.24 1594.0 41.900543077674804 50 75062.0
12 1466.0 1675.48 1818.0 52.52452876941382 50 83774.0
13 1358.0 1541.2 1621.0 44.27603580876201 50 77060.0
14 1181.0 1353.36 1446.0 42.28559845543982 50 67668.0
15 1275.0 1462.66 1532.0 46.379362933555356 50 73133.0
16 1349.0 1543.4 1610.0 45.94273276457934 50 77170.0
17 1310.0 1494.2 1580.0 45.61954468364253 50 74710.0
18 1430.0 1637.56 1722.0 42.85483803326227 50 81878.0
19 1405.0 1612.26 1716.0 52.503375984749006 50 80613.0
20 1504.0 1721.72 1855.0 51.591820266078486 50 86086.0
21 1430.0 1678.26 1860.0 65.24265851263203 50 83913.0
22 1445.0 1612.5 1752.0 44.37054087972315 50 80625.0
23 1352.0 1555.84 1634.0 42.619512633802564 50 77792.0
24 1401.0 1643.58 1739.0 53.60021702666996 50 82179.0
25 1373.0 1581.62 1659.0 45.52679856694409 50 79081.0
26 1232.0 1456.32 1602.0 46.80329658719107 50 72816.0
27 1411.0 1669.78 1865.0 52.64602238981959 50 83489.0
28 1359.0 1589.64 1676.0 52.529781640357804 50 79482.0
29 1258.0 1479.1 1540.0 48.44868945806565 50 73955.0
30 1099.0 1284.06 1360.0 41.17528979613767 50 64203.0
31 1511.0 1779.88 1985.0 58.78381007157166 50 88994.0
32 1472.0 1720.82 1899.0 59.835724091474155 50 86041.0
33 1485.0 1733.06 1837.0 58.22279867641442 50 86653.0
34 1506.0 1753.62 1818.0 55.82329628536159 50 87681.0
35 1496.0 1752.76 1838.0 49.23892603149153 50 87638.0
36 1458.0 1710.56 1795.0 56.84607214546444 50 85528.0
37 1511.0 1765.72 1960.0 65.99166304796944 50 88286.0
38 1406.0 1635.8 1842.0 59.07656740473782 50 81790.0
39 1435.0 1694.24 1749.0 44.45201953585828 50 84712.0
40 1440.0 1677.02 1764.0 55.39007868135349 50 83851.0
41 1470.0 1721.16 1830.0 59.52579958578072 50 86058.0
42 1381.0 1617.02 1707.0 55.58501119355609 50 80851.0
43 1604.0 1867.82 1960.0 54.757234169354746 50 93391.0
44 1402.0 1618.9 1767.0 56.05218049974067 50 80945.0
45 1488.0 1714.14 1785.0 54.868678102672504 50 85707.0
46 1403.0 1629.38 1717.0 53.18849422917844 50 81469.0
47 1446.0 1668.58 1755.0 54.64695222750396 50 83429.0
48 1482.0 1698.6 1766.0 51.641622194283784 50 84930.0
49 1477.0 1699.62 1770.0 51.30695541025006 50 84981.0
50 1487.0 1718.14 1784.0 53.060231466375136 50 85907.0
51 1436.0 1645.82 1723.0 49.60401975153027 50 82291.0
52 1497.0 1722.38 1799.0 51.5862226504998 50 86119.0
53 1518.0 1746.24 1830.0 52.280077760197 50 87312.0
54 1377.0 1589.64 1739.0 52.517736556912126 50 79482.0
55 1415.0 1627.94 1714.0 48.39480913300937 50 81397.0
56 1447.0 1660.5 1744.0 51.73608459266696 50 83025.0
57 1437.0 1653.08 1740.0 50.21295060204355 50 82654.0
tot,1099.0,1606.4258620689657,1985.0,129.79382788856515,2900
