##bucket, min, mean, max, stddev, count,total
0 0.0 0.42000000000000004 3.0 0.6091144458665095 50 21.0
1 0.0 0.38 1.0 0.4903143514780145 50 19.0
2 0.0 0.3000000000000001 1.0 0.46291004988627565 50 15.0
3 0.0 0.42000000000000004 1.0 0.4985693819032897 50 21.0
4 0.0 0.27999999999999997 1.0 0.4535573676110727 50 14.0
5 0.0 0.2 1.0 0.4040610178208843 50 10.0
6 0.0 0.27999999999999997 1.0 0.45355736761107274 50 14.0
7 0.0 0.21999999999999997 1.0 0.41845195759648024 50 11.0
8 0.0 0.23999999999999996 1.0 0.4314191105869001 50 12.0
tot,0.0,0.30444444444444385,3.0,0.4749659725500585,450
