##ver, min, mean, max, stddev, count,total
0 0.0 0.5813953488372092 4.0 0.7313574508612269 43 25.0
1 0.0 0.5348837209302325 1.0 0.5046845884077511 43 23.0
2 0.0 0.3953488372093024 2.0 0.5407021398022307 43 17.0
3 0.0 0.37209302325581406 2.0 0.5355573782764614 43 16.0
4 0.0 0.4883720930232558 1.0 0.505780538858873 43 21.0
5 0.0 0.37209302325581395 1.0 0.48908348756353354 43 16.0
6 0.0 0.4651162790697675 2.0 0.5498414147691575 43 20.0
7 0.0 0.32558139534883723 1.0 0.4741373235154429 43 14.0
8 0.0 0.4883720930232558 1.0 0.505780538858873 43 21.0
