##bucket, min, mean, max, stddev, count,total
0 1290.0 1658.7674418604652 1758.0 77.29714995340485 43 71327.0
1 1260.0 1616.7209302325582 1715.0 76.53300737695915 43 69519.0
2 1268.0 1654.5116279069769 1761.0 97.95391824561065 43 71144.0
3 1196.0 1545.1162790697674 1658.0 90.5657375828203 43 66440.0
4 1175.0 1532.6511627906978 1582.0 90.54777316315517 43 65904.0
5 1202.0 1573.953488372093 1739.0 95.99477998912533 43 67680.0
6 1200.0 1565.0232558139535 1663.0 93.330566720584 43 67296.0
7 1345.0 1693.8139534883721 1776.0 77.30528713944521 43 72834.0
8 1307.0 1651.5813953488373 1727.0 84.828182805048 43 71018.0
9 1306.0 1701.4418604651162 1808.0 102.5954381065054 43 73162.0
10 1340.0 1736.0232558139535 1815.0 98.91037029074377 43 74649.0
11 1277.0 1661.3488372093022 1765.0 101.10764742423464 43 71438.0
12 1444.0 1839.6744186046512 1911.0 103.25574374205709 43 79106.0
13 1309.0 1699.0 1824.0 102.11711297282528 43 73057.0
14 1152.0 1494.0697674418604 1592.0 90.0450668511626 43 64245.0
15 1248.0 1612.6046511627908 1702.0 85.71634825868394 43 69342.0
16 1309.0 1716.2558139534883 1823.0 103.8311571330283 43 73799.0
17 1273.0 1657.1627906976744 1770.0 94.2738993906176 43 71258.0
18 1374.0 1810.2558139534883 1981.0 110.02945342114101 43 77841.0
19 1356.0 1782.906976744186 1871.0 96.71037122536066 43 76665.0
20 1462.0 1899.4651162790697 2003.0 104.65734311761665 43 81677.0
21 1460.0 1843.2325581395348 1912.0 97.0561539005476 43 79259.0
22 1356.0 1770.4651162790697 1893.0 95.17836609860687 43 76130.0
23 1313.0 1710.4186046511627 1782.0 95.81883514964696 43 73548.0
24 1402.0 1816.4418604651162 1939.0 107.09970928900597 43 78107.0
25 1370.0 1746.7209302325582 1816.0 83.1101751782637 43 75109.0
26 1224.0 1595.4651162790697 1681.0 94.4750783054425 43 68605.0
27 1413.0 1833.4883720930231 1908.0 99.93435276006211 43 78840.0
28 1361.0 1758.5813953488373 1848.0 96.82832932521045 43 75619.0
29 1274.0 1640.5581395348838 1737.0 77.90846348228506 43 70544.0
30 1114.0 1427.3255813953488 1524.0 83.79956839593153 43 61375.0
31 1494.0 1954.9767441860465 2077.0 117.8230085808882 43 84064.0
32 1454.0 1895.093023255814 2062.0 112.54942066942526 43 81489.0
33 1503.0 1916.0697674418604 2012.0 95.00185345280605 43 82391.0
34 1515.0 1938.9302325581396 2043.0 112.05661735391524 43 83374.0
35 1482.0 1931.0232558139535 2021.0 113.29386323314313 43 83034.0
36 1445.0 1888.3023255813953 2066.0 113.26003264374819 43 81197.0
37 1525.0 1954.3720930232557 2209.0 102.62298620628764 43 84038.0
38 1382.0 1793.1162790697674 1888.0 103.12756993676874 43 77104.0
39 1424.0 1863.0 1958.0 108.58023147270715 43 80109.0
40 1460.0 1855.2790697674418 1974.0 96.25569261617117 43 79777.0
41 1500.0 1901.0697674418604 2010.0 103.03938113279963 43 81746.0
42 1359.0 1779.139534883721 1880.0 103.86565989074744 43 76503.0
43 1585.0 2062.4651162790697 2167.0 117.40474332050142 43 88686.0
44 1364.0 1780.906976744186 1850.0 100.39536461351389 43 76579.0
45 1441.0 1888.0 1987.0 108.52408115471971 43 81184.0
46 1390.0 1786.5581395348838 1852.0 101.2773895524144 43 76822.0
47 1403.0 1837.2093023255813 1978.0 110.2435740789101 43 79000.0
48 1435.0 1867.5348837209303 1974.0 109.93620419246818 43 80304.0
49 1441.0 1884.2093023255813 1991.0 113.51705517748567 43 81021.0
50 1454.0 1906.6279069767443 2001.0 114.22472071187319 43 81985.0
51 1403.0 1817.7209302325582 1925.0 108.3366282827996 43 78162.0
52 1454.0 1904.3255813953488 2019.0 106.77986276408035 43 81886.0
53 1476.0 1927.3720930232557 2038.0 108.99541782763032 43 82877.0
54 1340.0 1749.0232558139535 1863.0 98.0426263884607 43 75208.0
55 1371.0 1792.7906976744187 1912.0 104.63736884605552 43 77090.0
56 1421.0 1831.4186046511627 1952.0 106.67110836543982 43 78751.0
57 1397.0 1830.4418604651162 2028.0 110.95994608214036 43 78709.0
tot,1114.0,1772.1038492381724,2209.0,165.09358235812564,2494
