##ver, min, mean, max, stddev, count
0 746.0 894.8399999999999 2906.0 343.5250850835098 50 44742.0
1 781.0 881.2 1496.0 205.7625935342942 50 44060.0
2 734.0 827.8199999999999 1412.0 187.29772109273145 50 41391.0
3 780.0 876.28 1483.0 200.48920170423145 50 43814.0
4 686.0 760.64 1305.0 168.05365518312348 50 38032.0
5 676.0 756.78 1439.0 175.54594607587347 50 37839.0
6 706.0 793.96 1369.0 179.36349593345184 50 39698.0
7 697.0 778.44 1320.0 175.97995711478748 50 38922.0
8 814.0 902.8199999999999 1589.0 202.42758241516637 50 45141.0
9 782.0 873.62 1474.0 189.3295248491155 50 43681.0
10 818.0 927.08 1544.0 209.0004237863099 50 46354.0
11 850.0 954.44 1602.0 208.76118178533133 50 47722.0
12 784.0 876.44 1623.0 200.2905196081381 50 43822.0
13 950.0 1063.18 1858.0 238.19882708462234 50 53159.0
14 817.0 919.9 1611.0 206.5761953609271 50 45995.0
15 634.0 703.88 1294.0 158.84257898296403 50 35194.0
16 745.0 826.78 1456.0 181.58309392671993 50 41339.0
17 825.0 927.26 1559.0 200.6215657726288 50 46363.0
18 778.0 868.58 1465.0 189.93984976990018 50 43429.0
19 914.0 1028.54 1937.0 242.66750663306826 50 51427.0
20 881.0 987.72 1687.0 212.83432667745336 50 49386.0
21 989.0 1116.02 1872.0 242.13746222392953 50 55801.0
22 949.0 1062.88 1800.0 231.20382738163823 50 53144.0
23 880.0 987.94 1677.0 216.04982513016643 50 49397.0
24 827.0 933.38 1548.0 203.75955117215378 50 46669.0
25 925.0 1033.8 1720.0 222.89450236305396 50 51690.0
26 854.0 961.12 1618.0 207.83290383952044 50 48056.0
27 727.0 814.22 1374.0 177.29294218027624 50 40711.0
28 951.0 1055.0 1785.0 230.97645431727364 50 52750.0
29 867.0 972.8 1667.0 212.98529220084092 50 48640.0
30 767.0 848.34 1448.0 185.09596077137272 50 42417.0
31 564.0 631.4 1069.0 135.56653611524385 50 31570.0
32 1051.0 1167.36 1976.0 254.11428892672427 50 58368.0
33 999.0 1107.9 1886.0 242.32986878658295 50 55395.0
34 1017.0 1125.52 1915.0 245.33943500250209 50 56276.0
35 1047.0 1157.4 1968.0 252.23952011967535 50 57870.0
36 1029.0 1142.12 2024.0 256.19505005653286 50 57106.0
37 995.0 1107.24 1895.0 248.13348612949343 50 55362.0
38 1044.0 1152.82 1952.0 250.8983605903768 50 57641.0
39 917.0 1012.4 1737.0 220.40760015045225 50 50620.0
40 982.0 1082.48 1828.0 240.71222890176796 50 54124.0
41 960.0 1067.04 1876.0 240.21529119198257 50 53352.0
42 1006.0 1118.78 1967.0 258.56411118296506 50 55939.0
43 898.0 997.6 1697.0 219.81318598913458 50 49880.0
44 1152.0 1269.18 2142.0 276.10214687720935 50 63459.0
45 903.0 1000.84 1690.0 217.51428383779626 50 50042.0
46 991.0 1101.24 1871.0 241.6479611808408 50 55062.0
47 918.0 1007.0 1697.0 221.8294067843254 50 50350.0
48 949.0 1056.28 1795.0 234.34581459101528 50 52814.0
49 963.0 1088.0 1839.0 236.00899325652654 50 54400.0
50 987.0 1095.86 1865.0 242.61172557762964 50 54793.0
51 1011.0 1116.08 1894.0 248.80964283433013 50 55804.0
52 919.0 1033.02 1750.0 229.4771777367867 50 51651.0
53 1005.0 1113.74 1899.0 245.50928408398028 50 55687.0
54 1013.0 1139.58 1933.0 249.2331987254883 50 56979.0
55 869.0 969.08 1690.0 215.33143319647738 50 48454.0
56 894.0 1007.46 1707.0 219.5494653947079 50 50373.0
57 946.0 1045.62 1856.0 232.9458980720018 50 52281.0
