##ver, min, mean, max, stddev, count
0 641.0 755.2558139534884 912.0 43.44514495493182 43 32476.0
1 666.0 783.7906976744187 892.0 29.270949469311624 43 33703.0
2 635.0 747.4186046511628 864.0 37.16195735153251 43 32139.0
3 679.0 784.2558139534884 810.0 23.354507083375132 43 33723.0
4 562.0 690.5116279069767 816.0 37.40408183290979 43 29692.0
5 583.0 685.7441860465116 806.0 37.475130180691856 43 29487.0
6 617.0 715.2093023255813 829.0 30.84257890175828 43 30754.0
7 594.0 704.1627906976744 821.0 35.22575507491652 43 30279.0
8 690.0 811.4883720930233 854.0 29.982035965226824 43 34894.0
9 668.0 786.3488372093024 899.0 36.04817129033913 43 33813.0
10 702.0 819.5348837209302 939.0 36.90486407301972 43 35240.0
11 723.0 850.9069767441861 915.0 33.67478493832298 43 36589.0
12 676.0 786.5813953488372 846.0 30.64950287652433 43 33823.0
13 806.0 959.8604651162791 1047.0 38.18537578167904 43 41274.0
14 714.0 834.5348837209302 946.0 31.720767447937913 43 35885.0
15 560.0 640.5116279069767 809.0 32.04414521445247 43 27542.0
16 635.0 744.6744186046511 778.0 27.279611198731025 43 32021.0
17 708.0 830.7906976744187 863.0 30.69322721905778 43 35724.0
18 662.0 779.6744186046511 853.0 30.058451731372745 43 33526.0
19 801.0 920.1162790697674 993.0 34.430889579759615 43 39565.0
20 759.0 895.2558139534884 1007.0 39.61787296474 43 38496.0
21 861.0 1008.0930232558139 1100.0 37.390356506590344 43 43348.0
22 817.0 965.1395348837209 1071.0 35.4794248861887 43 41501.0
23 752.0 890.0930232558139 1011.0 40.349552398230415 43 38274.0
24 727.0 838.3488372093024 951.0 37.20591588964252 43 36049.0
25 804.0 932.6744186046511 1041.0 32.42626869437256 43 40105.0
26 733.0 866.7906976744187 915.0 33.421947550570565 43 37272.0
27 616.0 729.5116279069767 762.0 27.47065281958987 43 31369.0
28 806.0 958.2558139534884 1087.0 41.64480932798904 43 41205.0
29 741.0 877.9302325581396 903.0 29.517868155082258 43 37751.0
30 653.0 764.953488372093 798.0 29.054098545703198 43 32893.0
31 485.0 570.8139534883721 609.0 22.836119900128 43 24545.0
32 891.0 1055.3720930232557 1092.0 33.6530075467784 43 45381.0
33 859.0 1002.8139534883721 1037.0 36.973127831126675 43 43121.0
34 859.0 1016.2790697674419 1115.0 41.32814421040423 43 43700.0
35 886.0 1045.6511627906978 1154.0 39.55278794636366 43 44963.0
36 875.0 1037.139534883721 1169.0 44.79773665379007 43 44597.0
37 850.0 999.4651162790698 1104.0 35.52487313553253 43 42977.0
38 882.0 1050.093023255814 1170.0 49.92938535166124 43 45154.0
39 798.0 919.1860465116279 1039.0 41.888318529583884 43 39525.0
40 850.0 979.7209302325581 1033.0 30.701578663765776 43 42128.0
41 815.0 965.4186046511628 1068.0 39.8367098936333 43 41513.0
42 850.0 1006.5813953488372 1126.0 42.532470821680704 43 43283.0
43 766.0 899.7441860465116 934.0 33.841432075444786 43 38689.0
44 969.0 1156.9302325581396 1284.0 54.62530172035544 43 49748.0
45 773.0 906.6279069767442 1016.0 38.123872820691815 43 38985.0
46 857.0 997.5813953488372 1108.0 39.65159731253227 43 42896.0
47 798.0 921.6511627906976 1026.0 37.915246161311785 43 39631.0
48 811.0 953.3953488372093 1034.0 38.67578271124963 43 40996.0
49 831.0 981.0 1035.0 37.52205700524375 43 42183.0
50 840.0 987.8604651162791 1042.0 36.70447059532773 43 42478.0
51 852.0 1015.4418604651163 1143.0 50.817274118524004 43 43664.0
52 794.0 933.2325581395348 1048.0 40.557916970850414 43 40129.0
53 861.0 1016.1395348837209 1125.0 44.4910806445671 43 43694.0
54 905.0 1036.093023255814 1078.0 30.04347164129591 43 44552.0
55 774.0 877.7441860465116 916.0 25.327467701194266 43 37743.0
56 772.0 917.9767441860465 1054.0 41.906635667359545 43 39473.0
57 812.0 945.0697674418604 977.0 32.63024841844436 43 40638.0
