##bucket, min, mean, max, stddev, count,total
0 3.0 4.4399999999999995 33.0 4.175536138128405 50 222.0
1 3.0 4.239999999999999 27.0 3.359786193391792 50 212.0
2 3.0 4.08 11.0 1.2590894020874686 50 204.0
3 3.0 4.0600000000000005 9.0 1.0956313993608007 50 203.0
4 3.0 4.14 8.0 0.9899494936611659 50 207.0
5 3.0 4.720000000000001 23.0 2.828715725035164 50 236.0
6 3.0 4.32 7.0 1.0190031142929725 50 216.0
7 3.0 4.540000000000001 7.0 0.9521190115972366 50 227.0
8 3.0 4.52 7.0 0.95276182860189 50 226.0
tot,3.0,4.339999999999997,33.0,2.1856894352468474,450
