##bucket, min, mean, max, stddev, count,total
0 1307.0 1568.1 1658.0 137.37090909893064 10 15681.0
1 1250.0 1524.4 1633.0 143.6973671760667 10 15244.0
2 1251.0 1507.2 1628.0 170.20628007737486 10 15072.0
3 1177.0 1419.9 1530.0 155.60094972575058 10 14199.0
4 1164.0 1408.0 1516.0 157.68745458448282 10 14080.0
5 1186.0 1446.3 1617.0 172.86799716675276 10 14463.0
6 1180.0 1466.4 1609.0 144.81344320653844 10 14664.0
7 1277.0 1568.3 1689.0 155.86821356517822 10 15683.0
8 1297.0 1570.2 1685.0 119.50527649903627 10 15702.0
9 1276.0 1575.1 1739.0 183.1765693410474 10 15751.0
10 1308.0 1590.1 1726.0 183.1759627607655 10 15901.0
11 1255.0 1553.8 1654.0 149.08297465952757 10 15538.0
12 1389.0 1683.8 1826.0 193.31252761612043 10 16838.0
13 1303.0 1571.7 1678.0 152.73582858430214 10 15717.0
14 1134.0 1389.7 1627.0 178.63249051241118 10 13897.0
15 1221.0 1501.0 1661.0 180.21838603945676 10 15010.0
16 1294.0 1584.8 1732.0 171.5580886399058 10 15848.0
17 1259.0 1523.8 1688.0 176.91856255853364 10 15238.0
18 1366.0 1665.9 1845.0 191.06046163453078 10 16659.0
19 1344.0 1639.9 1828.0 192.0147274444217 10 16399.0
20 1433.0 1751.7 1947.0 204.4901790632825 10 17517.0
21 1397.0 1698.5 1848.0 195.7034320939041 10 16985.0
22 1341.0 1660.7 1787.0 162.08094685475322 10 16607.0
23 1289.0 1575.4 1762.0 187.3298932068475 10 15754.0
24 1366.0 1662.2 1792.0 182.76384276497973 10 16622.0
25 1325.0 1605.5 1728.0 180.39786276142212 10 16055.0
26 1217.0 1463.6 1580.0 160.31164094420035 10 14636.0
27 1386.0 1723.6 1884.0 171.03099134367432 10 17236.0
28 1324.0 1606.0 1746.0 184.74426769035202 10 16060.0
29 1229.0 1493.7 1610.0 165.5368706831066 10 14937.0
30 1079.0 1310.4 1408.0 143.3226352596748 10 13104.0
31 1493.0 1795.1 1930.0 190.5567573658247 10 17951.0
32 1452.0 1777.9 1891.0 157.303987376177 10 17779.0
33 1438.0 1760.9 1948.0 207.82121055261794 10 17609.0
34 1454.0 1771.6 1922.0 195.8503964197616 10 17716.0
35 1448.0 1765.1 1904.0 189.95347383562697 10 17651.0
36 1445.0 1776.2 1871.0 163.50793388837266 10 17762.0
37 1478.0 1780.1 1921.0 197.27164013106395 10 17801.0
38 1374.0 1643.9 1776.0 177.21139291190556 10 16439.0
39 1420.0 1713.9 1926.0 190.28192534003622 10 17139.0
40 1418.0 1714.0 1896.0 189.4295530152451 10 17140.0
41 1452.0 1747.9 1942.0 196.6878237207377 10 17479.0
42 1341.0 1628.3 1755.0 182.33184033514277 10 16283.0
43 1559.0 1899.9 2037.0 195.4370884851582 10 18999.0
44 1353.0 1640.5 1765.0 183.23527680735134 10 16405.0
45 1420.0 1733.9 1864.0 190.87485719997565 10 17339.0
46 1368.0 1651.1 1782.0 183.7694509735258 10 16511.0
47 1398.0 1702.5 1920.0 199.90122560904922 10 17025.0
48 1407.0 1716.0 1854.0 198.6940696984521 10 17160.0
49 1466.0 1736.5 1871.0 175.36200652744975 10 17365.0
50 1474.0 1749.4 1878.0 172.84945280021378 10 17494.0
51 1402.0 1670.7 1812.0 182.9317116060283 10 16707.0
52 1448.0 1751.3 1926.0 192.08218727062294 10 17513.0
53 1477.0 1799.2 2058.0 217.51515911412804 10 17992.0
54 1329.0 1619.5 1736.0 169.60362286486952 10 16195.0
55 1376.0 1662.4 1797.0 175.61586868313847 10 16624.0
56 1388.0 1681.7 1817.0 185.64904165297128 10 16817.0
57 1374.0 1684.1 1841.0 195.134398129426 10 16841.0
tot,1079.0,1635.9189655172424,2058.0,207.59642323973978,580
