##ver, min, mean, max, stddev, count
0 784.0 944.8 1296.0 193.4745461294586 10 9448.0
1 684.0 823.2 928.0 71.2145428343896 10 8232.0
2 641.0 764.5 841.0 65.61546226987119 10 7645.0
3 669.0 811.8 880.0 63.22060142425445 10 8118.0
4 588.0 715.8 824.0 70.46007537763654 10 7158.0
5 582.0 688.9 806.0 71.69759022759722 10 6889.0
6 639.0 729.4 819.0 58.66136339666472 10 7294.0
7 611.0 718.7 800.0 54.19727340415239 10 7187.0
8 682.0 809.8 872.0 80.5533639548619 10 8098.0
9 658.0 782.5 842.0 74.9699939975988 10 7825.0
10 718.0 827.8 887.0 70.69622023528242 10 8278.0
11 727.0 861.1 972.0 89.88937645795527 10 8611.0
12 666.0 789.8 862.0 82.03630632564801 10 7898.0
13 812.0 955.2 1027.0 91.2137903803781 10 9552.0
14 750.0 858.5 899.0 47.239931319923734 10 8585.0
15 583.0 669.1 706.0 32.942542572046726 10 6691.0
16 637.0 770.4 829.0 68.27591083244515 10 7704.0
17 711.0 845.3 916.0 72.41247590482365 10 8453.0
18 662.0 785.4 836.0 73.83796072782917 10 7854.0
19 795.0 925.9 997.0 88.1103474816286 10 9259.0
20 761.0 893.6 955.0 86.0932311186219 10 8936.0
21 877.0 1030.2 1090.0 82.42545453654202 10 10302.0
22 856.0 992.5 1043.0 63.0048499015045 10 9925.0
23 756.0 898.6 980.0 88.17180199285181 10 8986.0
24 717.0 854.2 931.0 78.48255290898169 10 8542.0
25 777.0 930.9 998.0 86.69288065092516 10 9309.0
26 730.0 868.7 931.0 83.01412195792017 10 8687.0
27 647.0 773.4 953.0 84.01349098011977 10 7734.0
28 815.0 964.1 1109.0 100.78078520564655 10 9641.0
29 737.0 880.1 953.0 90.9657444682704 10 8801.0
30 652.0 790.4 871.0 68.73168442897675 10 7904.0
31 488.0 582.2 616.0 49.425139801971675 10 5822.0
32 915.0 1058.3 1133.0 96.13769060860342 10 10583.0
33 837.0 1016.1 1138.0 107.83263781331597 10 10161.0
34 858.0 1030.0 1087.0 90.06170724070864 10 10300.0
35 871.0 1044.9 1125.0 105.85466976525461 10 10449.0
36 860.0 1040.3 1116.0 104.43397701684809 10 10403.0
37 848.0 1020.0 1162.0 97.3926759737781 10 10200.0
38 876.0 1065.7 1216.0 119.83975411634766 10 10657.0
39 780.0 927.8 1012.0 82.25137621273512 10 9278.0
40 832.0 993.9 1062.0 82.51390455216892 10 9939.0
41 805.0 978.4 1048.0 84.30658337283039 10 9784.0
42 857.0 1011.6 1137.0 102.80531763159594 10 10116.0
43 764.0 911.2 1020.0 95.84570934580223 10 9112.0
44 974.0 1159.5 1290.0 116.43715520018132 10 11595.0
45 756.0 905.5 975.0 89.57213108253407 10 9055.0
46 839.0 1000.2 1103.0 102.9398961638403 10 10002.0
47 766.0 919.6 988.0 87.32595388670096 10 9196.0
48 813.0 989.9 1078.0 91.81799629944254 10 9899.0
49 832.0 1000.8 1112.0 98.45337305885799 10 10008.0
50 836.0 997.5 1109.0 102.59548398118376 10 9975.0
51 868.0 1020.4 1111.0 97.86521343153552 10 10204.0
52 785.0 941.6 1083.0 100.88959862697001 10 9416.0
53 872.0 1022.9 1091.0 92.2212918293095 10 10229.0
54 880.0 1042.7 1144.0 103.17735539674715 10 10427.0
55 759.0 890.6 940.0 70.43231581533516 10 8906.0
56 785.0 948.0 1035.0 82.46615467370033 10 9480.0
57 790.0 951.7 1033.0 102.67321407693872 10 9517.0
