##ver, min, mean, max, stddev, count
0 647.0 814.2391304347827 2984.0 353.29095247607063 46 37455.0
1 672.0 721.5434782608696 1237.0 84.66475234626905 46 33191.0
2 631.0 683.8478260869565 1055.0 64.44255577775515 46 31457.0
3 664.0 711.7608695652174 1217.0 79.1555949542443 46 32741.0
4 586.0 619.0869565217391 798.0 34.5805507873085 46 28478.0
5 578.0 615.804347826087 789.0 41.20659039264764 46 28327.0
6 607.0 649.8478260869565 998.0 65.83277380059413 46 29893.0
7 598.0 639.0869565217391 828.0 47.724592350022704 46 29398.0
8 693.0 727.5434782608696 822.0 28.09088940622653 46 33467.0
9 673.0 702.0217391304348 861.0 29.912085354276883 46 32293.0
10 703.0 752.2826086956521 1334.0 94.34350075795204 46 34605.0
11 721.0 783.1739130434783 1349.0 96.6635181896059 46 36026.0
12 669.0 707.9782608695652 983.0 46.42963092702034 46 32567.0
13 819.0 871.1739130434783 1348.0 79.73826750279834 46 40074.0
14 700.0 749.9347826086956 1124.0 74.78009306520406 46 34497.0
15 541.0 576.195652173913 865.0 49.0277107880918 46 26505.0
16 640.0 671.0 869.0 34.054205157203256 46 30866.0
17 705.0 751.2608695652174 1141.0 65.8680279152889 46 34558.0
18 668.0 698.3260869565217 810.0 27.318739476228554 46 32123.0
19 781.0 834.7391304347826 1168.0 66.27432376371837 46 38398.0
20 764.0 801.3913043478261 986.0 35.93294882964941 46 36864.0
21 859.0 915.8478260869565 1481.0 92.99031428447071 46 42129.0
22 817.0 869.0869565217391 1266.0 75.12798741317128 46 39978.0
23 759.0 792.5 1073.0 48.455592499157866 46 36455.0
24 710.0 754.804347826087 1115.0 61.77832038478562 46 34721.0
25 792.0 832.6086956521739 1200.0 62.89090316161068 46 38300.0
26 740.0 779.6086956521739 1083.0 59.21954567009091 46 35862.0
27 623.0 663.5652173913044 963.0 52.68634745101874 46 30524.0
28 813.0 847.8478260869565 1033.0 34.79844657535694 46 39001.0
29 754.0 787.8695652173913 989.0 45.942770533036075 46 36242.0
30 652.0 687.0 782.0 25.210227201585383 46 31602.0
31 487.0 518.8695652173913 726.0 39.92415514761968 46 23868.0
32 901.0 955.0434782608696 1291.0 70.4657384113377 46 43932.0
33 855.0 898.5434782608696 1085.0 45.86003174963243 46 41333.0
34 873.0 910.5 1069.0 43.83086178076407 46 41883.0
35 896.0 929.0434782608696 1014.0 29.424824381040448 46 42736.0
36 880.0 918.5 1020.0 29.41787060803537 46 42251.0
37 849.0 890.2173913043479 980.0 31.592483665495333 46 40950.0
38 891.0 930.8260869565217 1006.0 25.77277146121989 46 42818.0
39 779.0 825.195652173913 1016.0 42.92040155410031 46 37959.0
40 833.0 885.6521739130435 1193.0 62.07565899459729 46 40740.0
41 819.0 865.0652173913044 966.0 34.645764322745805 46 39793.0
42 853.0 898.7826086956521 1000.0 29.9940090636471 46 41344.0
43 762.0 801.4782608695652 894.0 27.065959867975845 46 36868.0
44 989.0 1027.2391304347825 1114.0 31.077097521135475 46 47253.0
45 768.0 805.1739130434783 870.0 23.954868999689197 46 37038.0
46 850.0 885.2608695652174 964.0 22.157451500676487 46 40722.0
47 778.0 818.1304347826087 1047.0 43.13524400490066 46 37634.0
48 818.0 856.2826086956521 1026.0 42.37749037898841 46 39389.0
49 837.0 874.8260869565217 935.0 23.854470205650564 46 40242.0
50 842.0 877.0434782608696 970.0 26.616583403534246 46 40344.0
51 863.0 900.5434782608696 988.0 29.77598325402473 46 41425.0
52 790.0 824.4130434782609 897.0 23.020354362516784 46 37923.0
53 860.0 898.9782608695652 978.0 31.50836864526614 46 41353.0
54 879.0 920.7826086956521 1006.0 28.876682668415484 46 42356.0
55 748.0 782.2391304347826 1032.0 44.44131450331558 46 35983.0
56 783.0 813.2608695652174 881.0 25.207965921385245 46 37410.0
57 807.0 838.6086956521739 943.0 26.704538324969377 46 38576.0
