##bucket, min, mean, max, stddev, count,total
0 0.0 0.5348837209302325 3.0 0.6305265074788243 43 23.0
1 0.0 0.2790697674418604 1.0 0.45385026875081014 43 12.0
2 0.0 0.34883720930232553 1.0 0.4822428221704121 43 15.0
3 0.0 0.3255813953488372 1.0 0.47413732351544263 43 14.0
4 0.0 0.3953488372093024 1.0 0.4947117912155151 43 17.0
5 0.0 0.4883720930232558 1.0 0.505780538858873 43 21.0
6 0.0 0.34883720930232553 2.0 0.5293176618571604 43 15.0
7 0.0 0.3953488372093023 2.0 0.5407021398022308 43 17.0
8 0.0 0.4651162790697675 2.0 0.5498414147691575 43 20.0
tot,0.0,0.3979328165374686,3.0,0.5208560765408327,387
