##bucket, min, mean, max, stddev, count,total
0 1401.0 1548.6399999999999 2649.0 348.2377067581327 50 77432.0
1 1365.0 1518.46 2570.0 334.40908651359507 50 75923.0
2 1405.0 1559.62 2683.0 347.8061206347875 50 77981.0
3 1296.0 1455.18 2548.0 323.6725285134432 50 72759.0
4 1269.0 1453.44 2514.0 320.5741762041659 50 72672.0
5 1307.0 1471.96 2548.0 329.06434827571707 50 73598.0
6 1298.0 1472.54 2525.0 333.1815225050385 50 73627.0
7 1394.0 1582.7 2716.0 352.7783168171289 50 79135.0
8 1417.0 1569.18 2674.0 347.52522680419344 50 78459.0
9 1436.0 1596.26 2721.0 350.7948880320062 50 79813.0
10 1451.0 1623.68 2772.0 354.37409266341746 50 81184.0
11 1397.0 1552.2 2667.0 337.0307319603277 50 77610.0
12 1539.0 1727.44 2975.0 380.68424754188425 50 86372.0
13 1423.0 1593.16 2739.0 350.03809471984914 50 79658.0
14 1250.0 1403.32 2403.0 310.49535406823594 50 70166.0
15 1346.0 1517.3600000000001 2594.0 332.3659011464593 50 75868.0
16 1435.0 1597.34 2747.0 354.09848797145895 50 79867.0
17 1374.0 1547.84 2674.0 346.4116555516584 50 77392.0
18 1510.0 1693.14 2966.0 371.51021135744986 50 84657.0
19 1479.0 1670.96 2864.0 363.7156862278053 50 83548.0
20 1580.0 1781.44 3056.0 390.16909782549305 50 89072.0
21 1534.0 1737.42 3028.0 393.7655518146786 50 86871.0
22 1504.0 1660.9 2830.0 363.8863497167819 50 83045.0
23 1453.0 1607.42 2731.0 349.63135629706096 50 80371.0
24 1513.0 1701.1 2932.0 371.7085895028579 50 85055.0
25 1454.0 1631.82 2825.0 356.8531219034589 50 81591.0
26 1336.0 1498.0 2582.0 326.9778123908691 50 74900.0
27 1562.0 1726.52 2963.0 386.55037636689445 50 86326.0
28 1495.0 1648.12 2830.0 367.97923854478523 50 82406.0
29 1368.0 1533.1 2630.0 337.7799821282051 50 76655.0
30 1182.0 1334.02 2262.0 291.9331409338621 50 66701.0
31 1630.0 1830.44 3121.0 400.34378899610164 50 91522.0
32 1616.0 1780.1399999999999 3051.0 389.8329841229499 50 89007.0
33 1626.0 1792.5 3067.0 389.5829402668176 50 89625.0
34 1616.0 1814.8600000000001 3074.0 392.10671235972364 50 90743.0
35 1602.0 1808.1399999999999 3079.0 400.4231950100304 50 90407.0
36 1607.0 1768.34 2993.0 383.88761163568034 50 88417.0
37 1648.0 1829.56 3092.0 404.2238296906751 50 91478.0
38 1512.0 1689.84 2958.0 380.6540751101441 50 84492.0
39 1555.0 1751.1 3009.0 382.5730955900947 50 87555.0
40 1576.0 1738.4 2983.0 379.72261626893174 50 86920.0
41 1615.0 1790.1399999999999 3068.0 399.12107569160577 50 89507.0
42 1486.0 1670.0 2875.0 370.71860718648276 50 83500.0
43 1714.0 1927.04 3276.0 420.7574297548144 50 96352.0
44 1503.0 1675.5 2881.0 370.36001514246453 50 83775.0
45 1580.0 1769.6399999999999 3029.0 389.37457753768797 50 88482.0
46 1501.0 1684.84 2900.0 366.77348623378117 50 84242.0
47 1545.0 1731.8600000000001 2983.0 376.94312947332367 50 86593.0
48 1559.0 1753.86 3026.0 391.30941929968037 50 87693.0
49 1569.0 1759.82 3030.0 390.9030199683909 50 87991.0
50 1595.0 1776.9 3057.0 395.52265860426724 50 88845.0
51 1519.0 1706.32 2920.0 376.40639349142896 50 85316.0
52 1592.0 1778.84 3025.0 385.32765596175363 50 88942.0
53 1613.0 1805.44 3173.0 407.6850605202852 50 90272.0
54 1467.0 1650.38 2865.0 370.6610140639811 50 82519.0
55 1507.0 1693.7 2924.0 376.5836899152751 50 84685.0
56 1554.0 1719.52 2962.0 379.49973730194455 50 85976.0
57 1527.0 1706.0 2929.0 376.75699958287953 50 85300.0
tot,1182.0,1662.3689655172436,3276.0,384.1003848279867,2900
