##ver, min, mean, max, stddev, count
0 606.0 779.54 892.0 35.56667208589111 50 38977.0
1 640.0 817.88 896.0 31.836085289033452 50 40894.0
2 592.0 770.18 824.0 29.476168166773626 50 38509.0
3 635.0 819.2 1017.0 44.56959703196604 50 40960.0
4 552.0 717.54 804.0 37.95712403892215 50 35877.0
5 547.0 706.04 779.0 36.36154057040298 50 35302.0
6 572.0 738.9 800.0 38.36359349855601 50 36945.0
7 556.0 726.0 781.0 36.273338721998236 50 36300.0
8 642.0 842.94 918.0 42.60133657000704 50 42147.0
9 622.0 818.52 906.0 33.67809195235117 50 40926.0
10 659.0 862.12 928.0 35.53534601388497 50 43106.0
11 685.0 891.56 933.0 36.1421005002674 50 44578.0
12 637.0 818.24 905.0 40.31840618812976 50 40912.0
13 771.0 1003.2 1282.0 55.21571796331262 50 50160.0
14 668.0 865.06 1092.0 46.24884333909424 50 43253.0
15 532.0 668.16 762.0 28.53451901662623 50 33408.0
16 606.0 785.56 1042.0 46.99898392301602 50 39278.0
17 684.0 877.64 1149.0 52.8937170760616 50 43882.0
18 642.0 815.14 971.0 34.95595479328527 50 40757.0
19 738.0 957.92 1049.0 47.813344563702564 50 47896.0
20 714.0 935.7 1156.0 49.093517590286346 50 46785.0
21 807.0 1057.88 1204.0 47.265917305977574 50 52894.0
22 765.0 998.24 1080.0 47.77949350924516 50 49912.0
23 708.0 921.52 995.0 45.40396458460428 50 46076.0
24 657.0 869.08 949.0 46.08193235744264 50 43454.0
25 732.0 968.58 1038.0 48.971499416518185 50 48429.0
26 699.0 899.18 966.0 44.432792633644915 50 44959.0
27 590.0 761.96 838.0 35.18288080929157 50 38098.0
28 766.0 991.28 1076.0 38.125485610825 50 49564.0
29 706.0 918.0 1072.0 49.910941093274594 50 45900.0
30 602.0 798.82 873.0 32.901020392339554 50 39941.0
31 463.0 599.7 672.0 25.71527775864149 50 29985.0
32 852.0 1100.08 1195.0 45.56262342162953 50 55004.0
33 792.0 1042.74 1118.0 51.38601810943184 50 52137.0
34 806.0 1054.96 1104.0 52.14421133270888 50 52748.0
35 828.0 1086.08 1295.0 61.23119119787076 50 54304.0
36 831.0 1074.28 1137.0 51.922249566057914 50 53714.0
37 810.0 1037.12 1099.0 49.280388946251996 50 51856.0
38 845.0 1088.24 1166.0 50.114790679977496 50 54412.0
39 717.0 957.0 1025.0 40.61818231646854 50 47850.0
40 770.0 1018.64 1256.0 58.327631985716906 50 50932.0
41 767.0 1003.6 1136.0 53.65574317358956 50 50180.0
42 797.0 1053.26 1150.0 58.252374918740166 50 52663.0
43 720.0 933.94 1023.0 47.29732701598625 50 46697.0
44 915.0 1197.26 1295.0 60.468514323487355 50 59863.0
45 714.0 945.42 1165.0 60.61692698194699 50 47271.0
46 798.0 1040.66 1121.0 53.663961988717624 50 52033.0
47 723.0 947.44 1023.0 47.43595467489156 50 47372.0
48 756.0 994.92 1090.0 53.18502167539508 50 49746.0
49 784.0 1020.38 1114.0 53.03479412381179 50 51019.0
50 781.0 1029.5 1230.0 58.711070471576036 50 51475.0
51 803.0 1045.72 1103.0 51.48966212864918 50 52286.0
52 738.0 964.32 1037.0 46.84121680568016 50 48216.0
53 802.0 1047.48 1117.0 53.726533558040614 50 52374.0
54 816.0 1068.32 1135.0 53.98202270673268 50 53416.0
55 696.0 903.72 941.0 43.95779051475149 50 45186.0
56 728.0 951.3 1007.0 35.535122033829914 50 47565.0
57 752.0 984.54 1060.0 51.428257935552466 50 49227.0
