##ver, min, mean, max, stddev, count
0 625.0 703.96 774.0 26.83658787885658 50 35198.0
1 645.0 742.7 870.0 30.27307687820103 50 37135.0
2 618.0 705.14 800.0 24.95874964162807 50 35257.0
3 643.0 744.68 817.0 22.774350054571553 50 37234.0
4 530.0 648.18 699.0 26.963081335449044 50 32409.0
5 545.0 640.42 719.0 27.712142774294033 50 32021.0
6 571.0 670.46 740.0 27.167064393399247 50 33523.0
7 563.0 660.98 705.0 24.80576792701609 50 33049.0
8 650.0 765.68 863.0 28.959112625935774 50 38284.0
9 622.0 739.62 815.0 29.841000420938446 50 36981.0
10 653.0 770.9 797.0 26.063697483868488 50 38545.0
11 673.0 811.82 940.0 35.84871272558657 50 40591.0
12 621.0 741.26 806.0 26.67400324247547 50 37063.0
13 754.0 903.24 986.0 38.21879012171037 50 45162.0
14 677.0 780.66 869.0 25.788472349529528 50 39033.0
15 526.0 601.82 702.0 22.11075091719974 50 30091.0
16 614.0 704.32 743.0 21.046537356389 50 35216.0
17 665.0 787.9 873.0 35.463260667102475 50 39395.0
18 628.0 737.02 808.0 26.233247326744024 50 36851.0
19 742.0 876.82 951.0 32.32342298503343 50 43841.0
20 720.0 846.56 937.0 33.44819936583024 50 42328.0
21 804.0 951.2 1020.0 37.73105687707707 50 47560.0
22 770.0 902.66 953.0 32.978415946909074 50 45133.0
23 703.0 834.94 859.0 29.926720024562858 50 41747.0
24 670.0 789.7 834.0 28.80918929361085 50 39485.0
25 740.0 878.52 944.0 28.400373668136755 50 43926.0
26 685.0 815.8 840.0 29.07625442570916 50 40790.0
27 579.0 692.12 757.0 24.579433911881925 50 34606.0
28 753.0 897.0 929.0 32.78750384160504 50 44850.0
29 701.0 830.68 912.0 34.64952218653386 50 41534.0
30 601.0 724.44 772.0 24.371411823809353 50 36222.0
31 452.0 538.32 569.0 19.609910031118744 50 26916.0
32 851.0 995.08 1065.0 35.444028886026345 50 49754.0
33 822.0 948.98 998.0 24.89446295291959 50 47449.0
34 832.0 956.64 991.0 28.05516431778576 50 47832.0
35 865.0 983.46 1014.0 24.84746116871122 50 49173.0
36 821.0 978.58 1060.0 39.75182706621219 50 48929.0
37 796.0 937.76 997.0 33.99973589333197 50 46888.0
38 830.0 985.08 1027.0 31.7270501983042 50 49254.0
39 731.0 859.72 902.0 30.056436710879453 50 42986.0
40 774.0 922.5 998.0 32.447917451491016 50 46125.0
41 762.0 912.36 987.0 37.319776450103696 50 45618.0
42 799.0 946.7 992.0 33.92744359027701 50 47335.0
43 713.0 848.68 928.0 33.92936239679521 50 42434.0
44 919.0 1085.84 1143.0 38.19785227427516 50 54292.0
45 727.0 853.3 923.0 32.30356649293179 50 42665.0
46 825.0 943.72 1026.0 28.42680540099648 50 47186.0
47 725.0 860.1 973.0 35.84732364131105 50 43005.0
48 760.0 896.46 927.0 32.371069220045534 50 44823.0
49 781.0 926.4 1021.0 39.05830283573729 50 46320.0
50 786.0 935.66 1056.0 41.28972298877525 50 46783.0
51 806.0 951.74 1028.0 35.84024075174241 50 47587.0
52 746.0 878.88 944.0 33.55509633119711 50 43944.0
53 826.0 964.44 1106.0 42.32149065697677 50 48222.0
54 822.0 976.24 1052.0 39.072700423279514 50 48812.0
55 696.0 822.74 915.0 32.71759808558379 50 41137.0
56 723.0 861.22 932.0 32.375532459572234 50 43061.0
57 753.0 895.9 1018.0 37.96090900182579 50 44795.0
