##bucket, min, mean, max, stddev, count,total
0 1268.0 1311.8 1617.0 51.75964861250313 50 65590.0
1 1237.0 1283.12 1598.0 57.646933826456355 50 64156.0
2 1218.0 1305.46 1395.0 28.09474495128139 50 65273.0
3 1167.0 1225.94 1516.0 45.579896212864604 50 61297.0
4 1152.0 1210.18 1307.0 22.575668679499405 50 60509.0
5 1175.0 1238.12 1304.0 22.5873723074443 50 61906.0
6 1164.0 1232.48 1320.0 24.134182718919735 50 61624.0
7 1298.0 1340.18 1524.0 43.22682934833647 50 67009.0
8 1275.0 1314.78 1448.0 35.216119917458485 50 65739.0
9 1268.0 1338.88 1403.0 24.751532626222136 50 66944.0
10 1312.0 1367.82 1506.0 35.19780257519564 50 68391.0
11 1253.0 1301.68 1359.0 19.13692871952881 50 65084.0
12 1380.0 1457.5 1573.0 35.328920915607156 50 72875.0
13 1301.0 1339.42 1475.0 29.06999996489823 50 66971.0
14 1115.0 1178.56 1297.0 24.968682425006254 50 58928.0
15 1205.0 1272.08 1331.0 23.506699001756562 50 63604.0
16 1275.0 1353.02 1481.0 36.01048033389101 50 67651.0
17 1241.0 1300.4 1396.0 23.837031728649713 50 65020.0
18 1349.0 1418.4 1503.0 24.884221703640208 50 70920.0
19 1330.0 1394.92 1554.0 28.539868283379533 50 69746.0
20 1433.0 1486.86 1562.0 20.615043051131373 50 74343.0
21 1381.0 1450.0 1524.0 24.447361194774274 50 72500.0
22 1322.0 1391.66 1472.0 25.26642524968578 50 69583.0
23 1280.0 1343.3 1413.0 18.864987545769562 50 67165.0
24 1358.0 1428.72 1500.0 27.465778335809762 50 71436.0
25 1333.0 1382.26 1531.0 36.545643811987404 50 69113.0
26 1215.0 1256.18 1460.0 34.1901585076102 50 62809.0
27 1373.0 1446.38 1517.0 27.64489841115835 50 72319.0
28 1309.0 1384.98 1474.0 30.580432585934055 50 69249.0
29 1256.0 1297.06 1438.0 40.613866135212724 50 64853.0
30 1086.0 1128.34 1313.0 40.055374935512575 50 56417.0
31 1460.0 1535.4 1609.0 27.30478017505659 50 76770.0
32 1420.0 1492.04 1637.0 34.68514944232957 50 74602.0
33 1434.0 1501.96 1580.0 26.43896320792864 50 75098.0
34 1486.0 1526.68 1678.0 39.97776933267197 50 76334.0
35 1441.0 1520.02 1749.0 43.86225656553033 50 76001.0
36 1429.0 1504.6 2257.0 113.82603984562923 50 75230.0
37 1496.0 1543.06 1902.0 62.4072896056091 50 77153.0
38 1382.0 1417.34 1562.0 31.68828406428432 50 70867.0
39 1395.0 1466.16 1554.0 26.573241105614933 50 73308.0
40 1384.0 1458.86 1505.0 21.784669764187246 50 72943.0
41 1458.0 1500.82 1639.0 32.495330904796845 50 75041.0
42 1350.0 1402.04 1525.0 28.523502661518148 50 70102.0
43 1537.0 1624.7 1840.0 42.40631932115008 50 81235.0
44 1377.0 1409.1 1582.0 33.91661443443135 50 70455.0
45 1410.0 1486.84 1560.0 24.470190111268707 50 74342.0
46 1343.0 1414.76 1498.0 29.92136633353006 50 70738.0
47 1380.0 1446.38 1518.0 23.73225652987932 50 72319.0
48 1399.0 1470.36 1517.0 21.936606252507495 50 73518.0
49 1403.0 1475.22 1556.0 24.450107466063223 50 73761.0
50 1429.0 1495.66 1562.0 23.324341318870797 50 74783.0
51 1357.0 1431.68 1555.0 33.014801875176275 50 71584.0
52 1424.0 1496.36 1577.0 31.74757583546453 50 74818.0
53 1434.0 1517.44 1586.0 28.067091631536414 50 75872.0
54 1317.0 1381.34 1489.0 27.64469170730317 50 69067.0
55 1349.0 1416.1 1485.0 26.93775894804274 50 70805.0
56 1378.0 1448.48 1512.0 26.13328474242324 50 72424.0
57 1363.0 1443.04 1557.0 28.87054851277633 50 72152.0
tot,1086.0,1396.6710344827584,2257.0,108.26929454077725,2900
