##bucket, min, mean, max, stddev, count,total
0 0.0 3.3800000000000003 10.0 2.2667967149567634 50 169.0
1 0.0 3.24 9.0 2.236615518946391 50 162.0
2 0.0 3.34 9.0 2.3439892735005667 50 167.0
3 0.0 3.3800000000000003 9.0 2.2121187553463537 50 169.0
4 0.0 3.54 9.0 2.2606663276339476 50 177.0
5 0.0 4.12 24.0 3.6680640503610396 50 206.0
6 0.0 3.7800000000000002 10.0 2.4931743555850527 50 189.0
7 0.0 3.7800000000000002 10.0 2.5257045895095076 50 189.0
8 0.0 3.9 9.0 2.451571757390073 50 195.0
tot,0.0,3.6066666666666656,24.0,2.5253194465947626,450
