##bucket, min, mean, max, stddev, count,total
0 0.0 0.7399999999999998 4.0 0.7230886134196433 50 37.0
1 0.0 0.56 2.0 0.5771145679064043 50 28.0
2 0.0 0.5599999999999999 2.0 0.5771145679064043 50 28.0
3 0.0 0.6599999999999999 4.0 0.7174216873994129 50 33.0
4 0.0 0.7200000000000002 3.0 0.6074369035848369 50 36.0
5 0.0 0.8400000000000001 9.0 1.3149066856004403 50 42.0
6 0.0 0.64 3.0 0.5979557010416099 50 32.0
7 0.0 0.7200000000000001 3.0 0.6074369035848369 50 36.0
8 0.0 0.6799999999999999 3.0 0.5869325309764039 50 34.0
tot,0.0,0.6800000000000003,9.0,0.7340281516360317,450
