##bucket, min, mean, max, stddev, count,total
0 1343.0 1589.18 2766.0 279.4812753393439 50 79459.0
1 1287.0 1545.2 2584.0 260.67643560865383 50 77260.0
2 1285.0 1580.42 2629.0 267.2643795409867 50 79021.0
3 1223.0 1484.64 2554.0 269.33377820398357 50 74232.0
4 1203.0 1468.06 2454.0 250.34249274437886 50 73403.0
5 1252.0 1503.8 2496.0 254.66937349418052 50 75190.0
6 1222.0 1494.84 2490.0 257.80132834793375 50 74742.0
7 1344.0 1611.46 2767.0 281.55879583171264 50 80573.0
8 1313.0 1581.2 2679.0 272.316442577306 50 79060.0
9 1347.0 1621.32 2789.0 284.0729598723051 50 81066.0
10 1364.0 1653.32 2835.0 289.5449237288454 50 82666.0
11 1292.0 1584.76 2655.0 273.47951160060626 50 79238.0
12 1462.0 1760.64 2964.0 301.64053211106244 50 88032.0
13 1337.0 1619.44 2691.0 275.2935472234268 50 80972.0
14 1169.0 1424.26 2377.0 245.60959646876793 50 71213.0
15 1262.0 1541.96 2563.0 261.6397242509677 50 77098.0
16 1339.0 1627.88 2727.0 277.6230479169441 50 81394.0
17 1307.0 1574.64 2640.0 269.8493729502306 50 78732.0
18 1406.0 1724.48 2894.0 296.10672648453584 50 86224.0
19 1390.0 1689.64 2820.0 288.77204907423186 50 84482.0
20 1486.0 1803.42 3060.0 314.77637608114037 50 90171.0
21 1493.0 1759.4 2963.0 299.9055633674966 50 87970.0
22 1386.0 1693.24 2882.0 293.5151186871967 50 84662.0
23 1338.0 1632.18 2750.0 279.4363634613251 50 81609.0
24 1417.0 1727.22 2872.0 292.04474706064184 50 86361.0
25 1392.0 1669.56 2753.0 277.8137799435633 50 83478.0
26 1272.0 1525.56 2696.0 272.53153047315607 50 76278.0
27 1444.0 1755.96 2912.0 298.7130190585974 50 87798.0
28 1379.0 1674.22 2808.0 290.18265113615627 50 83711.0
29 1300.0 1557.34 2600.0 266.30852216854004 50 77867.0
30 1126.0 1361.72 2264.0 229.2800657960229 50 68086.0
31 1548.0 1857.76 3193.0 323.49617920337744 50 92888.0
32 1487.0 1807.44 3014.0 309.94207227039266 50 90372.0
33 1505.0 1821.28 3067.0 313.8063252962221 50 91064.0
34 1537.0 1858.88 3161.0 322.89472853282336 50 92944.0
35 1512.0 1846.46 3159.0 323.84489925813284 50 92323.0
36 1482.0 1800.78 3031.0 309.18406709747967 50 90039.0
37 1588.0 1855.28 3116.0 312.3347915951989 50 92764.0
38 1441.0 1715.78 2859.0 290.79744616120263 50 85789.0
39 1465.0 1784.5 2966.0 302.42308855276895 50 89225.0
40 1450.0 1763.94 2962.0 302.3788278140586 50 88197.0
41 1538.0 1812.76 3045.0 308.1205409496454 50 90638.0
42 1395.0 1697.34 2902.0 297.1330774489533 50 84867.0
43 1606.0 1965.06 3274.0 333.603724958404 50 98253.0
44 1401.0 1709.2 2879.0 296.59372335687397 50 85460.0
45 1479.0 1804.74 3077.0 314.67876785505484 50 90237.0
46 1409.0 1720.48 2947.0 295.7313480239821 50 86024.0
47 1449.0 1760.96 2976.0 300.88027044466895 50 88048.0
48 1462.0 1795.26 3081.0 312.5229663397491 50 89763.0
49 1484.0 1795.8 3009.0 306.08028825316876 50 89790.0
50 1488.0 1813.14 3038.0 311.21677004811886 50 90657.0
51 1424.0 1729.8 2906.0 297.8222315957173 50 86490.0
52 1493.0 1806.26 3027.0 308.9674581636092 50 90313.0
53 1510.0 1834.44 3082.0 317.12124508085645 50 91722.0
54 1388.0 1674.06 2858.0 293.89796993972897 50 83703.0
55 1404.0 1713.18 2860.0 292.6186966559947 50 85659.0
56 1462.0 1750.92 2928.0 298.0969462905568 50 87546.0
57 1428.0 1744.54 2900.0 295.3465767673011 50 87227.0
tot,1126.0,1691.0517241379323,3274.0,314.4275131104475,2900
