##ver, min, mean, max, stddev, count
0 674.0 759.76 911.0 30.081223379377374 50 37988.0
1 705.0 800.12 984.0 35.372444019580655 50 40006.0
2 668.0 756.22 864.0 27.428043149674533 50 37811.0
3 698.0 798.08 881.0 29.872408947497537 50 39904.0
4 584.0 693.92 734.0 24.478095163985756 50 34696.0
5 594.0 689.7 741.0 23.73858479697695 50 34485.0
6 623.0 720.94 770.0 25.02277330100461 50 36047.0
7 621.0 711.72 831.0 29.671700253244133 50 35586.0
8 722.0 825.54 889.0 29.40721138824035 50 41277.0
9 691.0 795.74 877.0 26.947272778596385 50 39787.0
10 738.0 835.24 970.0 29.982688882971473 50 41762.0
11 760.0 865.62 942.0 29.525423150987994 50 43281.0
12 692.0 795.16 871.0 28.93438036915495 50 39758.0
13 852.0 970.04 1077.0 33.266370835596554 50 48502.0
14 742.0 840.6 948.0 32.30656722269151 50 42030.0
15 562.0 645.44 782.0 27.908129164624906 50 32272.0
16 663.0 754.24 794.0 20.866494967888062 50 37712.0
17 740.0 840.94 881.0 24.056404807138115 50 42047.0
18 697.0 789.8 837.0 25.37876341851709 50 39490.0
19 810.0 930.3 977.0 27.799757743769014 50 46515.0
20 793.0 911.5 1118.0 45.91440572479649 50 45575.0
21 890.0 1020.88 1271.0 47.78251750998305 50 51044.0
22 851.0 971.9 1085.0 31.538929620909034 50 48595.0
23 794.0 902.2 993.0 32.309093936853266 50 45110.0
24 742.0 850.82 1106.0 45.48141131836395 50 42541.0
25 819.0 939.88 1034.0 33.46191255497411 50 46994.0
26 763.0 879.68 1189.0 53.69241195961323 50 43984.0
27 652.0 742.5 855.0 25.42556161962739 50 37125.0
28 834.0 964.4 1071.0 38.21101454624126 50 48220.0
29 771.0 889.58 997.0 35.31842902184961 50 44479.0
30 677.0 774.92 871.0 26.82660878261564 50 38746.0
31 514.0 577.54 638.0 19.8167214488066 50 28877.0
32 935.0 1070.24 1213.0 42.98673739465157 50 53512.0
33 885.0 1020.04 1139.0 43.933140296665925 50 51002.0
34 895.0 1038.64 1313.0 57.65228635925015 50 51932.0
35 921.0 1055.16 1113.0 37.35290060588962 50 52758.0
36 915.0 1046.26 1120.0 33.998085180173995 50 52313.0
37 878.0 1010.72 1089.0 37.13628513286416 50 50536.0
38 930.0 1064.74 1123.0 32.96368440869313 50 53237.0
39 812.0 925.24 970.0 30.358779787799143 50 46262.0
40 863.0 990.92 1068.0 34.58549890769075 50 49546.0
41 854.0 976.22 1055.0 35.45292365825937 50 48811.0
42 898.0 1020.94 1194.0 40.95612884289625 50 51047.0
43 794.0 912.68 1042.0 36.45765785574453 50 45634.0
44 1023.0 1165.8 1219.0 38.771439098851076 50 58290.0
45 801.0 923.78 1042.0 34.09607673882132 50 46189.0
46 896.0 1012.46 1086.0 29.23180403852863 50 50623.0
47 801.0 922.78 971.0 30.565613599171822 50 46139.0
48 843.0 968.36 1034.0 34.65501112275636 50 48418.0
49 869.0 993.02 1048.0 34.093203583885234 50 49651.0
50 901.0 1001.6 1075.0 30.44432858279425 50 50080.0
51 892.0 1022.64 1108.0 35.794629627977464 50 51132.0
52 822.0 946.44 1043.0 33.68107322930122 50 47322.0
53 902.0 1024.46 1175.0 36.405432427099136 50 51223.0
54 907.0 1044.46 1116.0 37.09844047550093 50 52223.0
55 774.0 883.26 961.0 30.723128295225695 50 44163.0
56 813.0 924.82 973.0 30.609915693701446 50 46241.0
57 839.0 958.32 1040.0 32.46878563815294 50 47916.0
