##bucket, min, mean, max, stddev, count,total
0 6.0 9.833333333333332 27.0 8.424171571535487 6 59.0
1 4.0 7.5 14.0 3.449637662132068 6 45.0
2 5.0 7.5 12.0 2.4289915602982237 6 45.0
3 6.0 8.333333333333334 12.0 2.8751811537130436 6 50.0
4 4.0 7.5 12.0 2.588435821108957 6 45.0
5 5.0 7.0 8.0 1.0954451150103321 6 42.0
6 5.0 7.166666666666667 9.0 1.329160135825126 6 43.0
7 5.0 7.333333333333333 9.0 1.3662601021279464 6 44.0
8 5.0 7.666666666666667 10.0 1.632993161855452 6 46.0
tot,4.0,7.7592592592592595,27.0,3.3417608350518186,54
