##bucket, min, mean, max, stddev, count,total
0 1.0 6.673913043478261 31.0 5.42034991829079 46 307.0
1 0.0 6.5434782608695645 24.0 5.014230955719402 46 301.0
2 0.0 6.456521739130435 17.0 4.622200157881192 46 297.0
3 0.0 6.956521739130435 19.0 5.033030991975269 46 320.0
4 0.0 7.130434782608695 19.0 4.942373229542325 46 328.0
5 0.0 7.326086956521739 20.0 5.185682630842934 46 337.0
6 0.0 7.6521739130434785 20.0 5.2798038318118845 46 352.0
7 1.0 7.956521739130435 22.0 5.589500163457791 46 366.0
8 0.0 8.26086956521739 24.0 6.234081176560185 46 380.0
tot,0.0,7.217391304347828,31.0,5.259013888224138,414
