##bucket, min, mean, max, stddev, count,total
0 0.0 1.080000000000001 23.0 3.2251562214970644 50 54.0
1 0.0 0.4600000000000001 3.0 0.6455499158682864 50 23.0
2 0.0 0.39999999999999997 2.0 0.5714285714285715 50 20.0
3 0.0 0.5 1.0 0.5050762722761054 50 25.0
4 0.0 0.31999999999999995 1.0 0.471212071499161 50 16.0
5 0.0 0.48 2.0 0.5436085025840128 50 24.0
6 0.0 0.5799999999999998 2.0 0.6091144458665101 50 29.0
7 0.0 0.6599999999999999 2.0 0.5928141120356122 50 33.0
8 0.0 0.42000000000000004 2.0 0.5379477252503635 50 21.0
tot,0.0,0.5444444444444445,23.0,1.206525604226883,450
