---PATTERN START:  http://data.ordnancesurvey.co.uk/ontology/admingeo/hasAreaCode  .
--- ---VERSION MATERIALIZED
patch,offset,limit,count-ms,lookup-mus,results
4,0,-2,9,3892,1639
5,0,-2,1587,34123,1772
6,0,-2,2321,31048,1434
7,0,-2,3356,33261,1656
3,0,-2,2601,36825,1268
2,0,-2,2685,35293,1462
1,0,-2,2476,34962,1454
0,0,-2,38,34657,1365
--- ---DELTA MATERIALIZED
patch_start,patch_end,offset,limit,count-ms,lookup-mus,results
0,1,0,-2,2496,5241,95
0,2,0,-2,2714,5730,355
0,3,0,-2,2472,5245,105
0,4,0,-2,35,7498,376
0,5,0,-2,1523,11662,479
0,6,0,-2,2348,11663,565
0,7,0,-2,3387,12038,387
1,2,0,-2,5162,5858,444
1,3,0,-2,4919,5407,192
1,4,0,-2,2480,6416,287
1,5,0,-2,3949,10601,392
1,6,0,-2,4788,10643,496
1,7,0,-2,5827,10970,296
2,3,0,-2,5153,5565,272
2,4,0,-2,2687,5634,209
2,5,0,-2,4157,9813,314
2,6,0,-2,4998,9830,380
2,7,0,-2,6028,10204,224
3,4,0,-2,2446,7974,463
3,5,0,-2,3925,12222,578
3,6,0,-2,4758,12192,644
3,7,0,-2,5795,12605,480
4,5,0,-2,1545,4219,135
4,6,0,-2,2321,4265,241
4,7,0,-2,3348,4583,39
5,6,0,-2,3795,7814,411
5,7,0,-2,4854,7832,423
6,7,0,-2,5661,7820,454
--- ---VERSION
offset,limit,count-ms,lookup-mus,results
0,-2,4538,58386,1810
---PATTERN START:  http://d-nb.info/standards/elementset/gnd#preferredNameForTheSubjectHeading  .
--- ---VERSION MATERIALIZED
patch,offset,limit,count-ms,lookup-mus,results
4,0,-2,8,4839,1849
5,0,-2,4191,41842,1984
6,0,-2,4608,35692,1644
7,0,-2,8754,40412,1866
3,0,-2,2278,32670,1415
2,0,-2,2172,32624,1673
1,0,-2,2488,32131,1592
0,0,-2,2159,31432,1567
--- ---DELTA MATERIALIZED
patch_start,patch_end,offset,limit,count-ms,lookup-mus,results
0,1,0,-2,4624,4779,88
0,2,0,-2,4318,5512,446
0,3,0,-2,4274,4934,169
0,4,0,-2,2169,5188,294
0,5,0,-2,6175,15267,433
0,6,0,-2,6876,18683,501
0,7,0,-2,11093,16188,311
1,2,0,-2,4611,5653,526
1,3,0,-2,4642,5005,197
1,4,0,-2,2468,5955,261
1,5,0,-2,6636,15787,400
1,6,0,-2,7031,19380,468
1,7,0,-2,11415,16648,278
2,3,0,-2,4274,5294,331
2,4,0,-2,2190,5154,180
2,5,0,-2,6195,14886,319
2,6,0,-2,6923,18084,29
2,7,0,-2,10890,15736,197
3,4,0,-2,2129,7231,440
3,5,0,-2,6308,17135,579
3,6,0,-2,6866,19837,235
3,7,0,-2,11118,18392,457
4,5,0,-2,4043,9386,139
4,6,0,-2,4557,13160,207
4,7,0,-2,8986,10759,17
5,6,0,-2,8915,9609,139
5,7,0,-2,13174,9642,329
6,7,0,-2,13249,9908,224
--- ---VERSION
offset,limit,count-ms,lookup-mus,results
0,-2,7132,57338,1994
---PATTERN START:  http://purl.org/dc/elements/1.1/language  .
--- ---VERSION MATERIALIZED
patch,offset,limit,count-ms,lookup-mus,results
4,0,-2,8,3643,1373
5,0,-2,4836,51200,1377
6,0,-2,2291,45862,1438
7,0,-2,211,43389,1430
3,0,-2,105,51076,1406
2,0,-2,37,47958,1446
1,0,-2,37,48106,1705
0,0,-2,37,48532,1917
--- ---DELTA MATERIALIZED
patch_start,patch_end,offset,limit,count-ms,lookup-mus,results
0,1,0,-2,56,32943,998
0,2,0,-2,59,32864,949
0,3,0,-2,60,32528,755
0,4,0,-2,31,27501,1088
0,5,0,-2,4685,45550,1548
0,6,0,-2,2283,45824,1710
0,7,0,-2,225,45957,1665
1,2,0,-2,62,32961,1011
1,3,0,-2,59,32329,527
1,4,0,-2,32,26868,883
1,5,0,-2,4704,44675,1343
1,6,0,-2,2280,44969,1505
1,7,0,-2,229,44904,1460
2,3,0,-2,56,32472,638
2,4,0,-2,32,26046,626
2,5,0,-2,4684,43384,1088
2,6,0,-2,2272,43850,1252
2,7,0,-2,227,43721,1207
3,4,0,-2,33,24583,503
3,5,0,-2,4680,41923,969
3,6,0,-2,2271,42191,1133
3,7,0,-2,243,42237,1088
4,5,0,-2,4651,15965,470
4,6,0,-2,2245,16705,636
4,7,0,-2,200,16674,591
5,6,0,-2,6895,17661,568
5,7,0,-2,4848,18046,860
6,7,0,-2,2453,17909,762
--- ---VERSION
offset,limit,count-ms,lookup-mus,results
0,-2,19999,108783,2993
---PATTERN START:  http://data.ordnancesurvey.co.uk/ontology/admingeo/gssCode  .
--- ---VERSION MATERIALIZED
patch,offset,limit,count-ms,lookup-mus,results
4,0,-2,8,3372,1539
5,0,-2,5432,33127,1627
6,0,-2,3918,29912,1339
7,0,-2,5285,32607,1545
3,0,-2,2475,34519,1223
2,0,-2,2646,33279,1368
1,0,-2,2338,32650,1348
0,0,-2,2332,32250,1305
--- ---DELTA MATERIALIZED
patch_start,patch_end,offset,limit,count-ms,lookup-mus,results
0,1,0,-2,4680,4947,156
0,2,0,-2,4966,5559,545
0,3,0,-2,4652,4938,165
0,4,0,-2,2330,5102,304
0,5,0,-2,7614,10800,392
0,6,0,-2,5464,12328,420
0,7,0,-2,7579,10963,310
1,2,0,-2,4963,5857,701
1,3,0,-2,4650,5228,321
1,4,0,-2,2342,4956,226
1,5,0,-2,7600,10665,314
1,6,0,-2,5476,12242,406
1,7,0,-2,7613,10827,232
2,3,0,-2,4949,5290,380
2,4,0,-2,2635,4837,171
2,5,0,-2,7911,10530,259
2,6,0,-2,5749,11598,29
2,7,0,-2,7880,10689,177
3,4,0,-2,2325,5253,386
3,5,0,-2,7601,10967,474
3,6,0,-2,5433,11974,202
3,7,0,-2,7575,11176,392
4,5,0,-2,5290,5679,88
4,6,0,-2,3114,7298,200
4,7,0,-2,5254,5842,6
5,6,0,-2,8359,5641,88
5,7,0,-2,10531,5979,282
6,7,0,-2,8380,5888,206
--- ---VERSION
offset,limit,count-ms,lookup-mus,results
0,-2,5204,54278,1662
---PATTERN START:  http://d-nb.info/standards/elementset/gnd#relatedDdcWithDegreeOfDeterminacy2  .
--- ---VERSION MATERIALIZED
patch,offset,limit,count-ms,lookup-mus,results
4,0,-2,8,3166,1658
5,0,-2,309,31460,1797
6,0,-2,4534,30318,1463
7,0,-2,7277,34662,1671
3,0,-2,1977,27617,1269
2,0,-2,1888,27306,1487
1,0,-2,1873,26885,1439
0,0,-2,1870,26754,1407
--- ---DELTA MATERIALIZED
patch_start,patch_end,offset,limit,count-ms,lookup-mus,results
0,1,0,-2,3717,4184,85
0,2,0,-2,3736,4659,383
0,3,0,-2,3726,4296,163
0,4,0,-2,1861,4721,259
0,5,0,-2,2085,12798,404
0,6,0,-2,5576,15768,464
0,7,0,-2,9134,14005,272
1,2,0,-2,3752,4804,462
1,3,0,-2,3712,4357,200
1,4,0,-2,1866,5223,219
1,5,0,-2,2083,13247,364
1,6,0,-2,5576,16038,426
1,7,0,-2,9126,14424,232
2,3,0,-2,3749,4452,262
2,4,0,-2,1879,4558,177
2,5,0,-2,2097,12595,322
2,6,0,-2,5594,14920,32
2,7,0,-2,9101,13772,190
3,4,0,-2,1848,7068,393
3,5,0,-2,2078,15251,538
3,6,0,-2,5575,17368,194
3,7,0,-2,9090,16441,406
4,5,0,-2,215,7829,145
4,6,0,-2,3728,10835,207
4,7,0,-2,7256,9028,13
5,6,0,-2,3944,7697,141
5,7,0,-2,7434,8016,335
6,7,0,-2,10916,7954,212
--- ---VERSION
offset,limit,count-ms,lookup-mus,results
0,-2,5773,49782,1808
---PATTERN START:  http://data.ordnancesurvey.co.uk/ontology/admingeo/inCounty  .
--- ---VERSION MATERIALIZED
patch,offset,limit,count-ms,lookup-mus,results
4,0,-2,9,2816,1321
5,0,-2,143,26424,1454
6,0,-2,1558,25716,1175
7,0,-2,1549,25359,1338
3,0,-2,1522,28611,1150
2,0,-2,1465,27571,1174
1,0,-2,1397,27799,1257
0,0,-2,59,27559,1247
--- ---DELTA MATERIALIZED
patch_start,patch_end,offset,limit,count-ms,lookup-mus,results
0,1,0,-2,1441,2853,65
0,2,0,-2,1506,3043,181
0,3,0,-2,1424,2905,105
0,4,0,-2,54,2964,172
0,5,0,-2,101,6251,267
0,6,0,-2,1600,6425,322
0,7,0,-2,1595,6155,183
1,2,0,-2,2862,3141,240
1,3,0,-2,2763,3005,162
1,4,0,-2,1392,2851,113
1,5,0,-2,1442,6147,210
1,6,0,-2,2941,6313,263
1,7,0,-2,2936,6042,124
2,3,0,-2,2820,2891,98
2,4,0,-2,1460,3017,179
2,5,0,-2,1511,6316,290
2,6,0,-2,3003,5963,15
2,7,0,-2,2998,6214,200
3,4,0,-2,1373,3145,259
3,5,0,-2,1421,6461,366
3,6,0,-2,2920,6633,419
3,7,0,-2,2912,6367,276
4,5,0,-2,53,3317,135
4,6,0,-2,1552,3483,182
4,7,0,-2,1548,3209,39
5,6,0,-2,1596,3392,123
5,7,0,-2,1594,3673,282
6,7,0,-2,3089,3524,189
--- ---VERSION
offset,limit,count-ms,lookup-mus,results
0,-2,2986,45608,1502
---PATTERN START:  http://d-nb.info/standards/elementset/gnd#gndIdentifier  .
--- ---VERSION MATERIALIZED
patch,offset,limit,count-ms,lookup-mus,results
4,0,-2,8,5119,1893
5,0,-2,2792,39354,2028
6,0,-2,4545,36896,1688
7,0,-2,5643,38686,1910
3,0,-2,2211,33525,1459
2,0,-2,2098,33924,1717
1,0,-2,2504,34076,1636
0,0,-2,2415,33914,1603
--- ---DELTA MATERIALIZED
patch_start,patch_end,offset,limit,count-ms,lookup-mus,results
0,1,0,-2,4904,4543,91
0,2,0,-2,4531,5076,372
0,3,0,-2,4471,4666,164
0,4,0,-2,2410,4970,302
0,5,0,-2,5065,11580,441
0,6,0,-2,6933,13607,363
0,7,0,-2,8053,12266,319
1,2,0,-2,4581,5220,439
1,3,0,-2,4558,4707,179
1,4,0,-2,2500,4817,261
1,5,0,-2,5143,11358,400
1,6,0,-2,7013,13490,412
1,7,0,-2,8131,12077,278
2,3,0,-2,4177,4860,262
2,4,0,-2,2093,4721,180
2,5,0,-2,4764,11197,319
2,6,0,-2,6602,12887,29
2,7,0,-2,7739,11862,197
3,4,0,-2,2070,7208,440
3,5,0,-2,4721,13880,579
3,6,0,-2,6589,15254,235
3,7,0,-2,7709,14582,457
4,5,0,-2,2663,6277,139
4,6,0,-2,4535,8743,207
4,7,0,-2,5640,6979,17
5,6,0,-2,7187,6232,139
5,7,0,-2,8302,6557,329
6,7,0,-2,10161,6475,224
--- ---VERSION
offset,limit,count-ms,lookup-mus,results
0,-2,5227,57120,2037
---PATTERN START:  http://data.ordnancesurvey.co.uk/ontology/admingeo/inEuropeanRegion  .
--- ---VERSION MATERIALIZED
patch,offset,limit,count-ms,lookup-mus,results
4,0,-2,9,3680,1635
5,0,-2,149,31717,1768
6,0,-2,1904,29781,1430
7,0,-2,1902,31355,1652
3,0,-2,2609,35963,1264
2,0,-2,2541,34112,1458
1,0,-2,2473,34056,1450
0,0,-2,40,33680,1361
--- ---DELTA MATERIALIZED
patch_start,patch_end,offset,limit,count-ms,lookup-mus,results
0,1,0,-2,2492,5264,95
0,2,0,-2,2573,5713,355
0,3,0,-2,2470,5282,105
0,4,0,-2,33,5648,376
0,5,0,-2,88,9712,497
0,6,0,-2,1931,10002,605
0,7,0,-2,1934,9577,401
1,2,0,-2,5002,5888,444
1,3,0,-2,4907,5438,192
1,4,0,-2,2469,5515,287
1,5,0,-2,2531,9538,410
1,6,0,-2,4368,9826,518
1,7,0,-2,4363,9395,314
2,3,0,-2,4971,5562,272
2,4,0,-2,2531,5352,209
2,5,0,-2,2584,9366,314
2,6,0,-2,4433,9650,418
2,7,0,-2,4427,9266,224
3,4,0,-2,2439,5822,463
3,5,0,-2,2494,9906,594
3,6,0,-2,4341,10187,702
3,7,0,-2,4346,9794,494
4,5,0,-2,57,4057,135
4,6,0,-2,1911,4335,241
4,7,0,-2,1917,3944,39
5,6,0,-2,1954,4141,123
5,7,0,-2,1969,4557,341
6,7,0,-2,3795,4406,248
--- ---VERSION
offset,limit,count-ms,lookup-mus,results
0,-2,4509,56069,1818
---PATTERN START:  http://data.ordnancesurvey.co.uk/ontology/admingeo/inDistrict  .
--- ---VERSION MATERIALIZED
patch,offset,limit,count-ms,lookup-mus,results
4,0,-2,9,3146,1454
5,0,-2,3032,29677,1542
6,0,-2,1476,27007,1254
7,0,-2,2905,29111,1460
3,0,-2,2049,32969,1142
2,0,-2,1906,31434,1283
1,0,-2,2048,31572,1268
0,0,-2,1909,29967,1190
--- ---DELTA MATERIALIZED
patch_start,patch_end,offset,limit,count-ms,lookup-mus,results
0,1,0,-2,3925,5274,108
0,2,0,-2,3786,5848,456
0,3,0,-2,3779,5183,82
0,4,0,-2,1898,5801,298
0,5,0,-2,4795,9137,378
0,6,0,-2,3368,10706,498
0,7,0,-2,4796,9229,304
1,2,0,-2,3935,6033,564
1,3,0,-2,3919,5383,190
1,4,0,-2,2052,5243,220
1,5,0,-2,4931,8566,300
1,6,0,-2,3502,10129,420
1,7,0,-2,4934,8678,226
2,3,0,-2,3778,5702,374
2,4,0,-2,1894,4531,171
2,5,0,-2,4790,7901,259
2,6,0,-2,3358,8880,29
2,7,0,-2,4790,7972,177
3,4,0,-2,1889,6364,380
3,5,0,-2,4789,9706,460
3,6,0,-2,3357,11284,580
3,7,0,-2,4802,9812,386
4,5,0,-2,2897,3342,88
4,6,0,-2,1471,4872,200
4,7,0,-2,2907,3427,6
5,6,0,-2,4368,3229,88
5,7,0,-2,5806,3604,282
6,7,0,-2,4378,3478,206
--- ---VERSION
offset,limit,count-ms,lookup-mus,results
0,-2,3563,49628,1576
---PATTERN START:  http://data.ordnancesurvey.co.uk/ontology/admingeo/hasUnitID  .
--- ---VERSION MATERIALIZED
patch,offset,limit,count-ms,lookup-mus,results
4,0,-2,9,3902,1639
5,0,-2,885,32123,1772
6,0,-2,1656,29540,1434
7,0,-2,2398,32436,1656
3,0,-2,2485,35774,1268
2,0,-2,2349,34008,1462
1,0,-2,2943,34623,1403
0,0,-2,272,31594,1314
--- ---DELTA MATERIALIZED
patch_start,patch_end,offset,limit,count-ms,lookup-mus,results
0,1,0,-2,3186,5067,95
0,2,0,-2,2591,5472,355
0,3,0,-2,2594,5032,105
0,4,0,-2,270,6673,376
0,5,0,-2,1057,10081,471
0,6,0,-2,1911,10340,565
0,7,0,-2,2650,9979,387
1,2,0,-2,5253,5634,444
1,3,0,-2,5231,5201,192
1,4,0,-2,2926,6061,287
1,5,0,-2,3708,9489,384
1,6,0,-2,4574,9734,476
1,7,0,-2,5319,9406,296
2,3,0,-2,4652,5322,272
2,4,0,-2,2327,5441,209
2,5,0,-2,3127,8895,314
2,6,0,-2,3972,9009,340
2,7,0,-2,4719,8768,224
3,4,0,-2,2318,7126,463
3,5,0,-2,3117,10584,570
3,6,0,-2,3963,10741,606
3,7,0,-2,4696,10477,480
4,5,0,-2,790,3454,135
4,6,0,-2,1644,3704,241
4,7,0,-2,2436,3339,39
5,6,0,-2,2427,4865,303
5,7,0,-2,3165,4896,341
6,7,0,-2,4049,5053,428
--- ---VERSION
offset,limit,count-ms,lookup-mus,results
0,-2,4150,55916,1806
