---PATTERN START: http://d.opencalais.com/er/company/ralg-tr1r/7ada1395-723c-3efa-82f0-f86cf4807062   .
--- ---VERSION MATERIALIZED
patch,offset,limit,count-ms,lookup-mus,results
4,0,-2,6,123,52
5,0,-2,483,1384,52
6,0,-2,412,1345,52
7,0,-2,412,1338,52
3,0,-2,616,1507,52
2,0,-2,535,1473,48
1,0,-2,557,1539,64
0,0,-2,26,1532,69
--- ---DELTA MATERIALIZED
patch_start,patch_end,offset,limit,count-ms,lookup-mus,results
0,1,0,-2,566,1221,67
0,2,0,-2,547,1178,53
0,3,0,-2,562,1179,61
0,4,0,-2,21,1225,77
0,5,0,-2,425,2025,79
0,6,0,-2,426,2073,81
0,7,0,-2,428,2099,83
1,2,0,-2,1073,1231,74
1,3,0,-2,1089,1146,44
1,4,0,-2,547,1183,66
1,5,0,-2,981,1989,68
1,6,0,-2,951,2860,84
1,7,0,-2,958,2055,72
2,3,0,-2,1067,1217,68
2,4,0,-2,530,1190,58
2,5,0,-2,938,1997,68
2,6,0,-2,934,2002,58
2,7,0,-2,933,2024,68
3,4,0,-2,540,1145,58
3,5,0,-2,950,1946,54
3,6,0,-2,951,1973,56
3,7,0,-2,947,1983,56
4,5,0,-2,407,907,56
4,6,0,-2,409,958,66
4,7,0,-2,409,970,70
5,6,0,-2,811,897,38
5,7,0,-2,809,983,74
6,7,0,-2,817,958,56
--- ---VERSION
offset,limit,count-ms,lookup-mus,results
0,-2,916,4526,174
---PATTERN START: http://d.opencalais.com/er/company/ralg-tr1r/bfb2f874-c4fe-3e67-b22f-57148962f952   .
--- ---VERSION MATERIALIZED
patch,offset,limit,count-ms,lookup-mus,results
4,0,-2,6,121,56
5,0,-2,606,1539,56
6,0,-2,537,1525,56
7,0,-2,535,1515,56
3,0,-2,801,1744,56
2,0,-2,691,1683,52
1,0,-2,775,1861,82
0,0,-2,25,1772,86
--- ---DELTA MATERIALIZED
patch_start,patch_end,offset,limit,count-ms,lookup-mus,results
0,1,0,-2,788,1534,90
0,2,0,-2,702,1463,70
0,3,0,-2,737,1455,66
0,4,0,-2,20,1553,96
0,5,0,-2,549,2582,104
0,6,0,-2,553,2563,90
0,7,0,-2,548,2581,96
1,2,0,-2,1447,1526,98
1,3,0,-2,2282,1440,54
1,4,0,-2,772,1500,74
1,5,0,-2,1299,2523,84
1,6,0,-2,1303,2545,88
1,7,0,-2,1306,2544,86
2,3,0,-2,1400,1479,76
2,4,0,-2,687,1483,68
2,5,0,-2,1225,2500,80
2,6,0,-2,1223,2481,64
2,7,0,-2,1216,2511,66
3,4,0,-2,720,1431,72
3,5,0,-2,1254,2426,70
3,6,0,-2,1252,2431,68
3,7,0,-2,1248,2506,70
4,5,0,-2,537,1123,68
4,6,0,-2,538,1129,62
4,7,0,-2,533,1169,68
5,6,0,-2,1064,1112,54
5,7,0,-2,1054,1192,94
6,7,0,-2,1058,1134,64
--- ---VERSION
offset,limit,count-ms,lookup-mus,results
0,-2,1187,5270,204
---PATTERN START: http://d.opencalais.com/er/company/ralg-tr1r/b153a812-f800-3b38-945e-63991fcec62a   .
--- ---VERSION MATERIALIZED
patch,offset,limit,count-ms,lookup-mus,results
4,0,-2,6,115,52
5,0,-2,531,1392,52
6,0,-2,477,1357,52
7,0,-2,470,2169,52
3,0,-2,739,1660,52
2,0,-2,675,1610,52
1,0,-2,677,1682,76
0,0,-2,26,1670,90
--- ---DELTA MATERIALIZED
patch_start,patch_end,offset,limit,count-ms,lookup-mus,results
0,1,0,-2,692,1494,90
0,2,0,-2,686,1445,72
0,3,0,-2,682,1432,72
0,4,0,-2,21,1524,116
0,5,0,-2,486,2424,106
0,6,0,-2,484,2421,92
0,7,0,-2,486,2455,110
1,2,0,-2,1334,1447,80
1,3,0,-2,1330,1393,54
1,4,0,-2,681,1468,88
1,5,0,-2,1137,2362,86
1,6,0,-2,1138,2365,80
1,7,0,-2,1139,2371,92
2,3,0,-2,1326,1429,68
2,4,0,-2,666,1381,66
2,5,0,-2,1132,2301,68
2,6,0,-2,1135,2305,64
2,7,0,-2,1131,2324,72
3,4,0,-2,665,1370,70
3,5,0,-2,1128,2265,70
3,6,0,-2,1129,2277,66
3,7,0,-2,1131,2328,70
4,5,0,-2,468,1022,64
4,6,0,-2,469,1065,70
4,7,0,-2,467,1059,66
5,6,0,-2,930,994,40
5,7,0,-2,925,1094,86
6,7,0,-2,927,1038,62
--- ---VERSION
offset,limit,count-ms,lookup-mus,results
0,-2,1092,5138,205
---PATTERN START: http://d.opencalais.com/er/company/ralg-tr1r/a2472e23-94d8-38e1-9d31-f5d7dd336eaa   .
--- ---VERSION MATERIALIZED
patch,offset,limit,count-ms,lookup-mus,results
4,0,-2,6,134,62
5,0,-2,670,1695,62
6,0,-2,605,1633,62
7,0,-2,604,1647,62
3,0,-2,762,1819,62
2,0,-2,700,1802,62
1,0,-2,714,1859,76
0,0,-2,25,1863,95
--- ---DELTA MATERIALIZED
patch_start,patch_end,offset,limit,count-ms,lookup-mus,results
0,1,0,-2,730,1590,101
0,2,0,-2,710,1529,79
0,3,0,-2,709,1492,75
0,4,0,-2,20,1590,111
0,5,0,-2,619,2809,117
0,6,0,-2,622,2796,109
0,7,0,-2,633,2782,113
1,2,0,-2,1416,1524,86
1,3,0,-2,1404,1515,66
1,4,0,-2,714,1548,90
1,5,0,-2,1328,2708,92
1,6,0,-2,1308,2711,100
1,7,0,-2,1306,2724,96
2,3,0,-2,1382,1506,62
2,4,0,-2,1496,1504,82
2,5,0,-2,1298,2678,82
2,6,0,-2,1295,2669,84
2,7,0,-2,1292,2669,76
3,4,0,-2,694,1430,68
3,5,0,-2,1295,2666,86
3,6,0,-2,1294,2700,88
3,7,0,-2,1293,2645,76
4,5,0,-2,598,1313,82
4,6,0,-2,602,1348,88
4,7,0,-2,602,1332,74
5,6,0,-2,1196,1315,46
5,7,0,-2,1199,1456,108
6,7,0,-2,1202,1395,84
--- ---VERSION
offset,limit,count-ms,lookup-mus,results
0,-2,1238,5693,235
---PATTERN START: http://d.opencalais.com/er/company/ralg-tr1r/96cc2627-e55b-39a8-a027-b600c57e40f6   .
--- ---VERSION MATERIALIZED
patch,offset,limit,count-ms,lookup-mus,results
4,0,-2,6,150,73
5,0,-2,690,1924,69
6,0,-2,643,1933,73
7,0,-2,648,1926,73
3,0,-2,844,2074,73
2,0,-2,784,2025,73
1,0,-2,793,2077,94
0,0,-2,32,2082,98
--- ---DELTA MATERIALIZED
patch_start,patch_end,offset,limit,count-ms,lookup-mus,results
0,1,0,-2,808,1774,106
0,2,0,-2,808,1689,75
0,3,0,-2,811,1742,99
0,4,0,-2,29,1814,115
0,5,0,-2,646,3040,115
0,6,0,-2,668,3018,111
0,7,0,-2,671,3014,113
1,2,0,-2,1556,1790,105
1,3,0,-2,1569,1717,73
1,4,0,-2,794,1755,103
1,5,0,-2,1408,2977,109
1,6,0,-2,1425,2968,99
1,7,0,-2,1432,3009,101
2,3,0,-2,1565,1749,88
2,4,0,-2,1596,1686,86
2,5,0,-2,1396,2905,84
2,6,0,-2,1417,2929,88
2,7,0,-2,1427,2966,92
3,4,0,-2,786,1663,80
3,5,0,-2,1419,2925,98
3,6,0,-2,1432,2871,78
3,7,0,-2,1426,2899,82
4,5,0,-2,619,1407,94
4,6,0,-2,642,1384,82
4,7,0,-2,649,1419,92
5,6,0,-2,1261,1345,62
5,7,0,-2,1263,1445,110
6,7,0,-2,1283,1391,74
--- ---VERSION
offset,limit,count-ms,lookup-mus,results
0,-2,1372,6166,237
---PATTERN START: http://d.opencalais.com/er/company/ralg-tr1r/6c4a7301-1fc1-34c3-8139-90bfafe561e3   .
--- ---VERSION MATERIALIZED
patch,offset,limit,count-ms,lookup-mus,results
4,0,-2,6,116,62
5,0,-2,604,1568,62
6,0,-2,542,1523,62
7,0,-2,540,1519,62
3,0,-2,727,1731,62
2,0,-2,649,1697,58
1,0,-2,676,1758,77
0,0,-2,24,1762,90
--- ---DELTA MATERIALIZED
patch_start,patch_end,offset,limit,count-ms,lookup-mus,results
0,1,0,-2,690,1489,95
0,2,0,-2,664,1430,68
0,3,0,-2,678,1452,88
0,4,0,-2,20,1508,106
0,5,0,-2,553,3383,92
0,6,0,-2,556,2642,110
0,7,0,-2,556,2615,102
1,2,0,-2,1310,1427,75
1,3,0,-2,1328,1400,57
1,4,0,-2,674,1485,89
1,5,0,-2,1208,2535,83
1,6,0,-2,1208,2552,91
1,7,0,-2,1215,2546,89
2,3,0,-2,1299,1451,82
2,4,0,-2,646,1467,84
2,5,0,-2,1188,2523,74
2,6,0,-2,1179,2553,86
2,7,0,-2,1178,2517,76
3,4,0,-2,664,1367,64
3,5,0,-2,1197,2454,74
3,6,0,-2,1199,2475,66
3,7,0,-2,1202,2528,84
4,5,0,-2,537,1180,72
4,6,0,-2,537,1191,78
4,7,0,-2,540,1206,80
5,6,0,-2,1066,1156,51
5,7,0,-2,1069,1290,99
6,7,0,-2,1074,1226,74
--- ---VERSION
offset,limit,count-ms,lookup-mus,results
0,-2,1165,5232,220
---PATTERN START: http://d.opencalais.com/er/company/ralg-tr1r/9d30b752-24ba-3259-8658-1ecedbd1b8fe   .
--- ---VERSION MATERIALIZED
patch,offset,limit,count-ms,lookup-mus,results
4,0,-2,6,117,59
5,0,-2,593,1488,59
6,0,-2,523,1466,59
7,0,-2,521,1464,59
3,0,-2,683,1603,59
2,0,-2,625,1591,59
1,0,-2,631,1645,82
0,0,-2,36,1664,97
--- ---DELTA MATERIALIZED
patch_start,patch_end,offset,limit,count-ms,lookup-mus,results
0,1,0,-2,671,1350,79
0,2,0,-2,647,1304,70
0,3,0,-2,648,1313,72
0,4,0,-2,32,1379,108
0,5,0,-2,549,2355,90
0,6,0,-2,547,2389,98
0,7,0,-2,547,2369,98
1,2,0,-2,1237,1334,87
1,3,0,-2,1241,1287,57
1,4,0,-2,628,1349,89
1,5,0,-2,1139,2310,77
1,6,0,-2,1143,2338,91
1,7,0,-2,1139,2340,93
2,3,0,-2,1233,2087,60
2,4,0,-2,621,1298,70
2,5,0,-2,1137,2285,72
2,6,0,-2,1135,2329,80
2,7,0,-2,1136,2273,66
3,4,0,-2,619,1254,68
3,5,0,-2,1132,2233,68
3,6,0,-2,1131,2279,66
3,7,0,-2,1140,2311,78
4,5,0,-2,517,1106,68
4,6,0,-2,518,1127,72
4,7,0,-2,516,1128,74
5,6,0,-2,1027,1070,34
5,7,0,-2,1028,1175,92
6,7,0,-2,1028,1166,78
--- ---VERSION
offset,limit,count-ms,lookup-mus,results
0,-2,1088,4893,212
---PATTERN START: http://d.opencalais.com/er/company/ralg-tr1r/f0665d5d-3ce0-3bb7-b0ac-9dfec0b8e236   .
--- ---VERSION MATERIALIZED
patch,offset,limit,count-ms,lookup-mus,results
4,0,-2,6,106,53
5,0,-2,804,1788,53
6,0,-2,721,1748,53
7,0,-2,721,1755,53
3,0,-2,1036,2069,53
2,0,-2,963,2050,53
1,0,-2,981,2099,69
0,0,-2,85,2182,98
--- ---DELTA MATERIALIZED
patch_start,patch_end,offset,limit,count-ms,lookup-mus,results
0,1,0,-2,1052,1686,77
0,2,0,-2,1032,1662,67
0,3,0,-2,1024,1646,71
0,4,0,-2,79,1733,95
0,5,0,-2,789,2899,93
0,6,0,-2,793,2984,99
0,7,0,-2,795,2992,95
1,2,0,-2,1947,1680,80
1,3,0,-2,1921,1617,54
1,4,0,-2,977,1672,74
1,5,0,-2,1684,2852,80
1,6,0,-2,1705,2932,82
1,7,0,-2,1690,2953,86
2,3,0,-2,1898,1647,60
2,4,0,-2,951,1621,64
2,5,0,-2,1664,2758,58
2,6,0,-2,1669,2799,64
2,7,0,-2,1666,2855,68
3,4,0,-2,955,1621,64
3,5,0,-2,1673,2800,66
3,6,0,-2,1667,2780,62
3,7,0,-2,1666,2761,60
4,5,0,-2,714,1244,62
4,6,0,-2,722,1278,68
4,7,0,-2,716,1274,62
5,6,0,-2,1424,1262,38
5,7,0,-2,1428,1350,80
6,7,0,-2,1426,1323,58
--- ---VERSION
offset,limit,count-ms,lookup-mus,results
0,-2,1570,5684,192
---PATTERN START: http://d.opencalais.com/er/company/ralg-tr1r/05b2aa5c-3612-3eae-a9d4-9456fd96d7af   .
--- ---VERSION MATERIALIZED
patch,offset,limit,count-ms,lookup-mus,results
4,0,-2,12,109,57
5,0,-2,630,1570,57
6,0,-2,564,1562,57
7,0,-2,564,1561,57
3,0,-2,743,1698,57
2,0,-2,686,1665,57
1,0,-2,696,1727,78
0,0,-2,26,1750,89
--- ---DELTA MATERIALIZED
patch_start,patch_end,offset,limit,count-ms,lookup-mus,results
0,1,0,-2,708,1523,93
0,2,0,-2,699,1480,80
0,3,0,-2,696,1453,72
0,4,0,-2,21,1509,102
0,5,0,-2,576,2610,100
0,6,0,-2,576,2626,102
0,7,0,-2,575,2604,98
1,2,0,-2,1365,1488,87
1,3,0,-2,1363,1435,57
1,4,0,-2,691,1507,93
1,5,0,-2,1244,2562,81
1,6,0,-2,1245,2583,89
1,7,0,-2,1245,2558,89
2,3,0,-2,1360,1486,80
2,4,0,-2,693,1446,64
2,5,0,-2,1240,2531,68
2,6,0,-2,1238,2511,58
2,7,0,-2,1243,2536,74
3,4,0,-2,680,1414,74
3,5,0,-2,1236,2496,68
3,6,0,-2,1238,2500,70
3,7,0,-2,1240,2521,68
4,5,0,-2,559,1193,70
4,6,0,-2,561,1196,66
4,7,0,-2,558,1195,62
5,6,0,-2,1107,1158,48
5,7,0,-2,1111,1277,106
6,7,0,-2,1111,1223,76
--- ---VERSION
offset,limit,count-ms,lookup-mus,results
0,-2,1211,5281,205
---PATTERN START: http://d.opencalais.com/er/company/ralg-tr1r/83e19a8c-6272-3609-9ddf-df7bb5be2f88   .
--- ---VERSION MATERIALIZED
patch,offset,limit,count-ms,lookup-mus,results
4,0,-2,6,129,57
5,0,-2,603,1578,57
6,0,-2,544,1547,57
7,0,-2,534,1542,56
3,0,-2,755,1800,57
2,0,-2,651,1678,53
1,0,-2,698,1796,78
0,0,-2,27,1773,87
--- ---DELTA MATERIALIZED
patch_start,patch_end,offset,limit,count-ms,lookup-mus,results
0,1,0,-2,711,1512,91
0,2,0,-2,664,1461,72
0,3,0,-2,699,1448,74
0,4,0,-2,21,1506,94
0,5,0,-2,557,2598,98
0,6,0,-2,560,2648,100
0,7,0,-2,546,2670,97
1,2,0,-2,1331,1470,85
1,3,0,-2,1370,1414,59
1,4,0,-2,693,1493,89
1,5,0,-2,1234,2574,85
1,6,0,-2,1233,2587,81
1,7,0,-2,1219,2578,78
2,3,0,-2,1324,1433,68
2,4,0,-2,645,1456,70
2,5,0,-2,1180,2541,74
2,6,0,-2,1183,3380,76
2,7,0,-2,1173,2596,73
3,4,0,-2,686,1401,68
3,5,0,-2,1229,2488,76
3,6,0,-2,1219,2475,62
3,7,0,-2,1225,2519,65
4,5,0,-2,540,1195,66
4,6,0,-2,550,1241,74
4,7,0,-2,530,1242,67
5,6,0,-2,1074,1190,47
5,7,0,-2,1063,1292,100
6,7,0,-2,1062,1245,77
--- ---VERSION
offset,limit,count-ms,lookup-mus,results
0,-2,1153,5389,202
---PATTERN START: http://d.opencalais.com/er/company/ralg-tr1r/b3269092-2d30-32c4-a614-74861864cb15   .
--- ---VERSION MATERIALIZED
patch,offset,limit,count-ms,lookup-mus,results
4,0,-2,6,100,53
5,0,-2,554,1365,49
6,0,-2,515,1368,53
7,0,-2,511,1371,53
3,0,-2,729,1530,53
2,0,-2,643,1496,49
1,0,-2,692,1601,72
0,0,-2,25,1579,90
--- ---DELTA MATERIALIZED
patch_start,patch_end,offset,limit,count-ms,lookup-mus,results
0,1,0,-2,704,1402,88
0,2,0,-2,657,1333,63
0,3,0,-2,1472,1343,71
0,4,0,-2,19,1443,113
0,5,0,-2,502,2420,105
0,6,0,-2,529,2416,99
0,7,0,-2,528,2402,101
1,2,0,-2,1316,1384,79
1,3,0,-2,1340,1298,45
1,4,0,-2,688,1373,73
1,5,0,-2,1171,2356,83
1,6,0,-2,1197,2356,81
1,7,0,-2,1192,2319,73
2,3,0,-2,1290,1344,72
2,4,0,-2,639,1335,70
2,5,0,-2,1122,2309,64
2,6,0,-2,1151,2321,70
2,7,0,-2,1146,2310,64
3,4,0,-2,659,1308,68
3,5,0,-2,1143,2253,68
3,6,0,-2,1161,2243,62
3,7,0,-2,1160,2268,66
4,5,0,-2,489,1060,60
4,6,0,-2,514,1072,62
4,7,0,-2,512,1064,56
5,6,0,-2,996,1041,43
5,7,0,-2,994,1131,93
6,7,0,-2,1015,1074,68
--- ---VERSION
offset,limit,count-ms,lookup-mus,results
0,-2,1111,4522,199
---PATTERN START: http://d.opencalais.com/er/company/ralg-tr1r/29ded604-539e-39dc-a04c-878bfd936337   .
--- ---VERSION MATERIALIZED
patch,offset,limit,count-ms,lookup-mus,results
4,0,-2,6,112,59
5,0,-2,596,1560,59
6,0,-2,522,1527,59
7,0,-2,523,1531,59
3,0,-2,744,1723,59
2,0,-2,680,1679,59
1,0,-2,694,1745,79
0,0,-2,25,1731,89
--- ---DELTA MATERIALIZED
patch_start,patch_end,offset,limit,count-ms,lookup-mus,results
0,1,0,-2,698,1545,98
0,2,0,-2,692,1461,68
0,3,0,-2,688,1478,78
0,4,0,-2,20,1543,108
0,5,0,-2,537,2589,108
0,6,0,-2,536,2620,102
0,7,0,-2,537,2584,98
1,2,0,-2,1343,1489,84
1,3,0,-2,1342,1446,56
1,4,0,-2,681,1507,88
1,5,0,-2,1197,2558,98
1,6,0,-2,1196,2530,82
1,7,0,-2,1194,2523,80
2,3,0,-2,1338,1466,70
2,4,0,-2,688,1467,76
2,5,0,-2,1191,2481,78
2,6,0,-2,1191,2487,68
2,7,0,-2,1187,3265,66
3,4,0,-2,673,1414,74
3,5,0,-2,1189,2461,84
3,6,0,-2,1191,2496,76
3,7,0,-2,1190,2509,78
4,5,0,-2,518,1156,68
4,6,0,-2,518,1173,74
4,7,0,-2,519,1172,72
5,6,0,-2,1031,1121,47
5,7,0,-2,1032,1240,101
6,7,0,-2,1033,1191,68
--- ---VERSION
offset,limit,count-ms,lookup-mus,results
0,-2,1151,5284,210
---PATTERN START: http://d.opencalais.com/er/company/ralg-tr1r/9616a23c-68ce-31ec-bba9-a60d3a8174dc   .
--- ---VERSION MATERIALIZED
patch,offset,limit,count-ms,lookup-mus,results
4,0,-2,6,124,61
5,0,-2,591,1555,61
6,0,-2,525,1522,61
7,0,-2,533,1550,61
3,0,-2,725,1723,61
2,0,-2,654,1645,57
1,0,-2,677,1705,73
0,0,-2,25,1781,92
--- ---DELTA MATERIALIZED
patch_start,patch_end,offset,limit,count-ms,lookup-mus,results
0,1,0,-2,691,1526,95
0,2,0,-2,667,1440,63
0,3,0,-2,679,1471,81
0,4,0,-2,20,1529,105
0,5,0,-2,534,2604,99
0,6,0,-2,542,2555,83
0,7,0,-2,549,2600,109
1,2,0,-2,1318,2288,90
1,3,0,-2,1331,1441,60
1,4,0,-2,674,1496,84
1,5,0,-2,1193,2541,90
1,6,0,-2,1197,2518,76
1,7,0,-2,1199,2514,80
2,3,0,-2,1307,1462,76
2,4,0,-2,651,1482,80
2,5,0,-2,1168,2526,84
2,6,0,-2,1170,2532,78
2,7,0,-2,1196,2549,84
3,4,0,-2,661,1414,68
3,5,0,-2,1175,2434,68
3,6,0,-2,1182,2475,70
3,7,0,-2,1195,2492,70
4,5,0,-2,516,1138,62
4,6,0,-2,526,1188,78
4,7,0,-2,532,1154,62
5,6,0,-2,1034,1127,44
5,7,0,-2,1045,1242,106
6,7,0,-2,1048,1180,70
--- ---VERSION
offset,limit,count-ms,lookup-mus,results
0,-2,1150,5224,212
---PATTERN START: http://d.opencalais.com/er/company/ralg-tr1r/241abae4-775e-3c09-aaca-7019f07aa7fe   .
--- ---VERSION MATERIALIZED
patch,offset,limit,count-ms,lookup-mus,results
4,0,-2,6,140,63
5,0,-2,681,1783,63
6,0,-2,598,1755,63
7,0,-2,605,1753,63
3,0,-2,810,1865,63
2,0,-2,747,1845,63
1,0,-2,769,1916,85
0,0,-2,39,1903,114
--- ---DELTA MATERIALIZED
patch_start,patch_end,offset,limit,count-ms,lookup-mus,results
0,1,0,-2,793,1655,101
0,2,0,-2,773,1563,71
0,3,0,-2,771,1576,77
0,4,0,-2,34,1717,127
0,5,0,-2,637,2838,111
0,6,0,-2,627,2855,115
0,7,0,-2,624,2848,119
1,2,0,-2,1497,1670,108
1,3,0,-2,1500,1562,58
1,4,0,-2,761,1644,98
1,5,0,-2,1364,2770,94
1,6,0,-2,1347,2798,100
1,7,0,-2,1352,3614,98
2,3,0,-2,1478,1580,68
2,4,0,-2,768,1585,80
2,5,0,-2,1345,2706,80
2,6,0,-2,1336,2718,72
2,7,0,-2,1332,2743,78
3,4,0,-2,741,1581,84
3,5,0,-2,1347,2711,78
3,6,0,-2,1335,2731,78
3,7,0,-2,1333,2725,84
4,5,0,-2,602,1302,84
4,6,0,-2,594,1317,70
4,7,0,-2,603,1333,74
5,6,0,-2,1193,1284,51
5,7,0,-2,1195,1414,105
6,7,0,-2,1185,1334,78
--- ---VERSION
offset,limit,count-ms,lookup-mus,results
0,-2,1324,6118,239
---PATTERN START: http://d.opencalais.com/er/company/ralg-tr1r/7ec18c84-7f39-3647-be31-93db49155fd7   .
--- ---VERSION MATERIALIZED
patch,offset,limit,count-ms,lookup-mus,results
4,0,-2,6,116,54
5,0,-2,525,1409,54
6,0,-2,468,1375,54
7,0,-2,467,1378,54
3,0,-2,724,1625,54
2,0,-2,628,1570,50
1,0,-2,669,1695,82
0,0,-2,26,2440,79
--- ---DELTA MATERIALIZED
patch_start,patch_end,offset,limit,count-ms,lookup-mus,results
0,1,0,-2,681,1434,85
0,2,0,-2,641,1378,61
0,3,0,-2,670,1353,61
0,4,0,-2,21,1446,97
0,5,0,-2,478,2335,87
0,6,0,-2,479,2388,93
0,7,0,-2,483,2418,95
1,2,0,-2,1282,1413,84
1,3,0,-2,1311,1330,48
1,4,0,-2,661,1428,92
1,5,0,-2,1135,2319,82
1,6,0,-2,1125,2366,88
1,7,0,-2,1125,2370,88
2,3,0,-2,1271,1373,70
2,4,0,-2,622,1365,68
2,5,0,-2,1080,2240,60
2,6,0,-2,1085,2292,64
2,7,0,-2,1083,2337,72
3,4,0,-2,657,1353,70
3,5,0,-2,1114,2209,62
3,6,0,-2,1114,2255,72
3,7,0,-2,1112,2270,64
4,5,0,-2,461,1002,62
4,6,0,-2,463,1053,72
4,7,0,-2,463,1067,68
5,6,0,-2,918,988,41
5,7,0,-2,931,1094,91
6,7,0,-2,918,1022,62
--- ---VERSION
offset,limit,count-ms,lookup-mus,results
0,-2,1051,4876,199
---PATTERN START: http://d.opencalais.com/er/company/ralg-tr1r/dac98c9f-ccac-32f4-ba55-ec6194a30f34   .
--- ---VERSION MATERIALIZED
patch,offset,limit,count-ms,lookup-mus,results
4,0,-2,6,111,59
5,0,-2,906,1964,59
6,0,-2,830,1944,59
7,0,-2,829,1930,59
3,0,-2,1908,2259,59
2,0,-2,1051,2215,59
1,0,-2,1054,2284,85
0,0,-2,39,2241,90
--- ---DELTA MATERIALIZED
patch_start,patch_end,offset,limit,count-ms,lookup-mus,results
0,1,0,-2,1088,2040,95
0,2,0,-2,1081,1959,77
0,3,0,-2,1078,1956,77
0,4,0,-2,33,1999,99
0,5,0,-2,867,3475,113
0,6,0,-2,861,3526,103
0,7,0,-2,862,3575,119
1,2,0,-2,2097,2007,100
1,3,0,-2,2097,1921,52
1,4,0,-2,1061,1954,92
1,5,0,-2,1895,3374,90
1,6,0,-2,1885,3386,94
1,7,0,-2,1886,3442,88
2,3,0,-2,2092,1966,80
2,4,0,-2,1052,1952,80
2,5,0,-2,1886,3367,80
2,6,0,-2,1887,3403,80
2,7,0,-2,1881,3433,86
3,4,0,-2,1064,1823,72
3,5,0,-2,1884,3194,70
3,6,0,-2,1873,3294,66
3,7,0,-2,1887,3389,70
4,5,0,-2,830,1509,74
4,6,0,-2,832,1560,66
4,7,0,-2,846,1622,78
5,6,0,-2,1655,1479,52
5,7,0,-2,1653,1549,92
6,7,0,-2,1655,1552,78
--- ---VERSION
offset,limit,count-ms,lookup-mus,results
0,-2,1761,6251,219
---PATTERN START: http://d.opencalais.com/er/company/ralg-tr1r/e8393d7b-3e70-3d0a-abe8-165358db317e   .
--- ---VERSION MATERIALIZED
patch,offset,limit,count-ms,lookup-mus,results
4,0,-2,6,115,57
5,0,-2,726,1791,57
6,0,-2,655,1769,57
7,0,-2,653,1754,57
3,0,-2,1002,2019,57
2,0,-2,935,2023,57
1,0,-2,947,2099,76
0,0,-2,37,2143,84
--- ---DELTA MATERIALIZED
patch_start,patch_end,offset,limit,count-ms,lookup-mus,results
0,1,0,-2,964,1854,77
0,2,0,-2,952,1836,72
0,3,0,-2,951,1798,68
0,4,0,-2,30,1865,92
0,5,0,-2,676,3058,100
0,6,0,-2,680,3109,94
0,7,0,-2,679,3175,98
1,2,0,-2,1854,1838,87
1,3,0,-2,2653,1760,51
1,4,0,-2,934,1762,85
1,5,0,-2,1582,2983,79
1,6,0,-2,1584,3011,85
1,7,0,-2,1587,3017,79
2,3,0,-2,1847,1789,66
2,4,0,-2,927,1730,76
2,5,0,-2,1574,2927,78
2,6,0,-2,1579,2948,68
2,7,0,-2,1574,2988,66
3,4,0,-2,930,1716,68
3,5,0,-2,1576,2862,68
3,6,0,-2,1579,2874,64
3,7,0,-2,1575,2964,70
4,5,0,-2,649,1298,66
4,6,0,-2,656,1345,76
4,7,0,-2,654,1389,76
5,6,0,-2,1307,1296,47
5,7,0,-2,1292,1382,99
6,7,0,-2,1313,1331,72
--- ---VERSION
offset,limit,count-ms,lookup-mus,results
0,-2,1496,5742,204
---PATTERN START: http://d.opencalais.com/er/company/ralg-tr1r/d19b6926-3374-3123-a9d9-bd52e9a058a6   .
--- ---VERSION MATERIALIZED
patch,offset,limit,count-ms,lookup-mus,results
4,0,-2,6,117,52
5,0,-2,609,1607,52
6,0,-2,546,1580,52
7,0,-2,544,1562,52
3,0,-2,1036,2084,52
2,0,-2,971,2064,52
1,0,-2,994,2148,79
0,0,-2,37,2144,91
--- ---DELTA MATERIALIZED
patch_start,patch_end,offset,limit,count-ms,lookup-mus,results
0,1,0,-2,1011,1801,88
0,2,0,-2,993,1765,79
0,3,0,-2,987,1732,73
0,4,0,-2,23,1820,111
0,5,0,-2,561,2897,97
0,6,0,-2,566,2938,101
0,7,0,-2,561,2923,95
1,2,0,-2,1957,1754,81
1,3,0,-2,1954,2498,53
1,4,0,-2,992,1733,87
1,5,0,-2,1532,2818,85
1,6,0,-2,1537,2821,85
1,7,0,-2,1532,2804,85
2,3,0,-2,1938,1733,64
2,4,0,-2,973,1693,62
2,5,0,-2,1524,2791,62
2,6,0,-2,1520,2808,66
2,7,0,-2,1512,2839,68
3,4,0,-2,975,1628,60
3,5,0,-2,1516,2716,76
3,6,0,-2,1516,2695,64
3,7,0,-2,1511,2780,74
4,5,0,-2,549,1194,68
4,6,0,-2,547,1183,62
4,7,0,-2,541,1231,70
5,6,0,-2,1085,1142,37
5,7,0,-2,1079,1234,81
6,7,0,-2,1081,1202,70
--- ---VERSION
offset,limit,count-ms,lookup-mus,results
0,-2,1476,6122,196
---PATTERN START: http://d.opencalais.com/er/company/ralg-tr1r/ec924274-b5ea-34a3-89d5-f758948b1c7e   .
--- ---VERSION MATERIALIZED
patch,offset,limit,count-ms,lookup-mus,results
4,0,-2,6,120,54
5,0,-2,900,2044,50
6,0,-2,867,2088,54
7,0,-2,866,2081,54
3,0,-2,1239,2371,54
2,0,-2,1174,2348,54
1,0,-2,1131,2352,77
0,0,-2,42,2295,85
--- ---DELTA MATERIALIZED
patch_start,patch_end,offset,limit,count-ms,lookup-mus,results
0,1,0,-2,1165,2154,90
0,2,0,-2,1197,2109,75
0,3,0,-2,1198,2049,61
0,4,0,-2,36,2123,105
0,5,0,-2,852,3659,105
0,6,0,-2,897,4397,107
0,7,0,-2,894,3547,99
1,2,0,-2,2287,2103,85
1,3,0,-2,2289,2046,53
1,4,0,-2,1132,2047,87
1,5,0,-2,1950,3491,77
1,6,0,-2,1986,3448,87
1,7,0,-2,1991,3407,79
2,3,0,-2,2321,2071,68
2,4,0,-2,1164,1971,70
2,5,0,-2,1990,3446,66
2,6,0,-2,2022,3412,70
2,7,0,-2,2032,3410,76
3,4,0,-2,1161,1911,68
3,5,0,-2,1978,3369,70
3,6,0,-2,2018,3303,70
3,7,0,-2,2026,3374,68
4,5,0,-2,816,1598,64
4,6,0,-2,864,1550,66
4,7,0,-2,864,1575,70
5,6,0,-2,1673,1482,43
5,7,0,-2,1670,1578,97
6,7,0,-2,1714,1527,68
--- ---VERSION
offset,limit,count-ms,lookup-mus,results
0,-2,1834,6571,206
---PATTERN START: http://d.opencalais.com/er/company/ralg-tr1r/7fd1c9ea-5e71-38ed-add1-af04e4b5db1f   .
--- ---VERSION MATERIALIZED
patch,offset,limit,count-ms,lookup-mus,results
4,0,-2,6,125,70
5,0,-2,701,1752,70
6,0,-2,634,1716,70
7,0,-2,635,1719,70
3,0,-2,867,1944,70
2,0,-2,787,1903,66
1,0,-2,830,2008,97
0,0,-2,23,1974,98
--- ---DELTA MATERIALIZED
patch_start,patch_end,offset,limit,count-ms,lookup-mus,results
0,1,0,-2,842,1745,105
0,2,0,-2,798,1683,82
0,3,0,-2,817,1678,78
0,4,0,-2,20,1786,114
0,5,0,-2,646,3815,104
0,6,0,-2,648,3031,112
0,7,0,-2,660,3066,116
1,2,0,-2,1603,1741,103
1,3,0,-2,1627,1670,63
1,4,0,-2,828,1755,105
1,5,0,-2,1451,2974,107
1,6,0,-2,1450,2973,95
1,7,0,-2,1457,3028,95
2,3,0,-2,1580,1721,90
2,4,0,-2,786,1706,92
2,5,0,-2,1409,2930,84
2,6,0,-2,1411,2971,90
2,7,0,-2,1413,2993,80
3,4,0,-2,801,1670,88
3,5,0,-2,1442,2894,84
3,6,0,-2,1431,2895,80
3,7,0,-2,1427,2941,86
4,5,0,-2,630,1379,88
4,6,0,-2,635,1401,88
4,7,0,-2,634,1415,84
5,6,0,-2,1261,1337,52
5,7,0,-2,1255,1447,112
6,7,0,-2,1256,1400,86
--- ---VERSION
offset,limit,count-ms,lookup-mus,results
0,-2,1397,5733,237
---PATTERN START: http://d.opencalais.com/er/company/ralg-tr1r/743844d2-be57-3496-bf56-08a8d353b22b   .
--- ---VERSION MATERIALIZED
patch,offset,limit,count-ms,lookup-mus,results
4,0,-2,6,104,55
5,0,-2,621,1463,55
6,0,-2,524,1418,55
7,0,-2,525,1410,55
3,0,-2,702,1562,55
2,0,-2,642,1530,55
1,0,-2,644,1558,65
0,0,-2,30,1541,87
--- ---DELTA MATERIALIZED
patch_start,patch_end,offset,limit,count-ms,lookup-mus,results
0,1,0,-2,660,1399,85
0,2,0,-2,658,1343,67
0,3,0,-2,655,1356,75
0,4,0,-2,24,1397,95
0,5,0,-2,567,2411,85
0,6,0,-2,544,2478,95
0,7,0,-2,542,2458,95
1,2,0,-2,1271,1368,80
1,3,0,-2,1267,1315,50
1,4,0,-2,640,1362,74
1,5,0,-2,1186,2377,76
1,6,0,-2,1159,2396,76
1,7,0,-2,1161,3196,78
2,3,0,-2,1264,1352,72
2,4,0,-2,638,1320,66
2,5,0,-2,1180,2357,74
2,6,0,-2,1163,2376,70
2,7,0,-2,1155,2385,64
3,4,0,-2,634,1295,62
3,5,0,-2,1179,2317,74
3,6,0,-2,1151,2304,60
3,7,0,-2,1150,2357,68
4,5,0,-2,547,1114,68
4,6,0,-2,524,1123,64
4,7,0,-2,521,1171,70
5,6,0,-2,1063,1128,53
5,7,0,-2,1065,1190,95
6,7,0,-2,1037,1130,62
--- ---VERSION
offset,limit,count-ms,lookup-mus,results
0,-2,1136,4851,201
---PATTERN START: http://d.opencalais.com/er/company/ralg-tr1r/a71906b0-8469-3bac-813c-1d595b1782d4   .
--- ---VERSION MATERIALIZED
patch,offset,limit,count-ms,lookup-mus,results
4,0,-2,6,115,57
5,0,-2,568,1451,57
6,0,-2,500,1423,57
7,0,-2,516,1427,57
3,0,-2,685,1624,57
2,0,-2,642,1625,57
1,0,-2,673,1678,69
0,0,-2,25,1647,80
--- ---DELTA MATERIALIZED
patch_start,patch_end,offset,limit,count-ms,lookup-mus,results
0,1,0,-2,683,1400,81
0,2,0,-2,655,1354,61
0,3,0,-2,642,1357,71
0,4,0,-2,20,1383,89
0,5,0,-2,511,2346,93
0,6,0,-2,515,2373,85
0,7,0,-2,517,2401,89
1,2,0,-2,1298,1366,74
1,3,0,-2,1296,1317,52
1,4,0,-2,664,1344,78
1,5,0,-2,1156,2290,68
1,6,0,-2,1163,2332,74
1,7,0,-2,1166,2366,80
2,3,0,-2,1257,1345,66
2,4,0,-2,638,1293,62
2,5,0,-2,1142,3055,72
2,6,0,-2,1130,2289,68
2,7,0,-2,1135,2289,56
3,4,0,-2,628,1323,72
3,5,0,-2,1125,2238,62
3,6,0,-2,1123,2251,64
3,7,0,-2,1122,2282,68
4,5,0,-2,496,1068,68
4,6,0,-2,500,1105,74
4,7,0,-2,500,1133,76
5,6,0,-2,993,1055,44
5,7,0,-2,993,1173,88
6,7,0,-2,991,1076,62
--- ---VERSION
offset,limit,count-ms,lookup-mus,results
0,-2,1081,4916,197
---PATTERN START: http://d.opencalais.com/er/company/ralg-tr1r/bc0d1af2-b13f-35f0-9d26-7904168ad70d   .
--- ---VERSION MATERIALIZED
patch,offset,limit,count-ms,lookup-mus,results
4,0,-2,6,91,52
5,0,-2,511,1253,52
6,0,-2,448,1239,52
7,0,-2,449,1232,52
3,0,-2,636,1431,52
2,0,-2,537,1378,48
1,0,-2,566,1449,61
0,0,-2,50,1484,81
--- ---DELTA MATERIALIZED
patch_start,patch_end,offset,limit,count-ms,lookup-mus,results
0,1,0,-2,604,1158,60
0,2,0,-2,573,1156,63
0,3,0,-2,605,1132,53
0,4,0,-2,44,1174,81
0,5,0,-2,484,2031,73
0,6,0,-2,1283,2090,89
0,7,0,-2,489,2106,81
1,2,0,-2,1088,1159,65
1,3,0,-2,1115,1112,41
1,4,0,-2,559,1137,65
1,5,0,-2,1008,2009,63
1,6,0,-2,998,2025,65
1,7,0,-2,1001,2070,69
2,3,0,-2,1082,1177,72
2,4,0,-2,533,1153,60
2,5,0,-2,975,2026,62
2,6,0,-2,972,2035,68
2,7,0,-2,971,2026,56
3,4,0,-2,555,1076,50
3,5,0,-2,994,1966,54
3,6,0,-2,995,2002,60
3,7,0,-2,998,2017,62
4,5,0,-2,463,983,62
4,6,0,-2,444,966,54
4,7,0,-2,446,981,60
5,6,0,-2,881,961,49
5,7,0,-2,882,1018,81
6,7,0,-2,880,977,56
--- ---VERSION
offset,limit,count-ms,lookup-mus,results
0,-2,956,3914,169
---PATTERN START: http://d.opencalais.com/er/company/ralg-tr1r/b725f008-03ba-334a-8504-4d5867fba63c   .
--- ---VERSION MATERIALIZED
patch,offset,limit,count-ms,lookup-mus,results
4,0,-2,7,158,73
5,0,-2,717,2027,69
6,0,-2,682,2031,73
7,0,-2,680,2027,73
3,0,-2,834,2130,73
2,0,-2,781,2100,73
1,0,-2,784,2562,96
0,0,-2,25,2147,101
--- ---DELTA MATERIALIZED
patch_start,patch_end,offset,limit,count-ms,lookup-mus,results
0,1,0,-2,797,1777,113
0,2,0,-2,798,1686,86
0,3,0,-2,785,1683,86
0,4,0,-2,20,1764,116
0,5,0,-2,671,3086,120
0,6,0,-2,695,3046,108
0,7,0,-2,701,3091,126
1,2,0,-2,1546,1717,93
1,3,0,-2,1545,1699,81
1,4,0,-2,781,1717,103
1,5,0,-2,1433,2989,101
1,6,0,-2,1453,2989,101
1,7,0,-2,1451,3059,109
2,3,0,-2,1543,1713,88
2,4,0,-2,776,1667,88
2,5,0,-2,1423,2954,90
2,6,0,-2,1450,2933,82
2,7,0,-2,1445,2997,84
3,4,0,-2,772,1602,74
3,5,0,-2,1422,2955,96
3,6,0,-2,1444,2915,88
3,7,0,-2,1443,2924,86
4,5,0,-2,651,1484,90
4,6,0,-2,681,1483,82
4,7,0,-2,678,1508,88
5,6,0,-2,1325,1426,52
5,7,0,-2,1326,1564,118
6,7,0,-2,1344,1516,100
--- ---VERSION
offset,limit,count-ms,lookup-mus,results
0,-2,1376,6447,249
---PATTERN START: http://d.opencalais.com/er/company/ralg-tr1r/821cdb2f-23a7-378b-ba80-6615cfc513c5   .
--- ---VERSION MATERIALIZED
patch,offset,limit,count-ms,lookup-mus,results
4,0,-2,9,113,56
5,0,-2,588,1450,56
6,0,-2,528,1437,56
7,0,-2,524,1426,56
3,0,-2,707,1578,56
2,0,-2,640,1580,56
1,0,-2,643,1642,80
0,0,-2,28,1669,92
--- ---DELTA MATERIALIZED
patch_start,patch_end,offset,limit,count-ms,lookup-mus,results
0,1,0,-2,671,1388,84
0,2,0,-2,650,1334,66
0,3,0,-2,660,1315,62
0,4,0,-2,20,1390,94
0,5,0,-2,543,2432,90
0,6,0,-2,541,2436,94
0,7,0,-2,538,3244,100
1,2,0,-2,1270,1368,86
1,3,0,-2,1269,1314,52
1,4,0,-2,641,1373,82
1,5,0,-2,1163,2413,86
1,6,0,-2,1158,2410,88
1,7,0,-2,1159,2402,84
2,3,0,-2,1259,1316,58
2,4,0,-2,635,1329,70
2,5,0,-2,1157,2317,54
2,6,0,-2,1151,2358,60
2,7,0,-2,1156,2343,62
3,4,0,-2,629,1296,64
3,5,0,-2,1149,2345,66
3,6,0,-2,1150,2341,66
3,7,0,-2,1150,2389,70
4,5,0,-2,522,1158,76
4,6,0,-2,526,1142,64
4,7,0,-2,527,1163,70
5,6,0,-2,1040,1105,43
5,7,0,-2,1039,1192,85
6,7,0,-2,1035,1168,72
--- ---VERSION
offset,limit,count-ms,lookup-mus,results
0,-2,1136,4951,206
---PATTERN START: http://d.opencalais.com/er/company/ralg-tr1r/c9fe656e-991d-3983-81f5-205a0a2fcbc7   .
--- ---VERSION MATERIALIZED
patch,offset,limit,count-ms,lookup-mus,results
4,0,-2,5,119,60
5,0,-2,571,1481,60
6,0,-2,508,1440,60
7,0,-2,516,2243,60
3,0,-2,787,1703,60
2,0,-2,726,1670,60
1,0,-2,731,1752,85
0,0,-2,33,1824,114
--- ---DELTA MATERIALIZED
patch_start,patch_end,offset,limit,count-ms,lookup-mus,results
0,1,0,-2,754,1579,99
0,2,0,-2,752,1524,84
0,3,0,-2,744,1509,80
0,4,0,-2,28,1601,116
0,5,0,-2,531,2595,110
0,6,0,-2,531,2606,108
0,7,0,-2,539,2612,114
1,2,0,-2,1451,1552,95
1,3,0,-2,1446,1499,65
1,4,0,-2,729,1537,87
1,5,0,-2,1230,2509,77
1,6,0,-2,1229,2549,97
1,7,0,-2,1236,2553,91
2,3,0,-2,1435,1515,70
2,4,0,-2,723,1515,84
2,5,0,-2,1222,2561,82
2,6,0,-2,1222,2489,78
2,7,0,-2,1230,2514,82
3,4,0,-2,720,1466,76
3,5,0,-2,1223,2474,74
3,6,0,-2,1224,2507,80
3,7,0,-2,1234,2504,76
4,5,0,-2,501,1097,68
4,6,0,-2,503,1127,74
4,7,0,-2,512,1148,78
5,6,0,-2,1005,1098,48
5,7,0,-2,1014,1219,100
6,7,0,-2,1015,1166,72
--- ---VERSION
offset,limit,count-ms,lookup-mus,results
0,-2,1193,5183,225
---PATTERN START: http://d.opencalais.com/er/company/ralg-tr1r/000168a4-c53a-35c8-bdd2-ab57596cc16e   .
--- ---VERSION MATERIALIZED
patch,offset,limit,count-ms,lookup-mus,results
4,0,-2,6,117,51
5,0,-2,607,1561,51
6,0,-2,530,1540,51
7,0,-2,540,1550,51
3,0,-2,628,1563,51
2,0,-2,570,1550,51
1,0,-2,575,1598,60
0,0,-2,33,1660,89
--- ---DELTA MATERIALIZED
patch_start,patch_end,offset,limit,count-ms,lookup-mus,results
0,1,0,-2,592,1248,75
0,2,0,-2,593,1188,54
0,3,0,-2,586,1196,64
0,4,0,-2,27,1244,86
0,5,0,-2,551,2186,88
0,6,0,-2,551,2257,94
0,7,0,-2,564,2263,90
1,2,0,-2,1131,1220,69
1,3,0,-2,1123,1140,39
1,4,0,-2,568,1188,65
1,5,0,-2,1090,2106,61
1,6,0,-2,1089,2178,69
1,7,0,-2,1106,2185,65
2,3,0,-2,1122,1221,64
2,4,0,-2,567,1188,62
2,5,0,-2,1087,2102,60
2,6,0,-2,1888,2111,60
2,7,0,-2,1100,2132,58
3,4,0,-2,563,1151,52
3,5,0,-2,1102,2103,56
3,6,0,-2,1088,2124,60
3,7,0,-2,1096,2144,62
4,5,0,-2,527,1041,62
4,6,0,-2,524,1050,56
4,7,0,-2,538,1062,60
5,6,0,-2,1043,1032,39
5,7,0,-2,1073,1129,81
6,7,0,-2,1083,1102,60
--- ---VERSION
offset,limit,count-ms,lookup-mus,results
0,-2,1053,5189,182
---PATTERN START: http://d.opencalais.com/er/company/ralg-tr1r/3e75c871-e0ab-382d-9858-591c863268d0   .
--- ---VERSION MATERIALIZED
patch,offset,limit,count-ms,lookup-mus,results
4,0,-2,6,135,54
5,0,-2,571,1514,54
6,0,-2,512,1477,54
7,0,-2,509,1479,54
3,0,-2,708,1621,54
2,0,-2,643,1595,54
1,0,-2,667,1678,75
0,0,-2,35,1722,94
--- ---DELTA MATERIALIZED
patch_start,patch_end,offset,limit,count-ms,lookup-mus,results
0,1,0,-2,690,1392,80
0,2,0,-2,661,1357,67
0,3,0,-2,661,1342,63
0,4,0,-2,29,1401,89
0,5,0,-2,1332,2459,101
0,6,0,-2,536,2464,99
0,7,0,-2,536,2444,91
1,2,0,-2,1291,1392,85
1,3,0,-2,1293,1297,45
1,4,0,-2,663,1380,77
1,5,0,-2,1167,2399,81
1,6,0,-2,1167,2431,87
1,7,0,-2,1164,2406,77
2,3,0,-2,1269,1352,68
2,4,0,-2,634,1338,66
2,5,0,-2,1146,2354,74
2,6,0,-2,1140,2381,72
2,7,0,-2,1139,2368,68
3,4,0,-2,636,1339,68
3,5,0,-2,1141,2314,64
3,6,0,-2,1139,2336,72
3,7,0,-2,1140,2338,72
4,5,0,-2,503,1129,66
4,6,0,-2,509,1154,66
4,7,0,-2,508,1156,66
5,6,0,-2,1009,1118,47
5,7,0,-2,1008,1210,89
6,7,0,-2,1010,1141,66
--- ---VERSION
offset,limit,count-ms,lookup-mus,results
0,-2,1112,5114,199
---PATTERN START: http://d.opencalais.com/er/company/ralg-tr1r/32994791-04d3-3d99-b7cd-f9b9efa5aba8   .
--- ---VERSION MATERIALIZED
patch,offset,limit,count-ms,lookup-mus,results
4,0,-2,6,109,63
5,0,-2,678,1625,63
6,0,-2,636,1619,63
7,0,-2,619,1598,63
3,0,-2,826,1804,63
2,0,-2,803,1802,63
1,0,-2,782,1839,85
0,0,-2,24,1860,102
--- ---DELTA MATERIALIZED
patch_start,patch_end,offset,limit,count-ms,lookup-mus,results
0,1,0,-2,790,1703,109
0,2,0,-2,786,1642,81
0,3,0,-2,781,1617,81
0,4,0,-2,20,1683,115
0,5,0,-2,634,2905,119
0,6,0,-2,652,2900,115
0,7,0,-2,630,2894,117
1,2,0,-2,1533,1649,96
1,3,0,-2,1535,1598,54
1,4,0,-2,775,1671,108
1,5,0,-2,1389,3619,88
1,6,0,-2,1407,2825,98
1,7,0,-2,1391,2849,92
2,3,0,-2,1526,1641,80
2,4,0,-2,768,1604,82
2,5,0,-2,1383,2767,82
2,6,0,-2,1401,2775,84
2,7,0,-2,1380,2800,80
3,4,0,-2,768,1578,82
3,5,0,-2,1384,2754,74
3,6,0,-2,1406,2770,82
3,7,0,-2,1375,2779,80
4,5,0,-2,617,1308,88
4,6,0,-2,634,1325,80
4,7,0,-2,617,1344,78
5,6,0,-2,1273,1313,54
5,7,0,-2,1229,1415,112
6,7,0,-2,1244,1339,82
--- ---VERSION
offset,limit,count-ms,lookup-mus,results
0,-2,1331,5520,241
---PATTERN START: http://d.opencalais.com/er/company/ralg-tr1r/b494a78c-4302-3621-ab8b-0a81c789c17f   .
--- ---VERSION MATERIALIZED
patch,offset,limit,count-ms,lookup-mus,results
4,0,-2,6,127,56
5,0,-2,575,1523,52
6,0,-2,543,1566,56
7,0,-2,548,1534,56
3,0,-2,673,1616,56
2,0,-2,612,1595,56
1,0,-2,616,1608,64
0,0,-2,26,1640,85
--- ---DELTA MATERIALIZED
patch_start,patch_end,offset,limit,count-ms,lookup-mus,results
0,1,0,-2,628,1340,79
0,2,0,-2,626,1310,69
0,3,0,-2,616,1301,71
0,4,0,-2,20,1355,97
0,5,0,-2,558,2431,97
0,6,0,-2,555,2418,85
0,7,0,-2,559,2455,99
1,2,0,-2,1209,1300,70
1,3,0,-2,1203,1283,62
1,4,0,-2,609,1287,74
1,5,0,-2,1126,2359,76
1,6,0,-2,1146,2366,74
1,7,0,-2,1143,2352,70
2,3,0,-2,1200,1280,60
2,4,0,-2,608,1254,66
2,5,0,-2,1123,2330,76
2,6,0,-2,1141,2330,66
2,7,0,-2,1149,2342,68
3,4,0,-2,603,1248,62
3,5,0,-2,1134,2315,78
3,6,0,-2,1134,2293,68
3,7,0,-2,1136,2311,74
4,5,0,-2,517,1176,72
4,6,0,-2,539,1184,68
4,7,0,-2,542,1178,62
5,6,0,-2,1055,1137,44
5,7,0,-2,1057,1246,94
6,7,0,-2,1071,1180,72
--- ---VERSION
offset,limit,count-ms,lookup-mus,results
0,-2,1079,4908,193
---PATTERN START: http://d.opencalais.com/er/company/ralg-tr1r/c8b2de77-076c-36cd-b69a-d141ec7373f0   .
--- ---VERSION MATERIALIZED
patch,offset,limit,count-ms,lookup-mus,results
4,0,-2,6,110,53
5,0,-2,513,1326,53
6,0,-2,441,1303,53
7,0,-2,439,1313,53
3,0,-2,657,1485,53
2,0,-2,570,1437,49
1,0,-2,591,1504,62
0,0,-2,25,1574,79
--- ---DELTA MATERIALIZED
patch_start,patch_end,offset,limit,count-ms,lookup-mus,results
0,1,0,-2,604,1244,76
0,2,0,-2,582,1206,53
0,3,0,-2,595,1201,63
0,4,0,-2,20,1250,83
0,5,0,-2,453,2086,87
0,6,0,-2,454,2120,83
0,7,0,-2,453,2149,85
1,2,0,-2,1145,1243,77
1,3,0,-2,1157,1168,45
1,4,0,-2,585,1204,67
1,5,0,-2,1014,2016,63
1,6,0,-2,1017,2052,65
1,7,0,-2,1021,2064,65
2,3,0,-2,1139,1227,66
2,4,0,-2,564,1216,64
2,5,0,-2,996,2021,62
2,6,0,-2,996,2037,66
2,7,0,-2,998,2049,66
3,4,0,-2,581,1154,52
3,5,0,-2,1016,1998,60
3,6,0,-2,1017,2818,60
3,7,0,-2,1013,2030,62
4,5,0,-2,434,908,56
4,6,0,-2,451,912,52
4,7,0,-2,436,940,60
5,6,0,-2,864,900,36
5,7,0,-2,864,983,78
6,7,0,-2,867,978,62
--- ---VERSION
offset,limit,count-ms,lookup-mus,results
0,-2,983,4285,174
---PATTERN START: http://d.opencalais.com/er/company/ralg-tr1r/138fda0a-1ae0-3dbf-922c-8b6118d79b4c   .
--- ---VERSION MATERIALIZED
patch,offset,limit,count-ms,lookup-mus,results
4,0,-2,6,100,54
5,0,-2,572,1404,54
6,0,-2,508,1410,54
7,0,-2,507,1393,54
3,0,-2,739,1574,54
2,0,-2,679,1570,54
1,0,-2,685,1654,81
0,0,-2,29,1665,93
--- ---DELTA MATERIALIZED
patch_start,patch_end,offset,limit,count-ms,lookup-mus,results
0,1,0,-2,703,1480,84
0,2,0,-2,696,1459,75
0,3,0,-2,693,1415,63
0,4,0,-2,25,1482,101
0,5,0,-2,525,2456,95
0,6,0,-2,527,2479,91
0,7,0,-2,528,2500,95
1,2,0,-2,1352,1464,87
1,3,0,-2,1348,1416,63
1,4,0,-2,679,1467,91
1,5,0,-2,1181,2457,83
1,6,0,-2,1185,2467,83
1,7,0,-2,1181,2486,93
2,3,0,-2,1339,2222,66
2,4,0,-2,677,1409,72
2,5,0,-2,1168,2390,70
2,6,0,-2,1176,2403,64
2,7,0,-2,1174,2434,74
3,4,0,-2,676,1426,80
3,5,0,-2,1173,2366,70
3,6,0,-2,1178,2383,66
3,7,0,-2,1176,2423,70
4,5,0,-2,507,1088,68
4,6,0,-2,507,1099,64
4,7,0,-2,507,1108,62
5,6,0,-2,1005,1077,47
5,7,0,-2,1004,1147,91
6,7,0,-2,1008,1107,70
--- ---VERSION
offset,limit,count-ms,lookup-mus,results
0,-2,1150,4875,200
---PATTERN START: http://d.opencalais.com/er/company/ralg-tr1r/a5f91681-11c6-3ad3-abb2-9dc4ef4aa947   .
--- ---VERSION MATERIALIZED
patch,offset,limit,count-ms,lookup-mus,results
4,0,-2,6,100,55
5,0,-2,568,1380,55
6,0,-2,484,1336,55
7,0,-2,475,1347,55
3,0,-2,690,1530,55
2,0,-2,630,1518,55
1,0,-2,645,1585,79
0,0,-2,33,1596,84
--- ---DELTA MATERIALIZED
patch_start,patch_end,offset,limit,count-ms,lookup-mus,results
0,1,0,-2,658,1371,79
0,2,0,-2,649,1328,65
0,3,0,-2,653,1305,61
0,4,0,-2,28,1368,95
0,5,0,-2,520,2274,95
0,6,0,-2,499,2292,83
0,7,0,-2,503,2349,95
1,2,0,-2,1258,1341,78
1,3,0,-2,1252,2095,52
1,4,0,-2,631,1330,80
1,5,0,-2,1121,2231,76
1,6,0,-2,1103,2271,80
1,7,0,-2,1106,2310,84
2,3,0,-2,1258,1330,72
2,4,0,-2,623,1310,70
2,5,0,-2,1119,2189,68
2,6,0,-2,1103,2219,64
2,7,0,-2,1103,2281,72
3,4,0,-2,623,1299,66
3,5,0,-2,1118,2189,66
3,6,0,-2,1102,2194,72
3,7,0,-2,1098,2219,58
4,5,0,-2,509,977,56
4,6,0,-2,474,1027,66
4,7,0,-2,477,1058,64
5,6,0,-2,968,983,33
5,7,0,-2,968,1094,87
6,7,0,-2,945,1069,76
--- ---VERSION
offset,limit,count-ms,lookup-mus,results
0,-2,1053,4455,199
---PATTERN START: http://d.opencalais.com/er/company/ralg-tr1r/0b52822b-c505-38aa-b72f-71089f79103e   .
--- ---VERSION MATERIALIZED
patch,offset,limit,count-ms,lookup-mus,results
4,0,-2,7,123,67
5,0,-2,693,1769,67
6,0,-2,626,2543,67
7,0,-2,630,1724,67
3,0,-2,854,1962,67
2,0,-2,791,1940,67
1,0,-2,787,2016,86
0,0,-2,26,2034,108
--- ---DELTA MATERIALIZED
patch_start,patch_end,offset,limit,count-ms,lookup-mus,results
0,1,0,-2,802,1735,110
0,2,0,-2,798,1667,87
0,3,0,-2,790,1654,81
0,4,0,-2,21,1756,119
0,5,0,-2,646,2953,113
0,6,0,-2,641,2948,117
0,7,0,-2,643,2932,107
1,2,0,-2,1549,1707,95
1,3,0,-2,1556,1659,69
1,4,0,-2,786,1680,95
1,5,0,-2,1400,2866,105
1,6,0,-2,1404,2870,93
1,7,0,-2,1403,2911,89
2,3,0,-2,1549,1683,80
2,4,0,-2,778,1672,84
2,5,0,-2,1398,2829,82
2,6,0,-2,1413,2860,86
2,7,0,-2,1396,2881,82
3,4,0,-2,786,1615,82
3,5,0,-2,1410,2804,78
3,6,0,-2,1401,2808,82
3,7,0,-2,1397,2804,76
4,5,0,-2,623,1317,82
4,6,0,-2,626,1341,74
4,7,0,-2,626,1368,86
5,6,0,-2,1244,1318,55
5,7,0,-2,1247,1425,113
6,7,0,-2,1241,1365,88
--- ---VERSION
offset,limit,count-ms,lookup-mus,results
0,-2,1362,6096,240
---PATTERN START: http://d.opencalais.com/er/company/ralg-tr1r/3e2b207a-dd44-3d8d-8ad5-ebeee3450300   .
--- ---VERSION MATERIALIZED
patch,offset,limit,count-ms,lookup-mus,results
4,0,-2,5,109,52
5,0,-2,537,1363,52
6,0,-2,461,1359,52
7,0,-2,494,1371,52
3,0,-2,665,1494,52
2,0,-2,604,1477,52
1,0,-2,620,1528,69
0,0,-2,36,1564,84
--- ---DELTA MATERIALIZED
patch_start,patch_end,offset,limit,count-ms,lookup-mus,results
0,1,0,-2,631,1322,81
0,2,0,-2,625,1260,60
0,3,0,-2,634,1245,58
0,4,0,-2,32,1347,98
0,5,0,-2,494,2206,86
0,6,0,-2,497,2241,88
0,7,0,-2,523,2238,92
1,2,0,-2,1195,1274,73
1,3,0,-2,1200,1233,51
1,4,0,-2,604,1279,79
1,5,0,-2,1057,2174,77
1,6,0,-2,1061,2189,77
1,7,0,-2,1094,2184,75
2,3,0,-2,1191,1239,56
2,4,0,-2,598,1238,66
2,5,0,-2,1053,2110,64
2,6,0,-2,1053,2144,62
2,7,0,-2,1089,2147,64
3,4,0,-2,599,1275,72
3,5,0,-2,1055,2129,70
3,6,0,-2,1059,2126,68
3,7,0,-2,1082,2115,62
4,5,0,-2,457,971,62
4,6,0,-2,460,1000,60
4,7,0,-2,495,1000,56
5,6,0,-2,913,980,43
5,7,0,-2,944,1072,87
6,7,0,-2,948,1003,56
--- ---VERSION
offset,limit,count-ms,lookup-mus,results
0,-2,1022,4628,192
---PATTERN START: http://d.opencalais.com/er/company/ralg-tr1r/b87e9818-425e-34ac-b59d-2774409859e4   .
--- ---VERSION MATERIALIZED
patch,offset,limit,count-ms,lookup-mus,results
4,0,-2,6,112,57
5,0,-2,566,1408,57
6,0,-2,506,1373,57
7,0,-2,506,1378,57
3,0,-2,730,1571,57
2,0,-2,663,1544,57
1,0,-2,676,1620,85
0,0,-2,32,1627,94
--- ---DELTA MATERIALIZED
patch_start,patch_end,offset,limit,count-ms,lookup-mus,results
0,1,0,-2,712,1485,89
0,2,0,-2,683,1439,77
0,3,0,-2,685,1406,65
0,4,0,-2,27,1472,105
0,5,0,-2,524,2511,105
0,6,0,-2,531,2533,91
0,7,0,-2,529,2539,101
1,2,0,-2,1321,1440,84
1,3,0,-2,1323,1396,56
1,4,0,-2,673,1477,92
1,5,0,-2,1174,2483,94
1,6,0,-2,1173,2491,94
1,7,0,-2,1171,2502,92
2,3,0,-2,1305,1419,74
2,4,0,-2,655,2194,66
2,5,0,-2,1159,2423,72
2,6,0,-2,1157,2437,72
2,7,0,-2,1154,2456,72
3,4,0,-2,655,1373,68
3,5,0,-2,1155,2368,66
3,6,0,-2,1156,2403,66
3,7,0,-2,1157,2439,60
4,5,0,-2,502,1117,72
4,6,0,-2,506,1131,72
4,7,0,-2,504,1153,68
5,6,0,-2,999,1081,47
5,7,0,-2,995,1163,93
6,7,0,-2,997,1116,64
--- ---VERSION
offset,limit,count-ms,lookup-mus,results
0,-2,1149,4826,215
---PATTERN START: http://d.opencalais.com/er/company/ralg-tr1r/eab9bfaa-47f1-368a-a9b7-a87bb345cf30   .
--- ---VERSION MATERIALIZED
patch,offset,limit,count-ms,lookup-mus,results
4,0,-2,6,157,82
5,0,-2,792,2337,82
6,0,-2,745,2311,82
7,0,-2,726,2303,82
3,0,-2,1328,2677,82
2,0,-2,1229,2576,78
1,0,-2,1261,3470,100
0,0,-2,25,2671,113
--- ---DELTA MATERIALIZED
patch_start,patch_end,offset,limit,count-ms,lookup-mus,results
0,1,0,-2,1274,2335,121
0,2,0,-2,1235,2264,91
0,3,0,-2,1260,2305,97
0,4,0,-2,21,2412,127
0,5,0,-2,739,3816,129
0,6,0,-2,758,3794,127
0,7,0,-2,740,3867,121
1,2,0,-2,2482,2343,110
1,3,0,-2,2499,2252,80
1,4,0,-2,1257,2306,116
1,5,0,-2,1981,3759,110
1,6,0,-2,2015,3810,108
1,7,0,-2,1985,3792,120
2,3,0,-2,2456,2291,102
2,4,0,-2,1219,2331,106
2,5,0,-2,1945,3768,98
2,6,0,-2,1968,3752,96
2,7,0,-2,1940,3712,86
3,4,0,-2,1243,2184,88
3,5,0,-2,1965,3671,90
3,6,0,-2,1994,3697,92
3,7,0,-2,1970,3658,90
4,5,0,-2,720,1584,102
4,6,0,-2,741,1613,106
4,7,0,-2,724,1634,96
5,6,0,-2,1458,1556,57
5,7,0,-2,1441,1709,133
6,7,0,-2,1457,1620,102
--- ---VERSION
offset,limit,count-ms,lookup-mus,results
0,-2,1951,7810,267
---PATTERN START: http://d.opencalais.com/er/company/ralg-tr1r/345d274d-533e-3473-a800-95b5319a75a5   .
--- ---VERSION MATERIALIZED
patch,offset,limit,count-ms,lookup-mus,results
4,0,-2,7,123,64
5,0,-2,709,1722,64
6,0,-2,623,1665,64
7,0,-2,622,1683,64
3,0,-2,884,1926,64
2,0,-2,817,1910,64
1,0,-2,823,1990,91
0,0,-2,26,1981,106
--- ---DELTA MATERIALIZED
patch_start,patch_end,offset,limit,count-ms,lookup-mus,results
0,1,0,-2,836,1746,107
0,2,0,-2,827,1708,92
0,3,0,-2,824,1729,92
0,4,0,-2,21,1790,120
0,5,0,-2,646,2977,120
0,6,0,-2,637,3768,124
0,7,0,-2,633,3015,124
1,2,0,-2,1625,1758,103
1,3,0,-2,1635,1687,69
1,4,0,-2,818,1700,97
1,5,0,-2,1443,2873,99
1,6,0,-2,1435,2899,93
1,7,0,-2,1435,2965,99
2,3,0,-2,1617,1718,82
2,4,0,-2,813,1664,82
2,5,0,-2,1436,2829,78
2,6,0,-2,1427,2853,82
2,7,0,-2,1429,2920,84
3,4,0,-2,811,1642,82
3,5,0,-2,1439,2826,84
3,6,0,-2,1428,2842,90
3,7,0,-2,1425,2850,80
4,5,0,-2,626,1324,76
4,6,0,-2,621,1375,88
4,7,0,-2,618,1369,72
5,6,0,-2,1243,1299,43
5,7,0,-2,1244,1449,121
6,7,0,-2,1231,1393,90
--- ---VERSION
offset,limit,count-ms,lookup-mus,results
0,-2,1371,5946,243
---PATTERN START: http://d.opencalais.com/er/company/ralg-tr1r/bd8540df-a13f-360c-9e28-64b55adde9c8   .
--- ---VERSION MATERIALIZED
patch,offset,limit,count-ms,lookup-mus,results
4,0,-2,7,117,60
5,0,-2,581,1516,60
6,0,-2,516,1497,60
7,0,-2,515,1482,60
3,0,-2,704,1659,60
2,0,-2,639,1614,60
1,0,-2,645,1681,81
0,0,-2,25,1672,92
--- ---DELTA MATERIALIZED
patch_start,patch_end,offset,limit,count-ms,lookup-mus,results
0,1,0,-2,675,1451,87
0,2,0,-2,656,1393,68
0,3,0,-2,651,1416,80
0,4,0,-2,20,1483,112
0,5,0,-2,532,2467,98
0,6,0,-2,528,2494,102
0,7,0,-2,529,3262,94
1,2,0,-2,1275,1425,85
1,3,0,-2,1271,1354,43
1,4,0,-2,644,1426,91
1,5,0,-2,1153,2399,87
1,6,0,-2,1155,2402,87
1,7,0,-2,1150,2414,81
2,3,0,-2,1267,1409,72
2,4,0,-2,639,1394,76
2,5,0,-2,1149,2360,74
2,6,0,-2,1148,2357,66
2,7,0,-2,1145,2356,66
3,4,0,-2,635,1324,66
3,5,0,-2,1146,2318,74
3,6,0,-2,1145,2361,74
3,7,0,-2,1148,2368,68
4,5,0,-2,510,1089,60
4,6,0,-2,515,1126,68
4,7,0,-2,515,1137,70
5,6,0,-2,1016,1081,47
5,7,0,-2,1018,1180,93
6,7,0,-2,1019,1147,70
--- ---VERSION
offset,limit,count-ms,lookup-mus,results
0,-2,1103,4955,209
---PATTERN START: http://d.opencalais.com/er/company/ralg-tr1r/018a40be-eadd-34ab-a418-48f096979ea0   .
--- ---VERSION MATERIALIZED
patch,offset,limit,count-ms,lookup-mus,results
4,0,-2,6,115,61
5,0,-2,642,1610,61
6,0,-2,581,1577,61
7,0,-2,580,1580,61
3,0,-2,747,1770,61
2,0,-2,689,1734,61
1,0,-2,696,1793,84
0,0,-2,27,1828,103
--- ---DELTA MATERIALIZED
patch_start,patch_end,offset,limit,count-ms,lookup-mus,results
0,1,0,-2,707,1533,89
0,2,0,-2,696,1494,78
0,3,0,-2,695,1493,84
0,4,0,-2,21,1584,120
0,5,0,-2,596,2662,102
0,6,0,-2,596,2676,108
0,7,0,-2,595,2680,108
1,2,0,-2,1360,1524,93
1,3,0,-2,1365,1496,67
1,4,0,-2,696,1535,95
1,5,0,-2,1264,2614,93
1,6,0,-2,1263,2621,95
1,7,0,-2,1260,3459,99
2,3,0,-2,1358,1506,76
2,4,0,-2,681,1494,82
2,5,0,-2,1258,2567,76
2,6,0,-2,1256,2562,74
2,7,0,-2,1252,2615,76
3,4,0,-2,681,1436,68
3,5,0,-2,1258,2551,74
3,6,0,-2,1255,2576,78
3,7,0,-2,1254,2570,78
4,5,0,-2,574,1206,76
4,6,0,-2,577,1217,74
4,7,0,-2,579,1229,72
5,6,0,-2,1147,1203,48
5,7,0,-2,1151,1334,112
6,7,0,-2,1153,1267,78
--- ---VERSION
offset,limit,count-ms,lookup-mus,results
0,-2,1249,5561,227
---PATTERN START: http://d.opencalais.com/er/company/ralg-tr1r/ac46ca60-ecab-3d01-9dc6-c192035d5ffd   .
--- ---VERSION MATERIALIZED
patch,offset,limit,count-ms,lookup-mus,results
4,0,-2,6,117,55
5,0,-2,566,1442,55
6,0,-2,494,1410,55
7,0,-2,495,1406,55
3,0,-2,696,1603,55
2,0,-2,599,1554,51
1,0,-2,629,1629,69
0,0,-2,25,1595,83
--- ---DELTA MATERIALIZED
patch_start,patch_end,offset,limit,count-ms,lookup-mus,results
0,1,0,-2,643,1378,80
0,2,0,-2,610,1302,56
0,3,0,-2,640,1337,74
0,4,0,-2,20,1400,94
0,5,0,-2,509,2415,102
0,6,0,-2,506,2417,92
0,7,0,-2,508,2388,88
1,2,0,-2,1216,1346,78
1,3,0,-2,1240,1294,48
1,4,0,-2,623,1390,88
1,5,0,-2,1112,2329,72
1,6,0,-2,1111,2352,78
1,7,0,-2,1107,2309,66
2,3,0,-2,1211,1317,64
2,4,0,-2,595,1368,78
2,5,0,-2,1083,2361,76
2,6,0,-2,1080,2329,64
2,7,0,-2,1081,2327,70
3,4,0,-2,624,1283,66
3,5,0,-2,1108,3053,66
3,6,0,-2,1108,2295,64
3,7,0,-2,1111,2306,62
4,5,0,-2,490,1107,72
4,6,0,-2,493,1135,72
4,7,0,-2,492,1118,74
5,6,0,-2,973,1055,41
5,7,0,-2,974,1151,87
6,7,0,-2,973,1120,66
--- ---VERSION
offset,limit,count-ms,lookup-mus,results
0,-2,1065,4867,200
---PATTERN START: http://d.opencalais.com/er/company/ralg-tr1r/f3e4768e-524b-36c5-a67c-04d01eb4f3a7   .
--- ---VERSION MATERIALIZED
patch,offset,limit,count-ms,lookup-mus,results
4,0,-2,6,121,56
5,0,-2,798,1898,56
6,0,-2,720,1896,56
7,0,-2,722,1857,56
3,0,-2,1019,2061,56
2,0,-2,942,2047,56
1,0,-2,955,2127,83
0,0,-2,27,2139,95
--- ---DELTA MATERIALIZED
patch_start,patch_end,offset,limit,count-ms,lookup-mus,results
0,1,0,-2,969,1857,78
0,2,0,-2,957,1839,71
0,3,0,-2,963,1812,59
0,4,0,-2,22,1945,111
0,5,0,-2,739,3201,95
0,6,0,-2,739,3190,93
0,7,0,-2,736,3996,99
1,2,0,-2,1883,1864,85
1,3,0,-2,1891,1824,55
1,4,0,-2,951,1891,89
1,5,0,-2,1667,3169,85
1,6,0,-2,1662,3129,85
1,7,0,-2,1663,3164,93
2,3,0,-2,1873,1866,76
2,4,0,-2,937,1822,66
2,5,0,-2,1656,3104,70
2,6,0,-2,1655,3102,66
2,7,0,-2,1653,3101,72
3,4,0,-2,942,1797,80
3,5,0,-2,1654,3074,72
3,6,0,-2,1663,3099,68
3,7,0,-2,1656,3126,68
4,5,0,-2,715,1393,74
4,6,0,-2,717,1397,68
4,7,0,-2,717,1429,76
5,6,0,-2,1425,1378,47
5,7,0,-2,1429,1502,95
6,7,0,-2,1433,1458,74
--- ---VERSION
offset,limit,count-ms,lookup-mus,results
0,-2,1636,6511,212
---PATTERN START: http://d.opencalais.com/er/company/ralg-tr1r/260b5d1a-8240-3f3d-ae24-f159c134e447   .
--- ---VERSION MATERIALIZED
patch,offset,limit,count-ms,lookup-mus,results
4,0,-2,6,121,66
5,0,-2,668,1726,66
6,0,-2,598,1705,66
7,0,-2,606,1694,66
3,0,-2,821,1854,66
2,0,-2,764,1832,66
1,0,-2,768,1893,85
0,0,-2,33,1936,110
--- ---DELTA MATERIALIZED
patch_start,patch_end,offset,limit,count-ms,lookup-mus,results
0,1,0,-2,786,1622,93
0,2,0,-2,779,1570,78
0,3,0,-2,778,1582,84
0,4,0,-2,28,1672,122
0,5,0,-2,618,2863,110
0,6,0,-2,618,2904,120
0,7,0,-2,619,2852,104
1,2,0,-2,1510,1594,83
1,3,0,-2,1510,1564,63
1,4,0,-2,1588,1616,85
1,5,0,-2,1354,2812,97
1,6,0,-2,1352,2808,97
1,7,0,-2,1350,2817,91
2,3,0,-2,1503,1605,84
2,4,0,-2,756,1574,76
2,5,0,-2,1346,2745,72
2,6,0,-2,1343,2762,78
2,7,0,-2,1346,2774,82
3,4,0,-2,753,1573,86
3,5,0,-2,1345,2749,78
3,6,0,-2,1343,2788,86
3,7,0,-2,1342,2767,84
4,5,0,-2,591,1312,86
4,6,0,-2,591,1319,74
4,7,0,-2,593,1352,84
5,6,0,-2,1178,1320,59
5,7,0,-2,1182,1398,97
6,7,0,-2,1182,1351,80
--- ---VERSION
offset,limit,count-ms,lookup-mus,results
0,-2,1326,5644,234
---PATTERN START: http://d.opencalais.com/er/company/ralg-tr1r/f08c4e64-8fc4-3ac1-97ee-7366d76233d9   .
--- ---VERSION MATERIALIZED
patch,offset,limit,count-ms,lookup-mus,results
4,0,-2,6,115,59
5,0,-2,788,1947,59
6,0,-2,720,1910,59
7,0,-2,720,1909,59
3,0,-2,1147,2348,59
2,0,-2,1115,2374,59
1,0,-2,1104,2437,86
0,0,-2,73,2514,110
--- ---DELTA MATERIALIZED
patch_start,patch_end,offset,limit,count-ms,lookup-mus,results
0,1,0,-2,1165,2048,92
0,2,0,-2,1153,2003,81
0,3,0,-2,1129,1966,71
0,4,0,-2,67,2035,109
0,5,0,-2,777,3466,115
0,6,0,-2,781,3491,115
0,7,0,-2,782,3503,111
1,2,0,-2,2186,2016,93
1,3,0,-2,2163,1953,55
1,4,0,-2,1096,2069,103
1,5,0,-2,1818,3443,101
1,6,0,-2,1812,3386,93
1,7,0,-2,1809,3428,95
2,3,0,-2,2143,1993,72
2,4,0,-2,1092,2010,78
2,5,0,-2,1804,3370,74
2,6,0,-2,1806,3365,82
2,7,0,-2,1800,3377,74
3,4,0,-2,1070,1971,80
3,5,0,-2,1778,3342,76
3,6,0,-2,1777,3384,76
3,7,0,-2,1777,3427,68
4,5,0,-2,714,1435,70
4,6,0,-2,716,1465,80
4,7,0,-2,715,1516,76
5,6,0,-2,1421,1430,43
5,7,0,-2,1423,1564,103
6,7,0,-2,1449,1515,76
--- ---VERSION
offset,limit,count-ms,lookup-mus,results
0,-2,1725,6716,226
---PATTERN START: http://d.opencalais.com/er/company/ralg-tr1r/bfe6db89-dddf-3480-b718-f41b892b3404   .
--- ---VERSION MATERIALIZED
patch,offset,limit,count-ms,lookup-mus,results
4,0,-2,7,133,60
5,0,-2,581,1591,60
6,0,-2,524,1600,60
7,0,-2,508,2378,60
3,0,-2,761,1803,60
2,0,-2,694,1780,60
1,0,-2,700,1846,83
0,0,-2,26,1834,92
--- ---DELTA MATERIALIZED
patch_start,patch_end,offset,limit,count-ms,lookup-mus,results
0,1,0,-2,714,1574,91
0,2,0,-2,708,1516,78
0,3,0,-2,704,1501,72
0,4,0,-2,21,1585,106
0,5,0,-2,525,2574,108
0,6,0,-2,538,2555,98
0,7,0,-2,523,2557,102
1,2,0,-2,1377,1536,89
1,3,0,-2,1407,1458,49
1,4,0,-2,698,1532,87
1,5,0,-2,1201,2510,93
1,6,0,-2,1215,2489,87
1,7,0,-2,1196,2471,79
2,3,0,-2,1370,1509,74
2,4,0,-2,700,1474,72
2,5,0,-2,1196,2424,66
2,6,0,-2,1208,2454,76
2,7,0,-2,1193,2416,62
3,4,0,-2,687,1430,68
3,5,0,-2,1191,2411,78
3,6,0,-2,1224,2387,56
3,7,0,-2,1193,2430,66
4,5,0,-2,505,1116,72
4,6,0,-2,522,1097,60
4,7,0,-2,508,1117,66
5,6,0,-2,1016,1071,47
5,7,0,-2,1001,1181,93
6,7,0,-2,1018,1112,60
--- ---VERSION
offset,limit,count-ms,lookup-mus,results
0,-2,1150,5456,212
---PATTERN START: http://d.opencalais.com/er/company/ralg-tr1r/051152c0-b8b9-390b-8ab7-0acb09f3cd9b   .
--- ---VERSION MATERIALIZED
patch,offset,limit,count-ms,lookup-mus,results
4,0,-2,6,111,69
5,0,-2,729,1751,69
6,0,-2,661,1711,69
7,0,-2,661,1722,69
3,0,-2,955,2051,69
2,0,-2,881,2031,69
1,0,-2,888,2099,99
0,0,-2,24,2099,113
--- ---DELTA MATERIALIZED
patch_start,patch_end,offset,limit,count-ms,lookup-mus,results
0,1,0,-2,899,1874,124
0,2,0,-2,890,1823,94
0,3,0,-2,883,1800,92
0,4,0,-2,20,1868,124
0,5,0,-2,672,3183,128
0,6,0,-2,672,3198,126
0,7,0,-2,673,3178,120
1,2,0,-2,1744,1847,110
1,3,0,-2,1748,1788,72
1,4,0,-2,882,1841,122
1,5,0,-2,1528,3092,110
1,6,0,-2,1532,3938,106
1,7,0,-2,1532,3156,104
2,3,0,-2,1737,1790,80
2,4,0,-2,871,1745,84
2,5,0,-2,1521,3046,94
2,6,0,-2,1524,3105,88
2,7,0,-2,1526,3108,94
3,4,0,-2,871,1734,84
3,5,0,-2,1520,2998,86
3,6,0,-2,1521,3041,88
3,7,0,-2,1550,3062,86
4,5,0,-2,653,1398,86
4,6,0,-2,655,1459,98
4,7,0,-2,656,1451,86
5,6,0,-2,1302,1364,51
5,7,0,-2,1304,1472,115
6,7,0,-2,1301,1453,90
--- ---VERSION
offset,limit,count-ms,lookup-mus,results
0,-2,1479,5970,257
---PATTERN START: http://d.opencalais.com/er/company/ralg-tr1r/e7b77866-3a23-3dec-97d7-e711f1ff2ff4   .
--- ---VERSION MATERIALIZED
patch,offset,limit,count-ms,lookup-mus,results
4,0,-2,6,132,71
5,0,-2,683,1768,71
6,0,-2,608,1742,71
7,0,-2,607,1743,71
3,0,-2,853,1999,71
2,0,-2,778,2003,71
1,0,-2,783,2040,89
0,0,-2,27,2122,114
--- ---DELTA MATERIALIZED
patch_start,patch_end,offset,limit,count-ms,lookup-mus,results
0,1,0,-2,798,1695,99
0,2,0,-2,791,1655,81
0,3,0,-2,794,1674,83
0,4,0,-2,22,1758,125
0,5,0,-2,624,2918,115
0,6,0,-2,623,2913,115
0,7,0,-2,622,2947,111
1,2,0,-2,1547,1709,96
1,3,0,-2,1551,1661,72
1,4,0,-2,779,2470,98
1,5,0,-2,1374,2848,102
1,6,0,-2,1377,2914,106
1,7,0,-2,1380,2953,104
2,3,0,-2,1547,1672,84
2,4,0,-2,775,1625,78
2,5,0,-2,1376,2801,82
2,6,0,-2,1374,2857,82
2,7,0,-2,1382,2888,82
3,4,0,-2,776,1652,90
3,5,0,-2,1379,2799,86
3,6,0,-2,1378,2831,90
3,7,0,-2,1377,2848,78
4,5,0,-2,602,1315,82
4,6,0,-2,625,1375,88
4,7,0,-2,606,1383,88
5,6,0,-2,1206,1291,48
5,7,0,-2,1201,1396,110
6,7,0,-2,1204,1362,86
--- ---VERSION
offset,limit,count-ms,lookup-mus,results
0,-2,1357,6049,248
---PATTERN START: http://d.opencalais.com/er/company/ralg-tr1r/8e31f1da-1e9a-3d70-99c8-ca7e3832faa1   .
--- ---VERSION MATERIALIZED
patch,offset,limit,count-ms,lookup-mus,results
4,0,-2,7,100,57
5,0,-2,579,1380,57
6,0,-2,509,1346,57
7,0,-2,506,1349,57
3,0,-2,715,1554,57
2,0,-2,654,1547,57
1,0,-2,656,1615,80
0,0,-2,25,1592,90
--- ---DELTA MATERIALIZED
patch_start,patch_end,offset,limit,count-ms,lookup-mus,results
0,1,0,-2,666,1439,86
0,2,0,-2,664,2197,75
0,3,0,-2,657,1391,73
0,4,0,-2,19,1449,105
0,5,0,-2,520,2464,109
0,6,0,-2,521,2468,99
0,7,0,-2,519,2462,101
1,2,0,-2,1294,1415,89
1,3,0,-2,1286,1346,45
1,4,0,-2,652,1412,85
1,5,0,-2,1154,2398,85
1,6,0,-2,1152,2416,81
1,7,0,-2,1150,2415,91
2,3,0,-2,1281,1377,68
2,4,0,-2,647,1373,78
2,5,0,-2,1153,2345,68
2,6,0,-2,1155,2360,64
2,7,0,-2,1152,2358,66
3,4,0,-2,644,1344,72
3,5,0,-2,1145,2320,70
3,6,0,-2,1145,2340,62
3,7,0,-2,1146,2368,66
4,5,0,-2,503,1075,64
4,6,0,-2,506,1110,70
4,7,0,-2,506,1112,70
5,6,0,-2,1003,1051,39
5,7,0,-2,1002,1150,95
6,7,0,-2,1019,1111,70
--- ---VERSION
offset,limit,count-ms,lookup-mus,results
0,-2,1119,4679,210
---PATTERN START: http://d.opencalais.com/er/company/ralg-tr1r/5e026e3f-b1a3-3038-b5fb-ab37d800f57b   .
--- ---VERSION MATERIALIZED
patch,offset,limit,count-ms,lookup-mus,results
4,0,-2,6,126,64
5,0,-2,642,1725,64
6,0,-2,582,1712,64
7,0,-2,587,1705,64
3,0,-2,844,1890,64
2,0,-2,794,1870,64
1,0,-2,799,1973,95
0,0,-2,26,1991,108
--- ---DELTA MATERIALIZED
patch_start,patch_end,offset,limit,count-ms,lookup-mus,results
0,1,0,-2,809,1688,99
0,2,0,-2,800,1637,84
0,3,0,-2,790,1628,82
0,4,0,-2,20,1726,114
0,5,0,-2,596,2918,118
0,6,0,-2,597,2889,114
0,7,0,-2,600,2853,106
1,2,0,-2,1573,1668,97
1,3,0,-2,1566,1615,63
1,4,0,-2,810,1682,95
1,5,0,-2,1367,2830,103
1,6,0,-2,1369,2828,107
1,7,0,-2,1370,2837,103
2,3,0,-2,1554,1654,82
2,4,0,-2,790,1623,82
2,5,0,-2,1363,2769,82
2,6,0,-2,1360,2772,88
2,7,0,-2,1361,2749,76
3,4,0,-2,780,1607,78
3,5,0,-2,1363,2762,80
3,6,0,-2,1353,2772,78
3,7,0,-2,1353,2771,90
4,5,0,-2,576,1284,78
4,6,0,-2,580,1298,78
4,7,0,-2,581,1301,76
5,6,0,-2,1153,1277,51
5,7,0,-2,1158,1402,107
6,7,0,-2,1157,1343,78
--- ---VERSION
offset,limit,count-ms,lookup-mus,results
0,-2,1338,5674,233
---PATTERN START: http://d.opencalais.com/er/company/ralg-tr1r/18c4fb09-cb60-362b-af2e-c92d789e173e   .
--- ---VERSION MATERIALIZED
patch,offset,limit,count-ms,lookup-mus,results
4,0,-2,6,98,51
5,0,-2,536,1312,51
6,0,-2,465,1281,51
7,0,-2,465,1274,51
3,0,-2,687,1486,51
2,0,-2,632,1437,51
1,0,-2,635,1498,69
0,0,-2,52,1555,93
--- ---DELTA MATERIALIZED
patch_start,patch_end,offset,limit,count-ms,lookup-mus,results
0,1,0,-2,680,1373,84
0,2,0,-2,673,1334,62
0,3,0,-2,686,1331,72
0,4,0,-2,47,1386,100
0,5,0,-2,508,2267,84
0,6,0,-2,508,2331,90
0,7,0,-2,508,2361,96
1,2,0,-2,1258,1357,84
1,3,0,-2,1251,1284,46
1,4,0,-2,631,1346,78
1,5,0,-2,1088,2278,84
1,6,0,-2,1110,2302,82
1,7,0,-2,1093,2322,82
2,3,0,-2,1248,1322,68
2,4,0,-2,629,1316,72
2,5,0,-2,1090,2200,64
2,6,0,-2,1088,2248,66
2,7,0,-2,1088,2258,60
3,4,0,-2,628,1294,64
3,5,0,-2,1088,2195,68
3,6,0,-2,1087,2207,66
3,7,0,-2,1885,2206,60
4,5,0,-2,460,997,66
4,6,0,-2,472,1033,66
4,7,0,-2,465,1055,70
5,6,0,-2,924,992,38
5,7,0,-2,922,1084,86
6,7,0,-2,918,1021,60
--- ---VERSION
offset,limit,count-ms,lookup-mus,results
0,-2,1046,4660,203
