---PATTERN START:  http://www.w3.org/1999/xhtml/vocab#stylesheet http://www.london-gazette.co.uk/Styles/gazettes.css .
--- ---VERSION MATERIALIZED
patch,offset,limit,count-ms,lookup-mus,results
4,0,-2,8,252,188
5,0,-2,2759,10651,193
6,0,-2,2579,9827,126
7,0,-2,2590,9982,142
3,0,-2,3790,11200,190
2,0,-2,53,11406,180
1,0,-2,53,10790,195
0,0,-2,54,10955,284
--- ---DELTA MATERIALIZED
patch_start,patch_end,offset,limit,count-ms,lookup-mus,results
0,1,0,-2,89,7401,217
0,2,0,-2,91,7386,194
0,3,0,-2,3687,7371,216
0,4,0,-2,48,7643,370
0,5,0,-2,2642,12708,371
0,6,0,-2,2626,12860,306
0,7,0,-2,2632,12906,320
1,2,0,-2,89,7305,183
1,3,0,-2,3682,7492,255
1,4,0,-2,49,7365,273
1,5,0,-2,2645,12506,274
1,6,0,-2,2620,12559,209
1,7,0,-2,2631,12675,223
2,3,0,-2,3674,7244,122
2,4,0,-2,50,7403,260
2,5,0,-2,2648,12354,263
2,6,0,-2,2611,12498,198
2,7,0,-2,2640,12491,212
3,4,0,-2,3638,7099,156
3,5,0,-2,6241,12245,241
3,6,0,-2,6199,12242,204
3,7,0,-2,6214,12433,218
4,5,0,-2,2596,4966,89
4,6,0,-2,2574,5293,202
4,7,0,-2,2579,5391,216
5,6,0,-2,5166,5315,146
5,7,0,-2,5169,5425,274
6,7,0,-2,5146,5263,128
--- ---VERSION
offset,limit,count-ms,lookup-mus,results
0,-2,6051,26970,665
---PATTERN START:  http://xmlns.com/foaf/0.1/accountServiceHomepage http://twitter.com .
--- ---VERSION MATERIALIZED
patch,offset,limit,count-ms,lookup-mus,results
4,0,-2,11,191,148
5,0,-2,3372,14406,146
6,0,-2,1665,10899,155
7,0,-2,94,9220,155
3,0,-2,148,13565,146
2,0,-2,69,11257,155
1,0,-2,67,11467,293
0,0,-2,67,12418,431
--- ---DELTA MATERIALIZED
patch_start,patch_end,offset,limit,count-ms,lookup-mus,results
0,1,0,-2,120,15542,146
0,2,0,-2,122,15580,287
0,3,0,-2,124,15751,422
0,4,0,-2,64,16183,704
0,5,0,-2,3284,27728,702
0,6,0,-2,1680,28064,841
0,7,0,-2,114,28030,841
1,2,0,-2,121,15490,149
1,3,0,-2,122,15623,280
1,4,0,-2,63,15919,562
1,5,0,-2,3285,27331,562
1,6,0,-2,1681,27676,701
1,7,0,-2,113,27690,699
2,3,0,-2,120,15478,145
2,4,0,-2,64,15651,417
2,5,0,-2,3286,26977,419
2,6,0,-2,1682,27330,556
2,7,0,-2,114,27337,554
3,4,0,-2,64,15354,282
3,5,0,-2,3286,26577,284
3,6,0,-2,1682,26875,421
3,7,0,-2,114,26910,419
4,5,0,-2,3223,11383,282
4,6,0,-2,1620,11694,419
4,7,0,-2,55,11676,419
5,6,0,-2,4837,11449,141
5,7,0,-2,3282,11584,285
6,7,0,-2,1671,11723,420
--- ---VERSION
offset,limit,count-ms,lookup-mus,results
0,-2,11949,42861,1131
---PATTERN START:  http://purl.org/dc/dcam/memberOf http://purl.org/dc/terms/ISO639-2 .
--- ---VERSION MATERIALIZED
patch,offset,limit,count-ms,lookup-mus,results
4,0,-2,9,301,227
5,0,-2,5223,20643,232
6,0,-2,5011,18635,192
7,0,-2,2540,16087,209
3,0,-2,134,19290,231
2,0,-2,56,16114,218
1,0,-2,55,11386,457
0,0,-2,54,11764,682
--- ---DELTA MATERIALIZED
patch_start,patch_end,offset,limit,count-ms,lookup-mus,results
0,1,0,-2,94,24166,659
0,2,0,-2,97,24036,473
0,3,0,-2,96,24041,460
0,4,0,-2,50,24756,918
0,5,0,-2,5170,42381,923
0,6,0,-2,5061,42041,892
0,7,0,-2,2583,42497,909
1,2,0,-2,96,24104,666
1,3,0,-2,95,23651,235
1,4,0,-2,51,24103,693
1,5,0,-2,5153,41667,698
1,6,0,-2,5066,41289,667
1,7,0,-2,2578,41665,684
2,3,0,-2,94,23872,449
2,4,0,-2,51,26181,445
2,5,0,-2,5141,43479,450
2,6,0,-2,5064,43116,419
2,7,0,-2,2566,43768,436
3,4,0,-2,55,23462,458
3,5,0,-2,5157,40842,463
3,6,0,-2,5075,40477,432
3,7,0,-2,2572,40863,449
4,5,0,-2,5105,17728,459
4,6,0,-2,5031,17415,428
4,7,0,-2,2536,17760,445
5,6,0,-2,10107,17541,232
5,7,0,-2,7646,17983,624
6,7,0,-2,7566,17771,410
--- ---VERSION
offset,limit,count-ms,lookup-mus,results
0,-2,17494,58766,1768
---PATTERN START:  http://www.w3.org/1999/02/22-rdf-syntax-ns#type http://www.gazettes-online.co.uk/ontology#Issue .
--- ---VERSION MATERIALIZED
patch,offset,limit,count-ms,lookup-mus,results
4,0,-2,9,162,115
5,0,-2,1627,5793,117
6,0,-2,1358,4856,123
7,0,-2,1310,4740,125
3,0,-2,1658,6148,119
2,0,-2,1548,5248,116
1,0,-2,1561,5060,44
0,0,-2,57,3550,34
--- ---DELTA MATERIALIZED
patch_start,patch_end,offset,limit,count-ms,lookup-mus,results
0,1,0,-2,1599,3584,67
0,2,0,-2,1586,3684,97
0,3,0,-2,1575,3732,132
0,4,0,-2,59,3754,198
0,5,0,-2,1499,6921,216
0,6,0,-2,1413,7013,236
0,7,0,-2,2148,6961,246
1,2,0,-2,3068,3630,54
1,3,0,-2,3056,3659,99
1,4,0,-2,1537,3647,153
1,5,0,-2,2984,6686,171
1,6,0,-2,2902,6945,197
1,7,0,-2,2847,6861,213
2,3,0,-2,3046,3586,47
2,4,0,-2,1533,3642,117
2,5,0,-2,2995,6722,141
2,6,0,-2,2904,6679,167
2,7,0,-2,2826,6814,189
3,4,0,-2,1522,3472,72
3,5,0,-2,2974,6550,114
3,6,0,-2,2873,6599,150
3,7,0,-2,2819,6623,172
4,5,0,-2,1447,2836,42
4,6,0,-2,1374,3114,118
4,7,0,-2,1321,3197,140
5,6,0,-2,2830,3100,83
5,7,0,-2,2732,3055,127
6,7,0,-2,2620,2970,56
--- ---VERSION
offset,limit,count-ms,lookup-mus,results
0,-2,2718,13400,339
---PATTERN START:  http://www.w3.org/2000/01/rdf-schema#subPropertyOf http://purl.org/dc/elements/1.1/contributor .
--- ---VERSION MATERIALIZED
patch,offset,limit,count-ms,lookup-mus,results
4,0,-2,10,184,105
5,0,-2,143,1705,106
6,0,-2,49,1514,106
7,0,-2,48,1505,106
3,0,-2,136,1940,106
2,0,-2,49,1595,105
1,0,-2,48,1592,105
0,0,-2,52,1594,106
--- ---DELTA MATERIALIZED
patch_start,patch_end,offset,limit,count-ms,lookup-mus,results
0,1,0,-2,83,42,1
0,2,0,-2,83,40,1
0,3,0,-2,83,38,0
0,4,0,-2,44,43,1
0,5,0,-2,84,81,0
0,6,0,-2,83,82,0
0,7,0,-2,83,80,0
1,2,0,-2,82,39,0
1,3,0,-2,82,40,1
1,4,0,-2,44,43,0
1,5,0,-2,83,84,1
1,6,0,-2,83,85,1
1,7,0,-2,84,84,1
2,3,0,-2,82,40,1
2,4,0,-2,44,43,0
2,5,0,-2,83,85,1
2,6,0,-2,83,84,1
2,7,0,-2,84,84,1
3,4,0,-2,44,42,1
3,5,0,-2,83,81,0
3,6,0,-2,84,80,0
3,7,0,-2,83,81,0
4,5,0,-2,45,43,1
4,6,0,-2,43,43,1
4,7,0,-2,44,43,1
5,6,0,-2,81,43,0
5,7,0,-2,81,42,0
6,7,0,-2,81,42,0
--- ---VERSION
offset,limit,count-ms,lookup-mus,results
0,-2,50,2385,106
---PATTERN START:  http://webns.net/mvcb/generatorAgent http://www.ldodds.com/foaf/foaf-a-matic .
--- ---VERSION MATERIALIZED
patch,offset,limit,count-ms,lookup-mus,results
4,0,-2,13,302,128
5,0,-2,800,6493,113
6,0,-2,716,5033,131
7,0,-2,714,5077,137
3,0,-2,805,6385,123
2,0,-2,675,4711,135
1,0,-2,665,4651,134
0,0,-2,664,4575,126
--- ---DELTA MATERIALIZED
patch_start,patch_end,offset,limit,count-ms,lookup-mus,results
0,1,0,-2,1306,1618,20
0,2,0,-2,1301,1645,26
0,3,0,-2,1409,1779,31
0,4,0,-2,702,1809,48
0,5,0,-2,1418,3147,35
0,6,0,-2,1406,3217,43
0,7,0,-2,1378,2952,58
1,2,0,-2,1295,1570,6
1,3,0,-2,1297,1577,11
1,4,0,-2,655,1597,30
1,5,0,-2,1306,2903,43
1,6,0,-2,1312,3005,43
1,7,0,-2,1407,3164,40
2,3,0,-2,1418,1730,7
2,4,0,-2,702,1740,24
2,5,0,-2,1411,3196,37
2,6,0,-2,1387,3165,37
2,7,0,-2,1381,3110,34
3,4,0,-2,650,1565,19
3,5,0,-2,1310,2862,32
3,6,0,-2,1311,2865,32
3,7,0,-2,1315,2848,29
4,5,0,-2,658,1281,23
4,6,0,-2,666,1285,27
4,7,0,-2,660,1267,22
5,6,0,-2,1311,1254,8
5,7,0,-2,1372,1425,30
6,7,0,-2,1430,1426,30
--- ---VERSION
offset,limit,count-ms,lookup-mus,results
0,-2,1260,9036,186
---PATTERN START:  http://swat.cse.lehigh.edu/resources/onto/aigp.owl#inUniversity http://aigp.csres.utexas.edu/~aigp/school/show/255 .
--- ---VERSION MATERIALIZED
patch,offset,limit,count-ms,lookup-mus,results
4,0,-2,10,147,111
5,0,-2,2754,10777,111
6,0,-2,1338,7926,111
7,0,-2,77,6660,111
3,0,-2,119,9665,111
2,0,-2,47,5083,111
1,0,-2,47,5190,222
0,0,-2,48,5338,333
--- ---DELTA MATERIALIZED
patch_start,patch_end,offset,limit,count-ms,lookup-mus,results
0,1,0,-2,80,11223,185
0,2,0,-2,79,12034,259
0,3,0,-2,81,11273,296
0,4,0,-2,44,11741,518
0,5,0,-2,2672,19837,518
0,6,0,-2,1338,20015,592
0,7,0,-2,77,20088,592
1,2,0,-2,82,11221,222
1,3,0,-2,79,11161,185
1,4,0,-2,42,11458,407
1,5,0,-2,2650,19495,407
1,6,0,-2,1338,19699,481
1,7,0,-2,77,19672,481
2,3,0,-2,79,11155,185
2,4,0,-2,44,11134,259
2,5,0,-2,2648,19022,259
2,6,0,-2,1337,19236,333
2,7,0,-2,77,19321,333
3,4,0,-2,42,11077,222
3,5,0,-2,2649,18921,222
3,6,0,-2,1338,19085,296
3,7,0,-2,77,19130,296
4,5,0,-2,2607,7930,222
4,6,0,-2,1297,8130,296
4,7,0,-2,39,8147,296
5,6,0,-2,3911,7977,111
5,7,0,-2,2644,8120,259
6,7,0,-2,1332,8159,296
--- ---VERSION
offset,limit,count-ms,lookup-mus,results
0,-2,8562,32384,888
---PATTERN START:  http://swat.cse.lehigh.edu/resources/onto/aigp.owl#inUniversity http://aigp.csres.utexas.edu/~aigp/school/show/265 .
--- ---VERSION MATERIALIZED
patch,offset,limit,count-ms,lookup-mus,results
4,0,-2,10,240,150
5,0,-2,3418,14397,150
6,0,-2,1602,10697,150
7,0,-2,75,9154,150
3,0,-2,118,13952,150
2,0,-2,44,7137,150
1,0,-2,44,7353,300
0,0,-2,44,7613,450
--- ---DELTA MATERIALIZED
patch_start,patch_end,offset,limit,count-ms,lookup-mus,results
0,1,0,-2,74,15204,250
0,2,0,-2,75,15283,350
0,3,0,-2,76,15360,400
0,4,0,-2,41,15912,700
0,5,0,-2,3319,26293,700
0,6,0,-2,1603,26577,800
0,7,0,-2,72,26583,800
1,2,0,-2,75,15241,300
1,3,0,-2,76,15135,250
1,4,0,-2,40,15531,550
1,5,0,-2,3320,25833,550
1,6,0,-2,1602,26140,650
1,7,0,-2,74,26161,650
2,3,0,-2,75,15137,250
2,4,0,-2,41,15095,350
2,5,0,-2,3319,25233,350
2,6,0,-2,1603,25524,450
2,7,0,-2,74,25558,450
3,4,0,-2,42,14961,300
3,5,0,-2,3317,25129,300
3,6,0,-2,1601,25385,400
3,7,0,-2,74,25433,400
4,5,0,-2,3287,10487,300
4,6,0,-2,1571,10775,400
4,7,0,-2,36,10806,400
5,6,0,-2,4836,10511,150
5,7,0,-2,3308,10780,350
6,7,0,-2,1594,10877,400
--- ---VERSION
offset,limit,count-ms,lookup-mus,results
0,-2,11886,44961,1200
---PATTERN START:  http://swat.cse.lehigh.edu/resources/onto/aigp.owl#inUniversity http://aigp.csres.utexas.edu/~aigp/school/show/246 .
--- ---VERSION MATERIALIZED
patch,offset,limit,count-ms,lookup-mus,results
4,0,-2,11,363,231
5,0,-2,5444,22549,231
6,0,-2,2660,17062,231
7,0,-2,73,15214,231
3,0,-2,129,20673,231
2,0,-2,46,11179,231
1,0,-2,46,11568,462
0,0,-2,46,11954,693
--- ---DELTA MATERIALIZED
patch_start,patch_end,offset,limit,count-ms,lookup-mus,results
0,1,0,-2,77,24373,385
0,2,0,-2,81,24534,539
0,3,0,-2,79,24664,616
0,4,0,-2,43,25647,1078
0,5,0,-2,5367,42017,1078
0,6,0,-2,2647,42601,1232
0,7,0,-2,77,42523,1232
1,2,0,-2,78,24463,462
1,3,0,-2,78,24252,385
1,4,0,-2,46,24998,847
1,5,0,-2,5364,41176,847
1,6,0,-2,2660,41659,1001
1,7,0,-2,75,41677,1001
2,3,0,-2,79,24318,385
2,4,0,-2,41,24178,539
2,5,0,-2,5354,40128,539
2,6,0,-2,2642,40531,693
2,7,0,-2,74,40746,693
3,4,0,-2,46,24032,462
3,5,0,-2,5364,39785,462
3,6,0,-2,2649,40245,616
3,7,0,-2,77,40301,616
4,5,0,-2,5326,16450,462
4,6,0,-2,2614,16899,616
4,7,0,-2,36,16918,616
5,6,0,-2,7936,16411,231
5,7,0,-2,5341,16837,539
6,7,0,-2,2629,16943,616
--- ---VERSION
offset,limit,count-ms,lookup-mus,results
0,-2,18751,69347,1848
---PATTERN START:  http://swat.cse.lehigh.edu/resources/onto/aigp.owl#inUniversity http://aigp.csres.utexas.edu/~aigp/school/show/205 .
--- ---VERSION MATERIALIZED
patch,offset,limit,count-ms,lookup-mus,results
4,0,-2,11,150,102
5,0,-2,2401,9779,102
6,0,-2,1149,7111,102
7,0,-2,73,6083,102
3,0,-2,126,9136,102
2,0,-2,51,4894,102
1,0,-2,50,5016,204
0,0,-2,51,5185,306
--- ---DELTA MATERIALIZED
patch_start,patch_end,offset,limit,count-ms,lookup-mus,results
0,1,0,-2,88,10751,170
0,2,0,-2,89,11584,238
0,3,0,-2,89,10836,272
0,4,0,-2,46,11145,476
0,5,0,-2,2311,18199,476
0,6,0,-2,1153,18398,544
0,7,0,-2,78,18410,544
1,2,0,-2,89,10708,204
1,3,0,-2,86,10694,170
1,4,0,-2,47,10898,374
1,5,0,-2,2312,17914,374
1,6,0,-2,1155,18120,442
1,7,0,-2,80,18147,442
2,3,0,-2,86,10659,170
2,4,0,-2,46,10610,238
2,5,0,-2,2313,17538,238
2,6,0,-2,1154,17727,306
2,7,0,-2,78,17782,306
3,4,0,-2,46,10509,204
3,5,0,-2,2314,17396,204
3,6,0,-2,1154,17613,272
3,7,0,-2,77,17616,272
4,5,0,-2,2270,7117,204
4,6,0,-2,1109,7323,272
4,7,0,-2,38,7339,272
5,6,0,-2,3371,7168,102
5,7,0,-2,2302,7334,238
6,7,0,-2,1152,7383,272
--- ---VERSION
offset,limit,count-ms,lookup-mus,results
0,-2,8012,30350,816
---PATTERN START:  http://swat.cse.lehigh.edu/resources/onto/aigp.owl#inUniversity http://aigp.csres.utexas.edu/~aigp/school/show/190 .
--- ---VERSION MATERIALIZED
patch,offset,limit,count-ms,lookup-mus,results
4,0,-2,11,209,129
5,0,-2,3023,12600,129
6,0,-2,1481,9488,129
7,0,-2,78,8093,129
3,0,-2,124,11483,129
2,0,-2,48,6254,129
1,0,-2,49,7239,258
0,0,-2,50,6656,387
--- ---DELTA MATERIALIZED
patch_start,patch_end,offset,limit,count-ms,lookup-mus,results
0,1,0,-2,83,13355,215
0,2,0,-2,83,13416,301
0,3,0,-2,86,13470,344
0,4,0,-2,46,13997,602
0,5,0,-2,2936,23345,602
0,6,0,-2,1489,23615,688
0,7,0,-2,77,23650,688
1,2,0,-2,83,13415,258
1,3,0,-2,84,13307,215
1,4,0,-2,45,13704,473
1,5,0,-2,2935,22990,473
1,6,0,-2,1485,23279,559
1,7,0,-2,78,23276,559
2,3,0,-2,83,13313,215
2,4,0,-2,45,13309,301
2,5,0,-2,2937,22433,301
2,6,0,-2,1485,22770,387
2,7,0,-2,78,22748,387
3,4,0,-2,45,13181,258
3,5,0,-2,2952,22336,258
3,6,0,-2,1492,22563,344
3,7,0,-2,78,22576,344
4,5,0,-2,2904,9400,258
4,6,0,-2,1443,9682,344
4,7,0,-2,37,9694,344
5,6,0,-2,4333,9409,129
5,7,0,-2,2923,9649,301
6,7,0,-2,1473,9714,344
--- ---VERSION
offset,limit,count-ms,lookup-mus,results
0,-2,10528,38102,1032
---PATTERN START:  http://www.w3.org/1999/xhtml/vocab#icon http://cdn2-b.examiner.com/sites/all/themes/base/favicon.ico .
--- ---VERSION MATERIALIZED
patch,offset,limit,count-ms,lookup-mus,results
4,0,-2,9,392,212
5,0,-2,1606,7951,225
6,0,-2,1531,6751,219
7,0,-2,1531,6737,221
3,0,-2,1937,8351,214
2,0,-2,1678,6755,215
1,0,-2,1670,6767,228
0,0,-2,55,6739,251
--- ---DELTA MATERIALIZED
patch_start,patch_end,offset,limit,count-ms,lookup-mus,results
0,1,0,-2,1702,3608,92
0,2,0,-2,2509,3728,67
0,3,0,-2,1924,3846,77
0,4,0,-2,54,4021,127
0,5,0,-2,1556,6991,136
0,6,0,-2,1515,7274,130
0,7,0,-2,1561,7519,140
1,2,0,-2,3461,3694,85
1,3,0,-2,3424,3566,63
1,4,0,-2,1656,3620,96
1,5,0,-2,3119,7355,105
1,6,0,-2,3231,7359,99
1,7,0,-2,3222,6947,107
2,3,0,-2,3455,3550,56
2,4,0,-2,1666,3546,70
2,5,0,-2,3268,7245,83
2,6,0,-2,3278,7227,77
2,7,0,-2,3288,6982,89
3,4,0,-2,1786,3471,56
3,5,0,-2,3283,6631,71
3,6,0,-2,3257,6862,67
3,7,0,-2,3313,7207,83
4,5,0,-2,1477,3495,73
4,6,0,-2,1527,3511,71
4,7,0,-2,1538,3366,83
5,6,0,-2,2925,3182,32
5,7,0,-2,2920,3291,100
6,7,0,-2,2923,3490,78
--- ---VERSION
offset,limit,count-ms,lookup-mus,results
0,-2,3191,16653,412
---PATTERN START:  http://rdf.geospecies.org/ont/geospecies#inClass http://lod.geospecies.org/bioclasses/aEbRZ .
--- ---VERSION MATERIALIZED
patch,offset,limit,count-ms,lookup-mus,results
4,0,-2,11,301,198
5,0,-2,126,3746,198
6,0,-2,44,3357,198
7,0,-2,45,3339,198
3,0,-2,135,3419,198
2,0,-2,50,3126,198
1,0,-2,49,3130,198
0,0,-2,51,3127,198
--- ---DELTA MATERIALIZED
patch_start,patch_end,offset,limit,count-ms,lookup-mus,results
0,1,0,-2,87,38,0
0,2,0,-2,86,37,0
0,3,0,-2,86,37,0
0,4,0,-2,45,36,0
0,5,0,-2,82,66,0
0,6,0,-2,81,68,0
0,7,0,-2,82,66,0
1,2,0,-2,85,36,0
1,3,0,-2,85,36,0
1,4,0,-2,45,36,0
1,5,0,-2,81,67,0
1,6,0,-2,80,67,0
1,7,0,-2,80,66,0
2,3,0,-2,85,36,0
2,4,0,-2,45,35,0
2,5,0,-2,80,66,0
2,6,0,-2,81,65,0
2,7,0,-2,81,72,0
3,4,0,-2,46,35,0
3,5,0,-2,81,66,0
3,6,0,-2,80,65,0
3,7,0,-2,80,67,0
4,5,0,-2,40,32,0
4,6,0,-2,40,32,0
4,7,0,-2,39,34,0
5,6,0,-2,75,33,0
5,7,0,-2,75,33,0
6,7,0,-2,75,33,0
--- ---VERSION
offset,limit,count-ms,lookup-mus,results
0,-2,44,4917,198
---PATTERN START:  http://rdf.geospecies.org/ont/geospecies#inClass http://lod.geospecies.org/bioclasses/9JpKF .
--- ---VERSION MATERIALIZED
patch,offset,limit,count-ms,lookup-mus,results
4,0,-2,10,300,206
5,0,-2,124,3854,206
6,0,-2,44,3564,206
7,0,-2,50,3592,206
3,0,-2,133,3673,206
2,0,-2,50,3464,206
1,0,-2,49,3470,206
0,0,-2,53,3459,206
--- ---DELTA MATERIALIZED
patch_start,patch_end,offset,limit,count-ms,lookup-mus,results
0,1,0,-2,86,37,0
0,2,0,-2,84,36,0
0,3,0,-2,85,36,0
0,4,0,-2,45,36,0
0,5,0,-2,81,65,0
0,6,0,-2,81,65,0
0,7,0,-2,80,64,0
1,2,0,-2,84,36,0
1,3,0,-2,83,37,0
1,4,0,-2,44,37,0
1,5,0,-2,80,65,0
1,6,0,-2,80,64,0
1,7,0,-2,79,64,0
2,3,0,-2,84,36,0
2,4,0,-2,44,35,0
2,5,0,-2,80,65,0
2,6,0,-2,80,64,0
2,7,0,-2,80,64,0
3,4,0,-2,44,35,0
3,5,0,-2,80,65,0
3,6,0,-2,80,64,0
3,7,0,-2,80,66,0
4,5,0,-2,40,31,0
4,6,0,-2,39,32,0
4,7,0,-2,40,31,0
5,6,0,-2,74,32,0
5,7,0,-2,73,32,0
6,7,0,-2,74,33,0
--- ---VERSION
offset,limit,count-ms,lookup-mus,results
0,-2,44,5208,206
---PATTERN START:  http://www.w3.org/1999/02/22-rdf-syntax-ns#type http://xmlns.com/foaf/0.1/Group .
--- ---VERSION MATERIALIZED
patch,offset,limit,count-ms,lookup-mus,results
4,0,-2,12,310,203
5,0,-2,1215,7190,204
6,0,-2,949,5973,204
7,0,-2,835,6676,211
3,0,-2,1078,7125,198
2,0,-2,947,5809,205
1,0,-2,955,5839,226
0,0,-2,50,5835,232
--- ---DELTA MATERIALIZED
patch_start,patch_end,offset,limit,count-ms,lookup-mus,results
0,1,0,-2,986,2137,46
0,2,0,-2,994,2128,43
0,3,0,-2,991,2116,38
0,4,0,-2,46,2182,81
0,5,0,-2,1101,3807,76
0,6,0,-2,936,3782,78
0,7,0,-2,817,3821,85
1,2,0,-2,1881,2119,35
1,3,0,-2,1906,2112,28
1,4,0,-2,960,2131,61
1,5,0,-2,2015,3798,64
1,6,0,-2,1864,3724,66
1,7,0,-2,1727,3747,63
2,3,0,-2,1870,2072,29
2,4,0,-2,939,2202,40
2,5,0,-2,2003,3887,45
2,6,0,-2,1842,3874,45
2,7,0,-2,1729,3896,42
3,4,0,-2,941,2093,43
3,5,0,-2,2000,3677,42
3,6,0,-2,1833,3668,42
3,7,0,-2,1712,3713,49
4,5,0,-2,1045,1639,49
4,6,0,-2,893,1646,49
4,7,0,-2,789,1689,46
5,6,0,-2,1956,1664,22
5,7,0,-2,1841,1697,47
6,7,0,-2,1687,1698,47
--- ---VERSION
offset,limit,count-ms,lookup-mus,results
0,-2,1674,12401,323
---PATTERN START:  http://webns.net/mvcb/errorReportsTo mailto:leigh@ldodds.com .
--- ---VERSION MATERIALIZED
patch,offset,limit,count-ms,lookup-mus,results
4,0,-2,13,251,125
5,0,-2,589,5980,110
6,0,-2,485,4578,128
7,0,-2,480,4626,134
3,0,-2,545,5844,120
2,0,-2,418,4274,132
1,0,-2,432,4505,131
0,0,-2,435,5245,123
--- ---DELTA MATERIALIZED
patch_start,patch_end,offset,limit,count-ms,lookup-mus,results
0,1,0,-2,822,1016,20
0,2,0,-2,803,1027,26
0,3,0,-2,796,1034,31
0,4,0,-2,405,1071,48
0,5,0,-2,847,1959,35
0,6,0,-2,856,2085,43
0,7,0,-2,911,2117,58
1,2,0,-2,864,1086,6
1,3,0,-2,860,1088,11
1,4,0,-2,435,1111,30
1,5,0,-2,911,2011,43
1,6,0,-2,857,1908,43
1,7,0,-2,866,1887,40
2,3,0,-2,795,1002,7
2,4,0,-2,404,1001,24
2,5,0,-2,847,1879,37
2,6,0,-2,855,1979,37
2,7,0,-2,918,2003,34
3,4,0,-2,419,1072,19
3,5,0,-2,901,2013,32
3,6,0,-2,911,2012,32
3,7,0,-2,904,2003,29
4,5,0,-2,468,920,23
4,6,0,-2,486,935,27
4,7,0,-2,480,863,22
5,6,0,-2,892,832,8
5,7,0,-2,884,861,30
6,7,0,-2,898,863,30
--- ---VERSION
offset,limit,count-ms,lookup-mus,results
0,-2,752,8377,183
---PATTERN START:  http://www.w3.org/1999/02/22-rdf-syntax-ns#type http://data.semanticweb.org/ns/swc/ontology#ProgrammeCommitteeMember .
--- ---VERSION MATERIALIZED
patch,offset,limit,count-ms,lookup-mus,results
4,0,-2,10,182,114
5,0,-2,4641,8454,114
6,0,-2,896,6836,148
7,0,-2,327,6121,141
3,0,-2,3755,7691,117
2,0,-2,37,7614,142
1,0,-2,36,6963,228
0,0,-2,38,7110,308
--- ---DELTA MATERIALIZED
patch_start,patch_end,offset,limit,count-ms,lookup-mus,results
0,1,0,-2,60,8594,136
0,2,0,-2,62,8566,192
0,3,0,-2,3630,8680,219
0,4,0,-2,34,8950,380
0,5,0,-2,4499,14804,380
0,6,0,-2,882,15012,435
0,7,0,-2,330,15000,435
1,2,0,-2,61,8558,166
1,3,0,-2,3629,8553,137
1,4,0,-2,35,8813,300
1,5,0,-2,4495,14528,300
1,6,0,-2,882,14683,355
1,7,0,-2,333,14816,355
2,3,0,-2,3640,8510,137
2,4,0,-2,34,8897,190
2,5,0,-2,4508,14438,190
2,6,0,-2,888,14629,243
2,7,0,-2,331,14686,247
3,4,0,-2,3610,8351,165
3,5,0,-2,8065,14069,165
3,6,0,-2,5966,22296,218
3,7,0,-2,6173,22390,222
4,5,0,-2,7084,9156,162
4,6,0,-2,1334,9391,217
4,7,0,-2,469,9452,219
5,6,0,-2,8401,9165,81
5,7,0,-2,7544,9372,193
6,7,0,-2,1797,9487,220
--- ---VERSION
offset,limit,count-ms,lookup-mus,results
0,-2,9944,43321,684
---PATTERN START:  http://swat.cse.lehigh.edu/resources/onto/aigp.owl#inUniversity http://aigp.csres.utexas.edu/~aigp/school/show/295 .
--- ---VERSION MATERIALIZED
patch,offset,limit,count-ms,lookup-mus,results
4,0,-2,10,164,120
5,0,-2,3078,11871,120
6,0,-2,1513,8801,120
7,0,-2,76,7377,120
3,0,-2,124,10657,120
2,0,-2,45,5982,120
1,0,-2,45,6090,240
0,0,-2,44,6253,360
--- ---DELTA MATERIALIZED
patch_start,patch_end,offset,limit,count-ms,lookup-mus,results
0,1,0,-2,77,13099,200
0,2,0,-2,77,13130,280
0,3,0,-2,79,13156,320
0,4,0,-2,43,13620,560
0,5,0,-2,2996,22763,560
0,6,0,-2,1519,22967,640
0,7,0,-2,79,23003,640
1,2,0,-2,76,13072,240
1,3,0,-2,76,13038,200
1,4,0,-2,40,13312,440
1,5,0,-2,2993,22339,440
1,6,0,-2,1518,22612,520
1,7,0,-2,77,22638,520
2,3,0,-2,76,13027,200
2,4,0,-2,40,12989,280
2,5,0,-2,3005,21883,280
2,6,0,-2,1517,22046,360
2,7,0,-2,77,22091,360
3,4,0,-2,43,12904,240
3,5,0,-2,3001,21719,240
3,6,0,-2,1515,21953,320
3,7,0,-2,78,21974,320
4,5,0,-2,2972,9101,240
4,6,0,-2,1478,9314,320
4,7,0,-2,40,9341,320
5,6,0,-2,4440,9225,120
5,7,0,-2,2999,9397,280
6,7,0,-2,1527,9379,320
--- ---VERSION
offset,limit,count-ms,lookup-mus,results
0,-2,9912,35830,960
---PATTERN START:  http://www.w3.org/1999/02/22-rdf-syntax-ns#type http://www.w3.org/2006/vcard/ns#Address .
--- ---VERSION MATERIALIZED
patch,offset,limit,count-ms,lookup-mus,results
4,0,-2,11,276,164
5,0,-2,2890,7242,162
6,0,-2,2485,5695,167
7,0,-2,79,5353,174
3,0,-2,3162,8094,160
2,0,-2,64,6590,234
1,0,-2,62,7577,321
0,0,-2,62,6906,408
--- ---DELTA MATERIALIZED
patch_start,patch_end,offset,limit,count-ms,lookup-mus,results
0,1,0,-2,111,6645,119
0,2,0,-2,110,6788,185
0,3,0,-2,3058,6832,254
0,4,0,-2,59,7261,435
0,5,0,-2,2772,11251,429
0,6,0,-2,2526,11263,435
0,7,0,-2,95,11290,439
1,2,0,-2,108,6677,120
1,3,0,-2,3054,6669,167
1,4,0,-2,57,7086,345
1,5,0,-2,2783,10973,347
1,6,0,-2,2502,11107,353
1,7,0,-2,95,11125,349
2,3,0,-2,3060,6572,113
2,4,0,-2,57,7014,255
2,5,0,-2,2783,10866,259
2,6,0,-2,2478,11086,265
2,7,0,-2,94,10886,263
3,4,0,-2,3004,6597,180
3,5,0,-2,5715,10571,184
3,6,0,-2,5419,10633,190
3,7,0,-2,3039,10615,194
4,5,0,-2,2700,4138,174
4,6,0,-2,2410,4296,190
4,7,0,-2,38,4303,192
5,6,0,-2,5152,4125,93
5,7,0,-2,2733,4184,130
6,7,0,-2,2487,4343,185
--- ---VERSION
offset,limit,count-ms,lookup-mus,results
0,-2,5162,22758,713
---PATTERN START:  http://swat.cse.lehigh.edu/resources/onto/aigp.owl#inUniversity http://aigp.csres.utexas.edu/~aigp/school/show/159 .
--- ---VERSION MATERIALIZED
patch,offset,limit,count-ms,lookup-mus,results
4,0,-2,10,242,159
5,0,-2,3791,15545,159
6,0,-2,1846,11604,159
7,0,-2,77,9858,159
3,0,-2,119,14911,159
2,0,-2,41,7646,159
1,0,-2,41,7706,318
0,0,-2,42,7970,477
--- ---DELTA MATERIALIZED
patch_start,patch_end,offset,limit,count-ms,lookup-mus,results
0,1,0,-2,69,16243,265
0,2,0,-2,67,16313,371
0,3,0,-2,67,16356,424
0,4,0,-2,35,16921,742
0,5,0,-2,3706,28368,742
0,6,0,-2,1844,28674,848
0,7,0,-2,73,29314,848
1,2,0,-2,67,16447,318
1,3,0,-2,67,16156,265
1,4,0,-2,37,16575,583
1,5,0,-2,3711,27997,583
1,6,0,-2,1845,28417,689
1,7,0,-2,71,28272,689
2,3,0,-2,67,16503,265
2,4,0,-2,36,16482,371
2,5,0,-2,3702,27901,371
2,6,0,-2,1849,27796,477
2,7,0,-2,71,28127,477
3,4,0,-2,36,16248,318
3,5,0,-2,3720,27166,318
3,6,0,-2,1844,27459,424
3,7,0,-2,75,27505,424
4,5,0,-2,3667,11685,318
4,6,0,-2,1811,11845,424
4,7,0,-2,39,11871,424
5,6,0,-2,5477,11570,159
5,7,0,-2,3707,11835,371
6,7,0,-2,1846,11975,424
--- ---VERSION
offset,limit,count-ms,lookup-mus,results
0,-2,12778,46813,1272
---PATTERN START:  http://xmlns.com/foaf/0.1/interest http://en.wikipedia.org/wiki/Semantic_Web .
--- ---VERSION MATERIALIZED
patch,offset,limit,count-ms,lookup-mus,results
4,0,-2,11,235,143
5,0,-2,4006,14586,143
6,0,-2,2049,10802,149
7,0,-2,75,8830,149
3,0,-2,131,12239,142
2,0,-2,51,10071,151
1,0,-2,52,6898,278
0,0,-2,50,7882,412
--- ---DELTA MATERIALIZED
patch_start,patch_end,offset,limit,count-ms,lookup-mus,results
0,1,0,-2,88,14624,136
0,2,0,-2,90,14709,272
0,3,0,-2,89,14920,406
0,4,0,-2,50,15373,677
0,5,0,-2,3952,26933,677
0,6,0,-2,2041,27295,811
0,7,0,-2,86,27330,811
1,2,0,-2,89,14593,136
1,3,0,-2,89,14705,270
1,4,0,-2,47,15068,541
1,5,0,-2,3959,26539,541
1,6,0,-2,2037,26928,677
1,7,0,-2,86,26888,675
2,3,0,-2,88,14527,136
2,4,0,-2,47,14840,405
2,5,0,-2,3946,26126,405
2,6,0,-2,2038,26517,541
2,7,0,-2,85,26458,541
3,4,0,-2,49,14524,271
3,5,0,-2,3955,25727,271
3,6,0,-2,2038,26051,407
3,7,0,-2,87,26080,405
4,5,0,-2,3911,11486,270
4,6,0,-2,1993,11757,406
4,7,0,-2,42,11766,406
5,6,0,-2,5889,11520,135
5,7,0,-2,3946,11681,272
6,7,0,-2,2034,11781,407
--- ---VERSION
offset,limit,count-ms,lookup-mus,results
0,-2,11511,39046,1088
---PATTERN START:  http://purl.org/dc/terms/creator http://richard.cyganiak.de/#me .
--- ---VERSION MATERIALIZED
patch,offset,limit,count-ms,lookup-mus,results
4,0,-2,10,178,101
5,0,-2,5693,8768,101
6,0,-2,1271,6683,109
7,0,-2,494,5977,109
3,0,-2,4589,7608,101
2,0,-2,66,6624,109
1,0,-2,65,6805,202
0,0,-2,64,7004,295
--- ---DELTA MATERIALIZED
patch_start,patch_end,offset,limit,count-ms,lookup-mus,results
0,1,0,-2,116,10292,155
0,2,0,-2,119,9529,217
0,3,0,-2,4467,9601,248
0,4,0,-2,63,9985,434
0,5,0,-2,5612,17209,434
0,6,0,-2,1288,17405,496
0,7,0,-2,528,17429,496
1,2,0,-2,117,9514,186
1,3,0,-2,4471,9460,155
1,4,0,-2,62,9790,341
1,5,0,-2,5617,16955,341
1,6,0,-2,1288,17113,403
1,7,0,-2,526,17138,403
2,3,0,-2,4481,9468,155
2,4,0,-2,61,9722,217
2,5,0,-2,5608,16797,217
2,6,0,-2,1287,16988,279
2,7,0,-2,528,17042,279
3,4,0,-2,4433,9329,186
3,5,0,-2,9952,16380,186
3,6,0,-2,5632,16581,248
3,7,0,-2,4873,16635,248
4,5,0,-2,5546,7260,186
4,6,0,-2,1229,7476,248
4,7,0,-2,471,7494,248
5,6,0,-2,6791,7276,93
5,7,0,-2,6032,7465,217
6,7,0,-2,1694,7499,248
--- ---VERSION
offset,limit,count-ms,lookup-mus,results
0,-2,7601,25442,752
---PATTERN START:  http://www.w3.org/1999/xhtml/vocab#stylesheet http://www.edinburgh-gazette.co.uk/Styles/gazettes.css .
--- ---VERSION MATERIALIZED
patch,offset,limit,count-ms,lookup-mus,results
4,0,-2,7,225,137
5,0,-2,1486,6467,137
6,0,-2,1834,5924,129
7,0,-2,1052,5879,132
3,0,-2,2226,7176,138
2,0,-2,2096,6960,139
1,0,-2,2111,6830,143
0,0,-2,55,6721,154
--- ---DELTA MATERIALIZED
patch_start,patch_end,offset,limit,count-ms,lookup-mus,results
0,1,0,-2,2150,3248,63
0,2,0,-2,2142,3314,119
0,3,0,-2,2126,3367,170
0,4,0,-2,52,3637,247
0,5,0,-2,1402,5457,279
0,6,0,-2,1069,5475,281
0,7,0,-2,1086,5539,284
1,2,0,-2,4188,3220,60
1,3,0,-2,4173,3311,115
1,4,0,-2,2110,4339,188
1,5,0,-2,3451,6031,220
1,6,0,-2,3117,6178,266
1,7,0,-2,3147,6263,273
2,3,0,-2,4148,3193,61
2,4,0,-2,2083,4029,132
2,5,0,-2,3456,5840,164
2,6,0,-2,3114,5983,210
2,7,0,-2,3133,5999,267
3,4,0,-2,2077,3666,83
3,5,0,-2,3419,5405,115
3,6,0,-2,3103,5578,161
3,7,0,-2,3110,5615,216
4,5,0,-2,1344,1541,32
4,6,0,-2,1018,1753,92
4,7,0,-2,1046,1859,147
5,6,0,-2,2374,1706,54
5,7,0,-2,2384,1832,123
6,7,0,-2,2065,1723,71
--- ---VERSION
offset,limit,count-ms,lookup-mus,results
0,-2,2982,15827,343
---PATTERN START:  http://www.w3.org/1999/02/22-rdf-syntax-ns#type http://www.gazettes-online.co.uk/ontology/legislation#Order .
--- ---VERSION MATERIALIZED
patch,offset,limit,count-ms,lookup-mus,results
4,0,-2,8,380,196
5,0,-2,2616,7180,200
6,0,-2,2241,6240,100
7,0,-2,2261,6302,116
3,0,-2,3508,9226,161
2,0,-2,58,7970,171
1,0,-2,54,8032,191
0,0,-2,55,8052,200
--- ---DELTA MATERIALIZED
patch_start,patch_end,offset,limit,count-ms,lookup-mus,results
0,1,0,-2,96,7823,185
0,2,0,-2,93,7875,173
0,3,0,-2,3439,7830,183
0,4,0,-2,49,8116,298
0,5,0,-2,2517,14105,304
0,6,0,-2,2280,14183,206
0,7,0,-2,2318,14086,218
1,2,0,-2,96,7879,126
1,3,0,-2,3344,7797,228
1,4,0,-2,51,8154,265
1,5,0,-2,2514,13901,277
1,6,0,-2,2283,14008,179
1,7,0,-2,2320,13928,185
2,3,0,-2,3378,7934,150
2,4,0,-2,52,7932,261
2,5,0,-2,2507,14008,267
2,6,0,-2,2324,13919,175
2,7,0,-2,2292,14198,183
3,4,0,-2,3360,7609,115
3,5,0,-2,5727,13381,223
3,6,0,-2,5510,13619,151
3,7,0,-2,5626,13900,157
4,5,0,-2,2493,5875,110
4,6,0,-2,2182,6155,182
4,7,0,-2,2189,6493,190
5,6,0,-2,4681,6303,141
5,7,0,-2,4584,6267,243
6,7,0,-2,4360,6201,104
--- ---VERSION
offset,limit,count-ms,lookup-mus,results
0,-2,5556,21314,573
---PATTERN START:  http://swat.cse.lehigh.edu/resources/onto/aigp.owl#inUniversity http://aigp.csres.utexas.edu/~aigp/school/show/285 .
--- ---VERSION MATERIALIZED
patch,offset,limit,count-ms,lookup-mus,results
4,0,-2,10,188,114
5,0,-2,2797,11015,114
6,0,-2,2179,8231,114
7,0,-2,71,6925,114
3,0,-2,122,9761,114
2,0,-2,43,5285,114
1,0,-2,44,5422,228
0,0,-2,43,5615,342
--- ---DELTA MATERIALIZED
patch_start,patch_end,offset,limit,count-ms,lookup-mus,results
0,1,0,-2,72,11598,190
0,2,0,-2,72,11661,266
0,3,0,-2,73,11697,304
0,4,0,-2,41,12124,532
0,5,0,-2,2715,20232,532
0,6,0,-2,1383,20471,608
0,7,0,-2,74,20544,608
1,2,0,-2,71,11593,228
1,3,0,-2,72,11551,190
1,4,0,-2,39,11850,418
1,5,0,-2,2712,19922,418
1,6,0,-2,1390,20167,494
1,7,0,-2,74,20176,494
2,3,0,-2,72,11528,190
2,4,0,-2,40,11522,266
2,5,0,-2,2711,19552,266
2,6,0,-2,1377,19770,342
2,7,0,-2,72,19864,342
3,4,0,-2,38,11393,228
3,5,0,-2,2712,19397,228
3,6,0,-2,1379,19585,304
3,7,0,-2,73,19608,304
4,5,0,-2,2675,8245,228
4,6,0,-2,1339,8482,304
4,7,0,-2,39,8495,304
5,6,0,-2,4009,8278,114
5,7,0,-2,2707,8499,266
6,7,0,-2,1377,8524,304
--- ---VERSION
offset,limit,count-ms,lookup-mus,results
0,-2,8913,32582,912
---PATTERN START:  http://www.w3.org/1999/02/22-rdf-syntax-ns#type http://www.w3.org/2002/07/owl#InverseFunctionalProperty .
--- ---VERSION MATERIALIZED
patch,offset,limit,count-ms,lookup-mus,results
4,0,-2,12,207,102
5,0,-2,195,3569,89
6,0,-2,98,2921,94
7,0,-2,94,2776,91
3,0,-2,310,3942,99
2,0,-2,210,3145,103
1,0,-2,185,3112,99
0,0,-2,94,2942,85
--- ---DELTA MATERIALIZED
patch_start,patch_end,offset,limit,count-ms,lookup-mus,results
0,1,0,-2,265,414,15
0,2,0,-2,289,412,18
0,3,0,-2,266,406,14
0,4,0,-2,89,463,17
0,5,0,-2,175,638,24
0,6,0,-2,177,649,25
0,7,0,-2,177,622,26
1,2,0,-2,381,386,3
1,3,0,-2,355,383,1
1,4,0,-2,185,229,4
1,5,0,-2,273,404,11
1,6,0,-2,275,415,12
1,7,0,-2,273,387,11
2,3,0,-2,380,395,4
2,4,0,-2,206,218,1
2,5,0,-2,293,390,8
2,6,0,-2,298,400,9
2,7,0,-2,293,370,8
3,4,0,-2,181,241,3
3,5,0,-2,272,414,10
3,6,0,-2,275,425,11
3,7,0,-2,273,398,12
4,5,0,-2,89,168,7
4,6,0,-2,92,175,8
4,7,0,-2,89,147,9
5,6,0,-2,175,131,0
5,7,0,-2,173,135,3
6,7,0,-2,175,135,3
--- ---VERSION
offset,limit,count-ms,lookup-mus,results
0,-2,106,4704,104
---PATTERN START:  http://swat.cse.lehigh.edu/resources/onto/aigp.owl#inUniversity http://aigp.csres.utexas.edu/~aigp/school/show/562 .
--- ---VERSION MATERIALIZED
patch,offset,limit,count-ms,lookup-mus,results
4,0,-2,10,213,144
5,0,-2,3445,14318,144
6,0,-2,1676,10827,144
7,0,-2,69,9298,144
3,0,-2,116,13805,144
2,0,-2,44,6995,144
1,0,-2,47,7169,288
0,0,-2,43,7372,432
--- ---DELTA MATERIALIZED
patch_start,patch_end,offset,limit,count-ms,lookup-mus,results
0,1,0,-2,73,14980,240
0,2,0,-2,74,15024,336
0,3,0,-2,75,15099,384
0,4,0,-2,40,15651,672
0,5,0,-2,3424,25857,672
0,6,0,-2,1711,26173,768
0,7,0,-2,74,26168,768
1,2,0,-2,74,15016,288
1,3,0,-2,74,15042,240
1,4,0,-2,41,15396,528
1,5,0,-2,3396,25490,528
1,6,0,-2,1695,25792,624
1,7,0,-2,73,25803,624
2,3,0,-2,74,14971,240
2,4,0,-2,41,15219,336
2,5,0,-2,3347,25194,336
2,6,0,-2,1669,25462,432
2,7,0,-2,73,25477,432
3,4,0,-2,41,14731,288
3,5,0,-2,3346,24752,288
3,6,0,-2,1669,24969,384
3,7,0,-2,71,24996,384
4,5,0,-2,3309,10213,288
4,6,0,-2,1634,10480,384
4,7,0,-2,37,10518,384
5,6,0,-2,4945,10227,144
5,7,0,-2,3348,10486,336
6,7,0,-2,1670,10529,384
--- ---VERSION
offset,limit,count-ms,lookup-mus,results
0,-2,11764,42342,1152
---PATTERN START:  http://purl.org/ontology/po/genre http://www.bbc.co.uk/programmes/genres/factual/petsandanimals#genre .
--- ---VERSION MATERIALIZED
patch,offset,limit,count-ms,lookup-mus,results
4,0,-2,9,249,184
5,0,-2,143,5619,184
6,0,-2,59,4961,185
7,0,-2,73,4944,183
3,0,-2,231,5320,188
2,0,-2,117,5243,183
1,0,-2,106,5245,189
0,0,-2,119,5233,188
--- ---DELTA MATERIALIZED
patch_start,patch_end,offset,limit,count-ms,lookup-mus,results
0,1,0,-2,211,105,1
0,2,0,-2,218,108,5
0,3,0,-2,218,99,0
0,4,0,-2,114,120,6
0,5,0,-2,167,166,6
0,6,0,-2,162,173,7
0,7,0,-2,171,187,5
1,2,0,-2,204,111,6
1,3,0,-2,211,100,1
1,4,0,-2,102,120,5
1,5,0,-2,154,164,5
1,6,0,-2,153,170,6
1,7,0,-2,163,191,6
2,3,0,-2,215,108,5
2,4,0,-2,113,127,1
2,5,0,-2,164,174,1
2,6,0,-2,163,179,2
2,7,0,-2,173,192,0
3,4,0,-2,111,119,6
3,5,0,-2,161,161,6
3,6,0,-2,161,167,7
3,7,0,-2,171,181,5
4,5,0,-2,54,46,0
4,6,0,-2,54,50,1
4,7,0,-2,63,68,1
5,6,0,-2,102,49,0
5,7,0,-2,113,51,2
6,7,0,-2,112,51,2
--- ---VERSION
offset,limit,count-ms,lookup-mus,results
0,-2,80,7931,190
---PATTERN START:  http://swat.cse.lehigh.edu/resources/onto/aigp.owl#inUniversity http://aigp.csres.utexas.edu/~aigp/school/show/47 .
--- ---VERSION MATERIALIZED
patch,offset,limit,count-ms,lookup-mus,results
4,0,-2,11,206,147
5,0,-2,3468,15074,147
6,0,-2,1583,10555,147
7,0,-2,71,9051,147
3,0,-2,122,13169,147
2,0,-2,51,7190,147
1,0,-2,54,7390,294
0,0,-2,50,7635,441
--- ---DELTA MATERIALIZED
patch_start,patch_end,offset,limit,count-ms,lookup-mus,results
0,1,0,-2,88,15223,245
0,2,0,-2,89,15257,343
0,3,0,-2,88,15346,392
0,4,0,-2,47,15917,686
0,5,0,-2,3383,26144,686
0,6,0,-2,1593,26459,784
0,7,0,-2,79,26450,784
1,2,0,-2,88,15209,294
1,3,0,-2,88,15154,245
1,4,0,-2,48,15616,539
1,5,0,-2,3394,25743,539
1,6,0,-2,1595,26034,637
1,7,0,-2,77,26090,637
2,3,0,-2,88,15140,245
2,4,0,-2,48,15108,343
2,5,0,-2,3388,25149,343
2,6,0,-2,1593,25384,441
2,7,0,-2,77,25450,441
3,4,0,-2,46,15003,294
3,5,0,-2,3401,24920,294
3,6,0,-2,1592,25278,392
3,7,0,-2,79,25230,392
4,5,0,-2,3341,10303,294
4,6,0,-2,1548,10611,392
4,7,0,-2,35,10638,392
5,6,0,-2,4877,10322,147
5,7,0,-2,3369,10595,343
6,7,0,-2,1579,10658,392
--- ---VERSION
offset,limit,count-ms,lookup-mus,results
0,-2,11801,43197,1176
---PATTERN START:  http://xmlns.com/foaf/0.1/interest http://www.w3.org/2001/sw/ .
--- ---VERSION MATERIALIZED
patch,offset,limit,count-ms,lookup-mus,results
4,0,-2,12,159,102
5,0,-2,464,3515,108
6,0,-2,341,2859,103
7,0,-2,318,2900,103
3,0,-2,295,2680,101
2,0,-2,184,1974,104
1,0,-2,185,1974,106
0,0,-2,185,1978,109
--- ---DELTA MATERIALIZED
patch_start,patch_end,offset,limit,count-ms,lookup-mus,results
0,1,0,-2,354,342,7
0,2,0,-2,353,326,6
0,3,0,-2,354,329,8
0,4,0,-2,183,348,15
0,5,0,-2,517,854,21
0,6,0,-2,486,852,16
0,7,0,-2,462,860,16
1,2,0,-2,353,338,7
1,3,0,-2,353,334,5
1,4,0,-2,180,340,12
1,5,0,-2,520,860,18
1,6,0,-2,488,841,13
1,7,0,-2,463,852,13
2,3,0,-2,353,333,6
2,4,0,-2,181,339,9
2,5,0,-2,520,836,15
2,6,0,-2,482,820,10
2,7,0,-2,460,825,10
3,4,0,-2,178,326,7
3,5,0,-2,511,820,13
3,6,0,-2,484,807,8
3,7,0,-2,456,812,8
4,5,0,-2,336,495,12
4,6,0,-2,305,489,7
4,7,0,-2,284,494,9
5,6,0,-2,635,504,9
5,7,0,-2,611,505,16
6,7,0,-2,578,498,9
--- ---VERSION
offset,limit,count-ms,lookup-mus,results
0,-2,386,4815,132
---PATTERN START:  http://www.w3.org/1999/02/22-rdf-syntax-ns#type http://www.gazettes-online.co.uk/ontology/organisation#LondonBoroughCouncil .
--- ---VERSION MATERIALIZED
patch,offset,limit,count-ms,lookup-mus,results
4,0,-2,8,193,115
5,0,-2,1496,4881,114
6,0,-2,953,4069,101
7,0,-2,801,4011,118
3,0,-2,1442,4947,116
2,0,-2,1327,4591,115
1,0,-2,1333,4614,144
0,0,-2,47,4660,170
--- ---DELTA MATERIALIZED
patch_start,patch_end,offset,limit,count-ms,lookup-mus,results
0,1,0,-2,1367,2978,28
0,2,0,-2,1360,3012,57
0,3,0,-2,1363,3121,104
0,4,0,-2,42,3245,161
0,5,0,-2,1393,4926,158
0,6,0,-2,980,5011,147
0,7,0,-2,829,5133,163
1,2,0,-2,2649,3757,33
1,3,0,-2,2641,3026,80
1,4,0,-2,1331,3158,133
1,5,0,-2,2696,4907,130
1,6,0,-2,2280,4896,119
1,7,0,-2,2119,4926,135
2,3,0,-2,2639,3037,47
2,4,0,-2,1328,3099,104
2,5,0,-2,2678,4804,101
2,6,0,-2,2264,4747,90
2,7,0,-2,2109,4837,106
3,4,0,-2,1317,2737,57
3,5,0,-2,2672,4482,92
3,6,0,-2,2271,4528,89
3,7,0,-2,2107,4539,105
4,5,0,-2,1354,1658,37
4,6,0,-2,938,1805,86
4,7,0,-2,786,1878,102
5,6,0,-2,2282,1833,48
5,7,0,-2,2137,1898,82
6,7,0,-2,1730,1864,68
--- ---VERSION
offset,limit,count-ms,lookup-mus,results
0,-2,2031,11007,296
---PATTERN START:  http://swat.cse.lehigh.edu/resources/onto/aigp.owl#inUniversity http://aigp.csres.utexas.edu/~aigp/school/show/154 .
--- ---VERSION MATERIALIZED
patch,offset,limit,count-ms,lookup-mus,results
4,0,-2,9,271,195
5,0,-2,4412,18355,195
6,0,-2,2106,13714,195
7,0,-2,73,11726,195
3,0,-2,126,16902,195
2,0,-2,51,9367,195
1,0,-2,52,9646,390
0,0,-2,51,9907,585
--- ---DELTA MATERIALIZED
patch_start,patch_end,offset,limit,count-ms,lookup-mus,results
0,1,0,-2,89,20544,325
0,2,0,-2,90,20573,455
0,3,0,-2,89,20659,520
0,4,0,-2,47,21409,910
0,5,0,-2,4345,35051,910
0,6,0,-2,2108,35404,1040
0,7,0,-2,82,35494,1040
1,2,0,-2,91,20510,390
1,3,0,-2,90,20447,325
1,4,0,-2,48,20969,715
1,5,0,-2,4318,34358,715
1,6,0,-2,2107,34740,845
1,7,0,-2,80,34764,845
2,3,0,-2,90,20464,325
2,4,0,-2,47,20347,455
2,5,0,-2,4317,33567,455
2,6,0,-2,2117,33856,585
2,7,0,-2,81,34114,585
3,4,0,-2,54,20234,390
3,5,0,-2,4327,33330,390
3,6,0,-2,2112,33681,520
3,7,0,-2,83,33723,520
4,5,0,-2,4273,13397,390
4,6,0,-2,2064,13724,520
4,7,0,-2,36,13789,520
5,6,0,-2,6324,13431,195
5,7,0,-2,4307,13755,455
6,7,0,-2,2095,13809,520
--- ---VERSION
offset,limit,count-ms,lookup-mus,results
0,-2,15621,56224,1560
---PATTERN START:  http://swat.cse.lehigh.edu/resources/onto/aigp.owl#inUniversity http://aigp.csres.utexas.edu/~aigp/school/show/99 .
--- ---VERSION MATERIALIZED
patch,offset,limit,count-ms,lookup-mus,results
4,0,-2,10,207,126
5,0,-2,3103,12502,126
6,0,-2,1526,9381,126
7,0,-2,79,7944,126
3,0,-2,122,11335,126
2,0,-2,50,6880,126
1,0,-2,47,6240,252
0,0,-2,46,6463,378
--- ---DELTA MATERIALIZED
patch_start,patch_end,offset,limit,count-ms,lookup-mus,results
0,1,0,-2,79,13778,210
0,2,0,-2,79,13781,294
0,3,0,-2,79,13844,336
0,4,0,-2,43,14383,588
0,5,0,-2,3019,23822,588
0,6,0,-2,1524,24114,672
0,7,0,-2,82,24131,672
1,2,0,-2,81,13739,252
1,3,0,-2,80,13685,210
1,4,0,-2,43,14090,462
1,5,0,-2,3017,23421,462
1,6,0,-2,1529,23699,546
1,7,0,-2,80,23722,546
2,3,0,-2,79,13649,210
2,4,0,-2,43,13700,294
2,5,0,-2,3024,22868,294
2,6,0,-2,1530,23174,378
2,7,0,-2,84,23198,378
3,4,0,-2,43,13575,252
3,5,0,-2,3025,22759,252
3,6,0,-2,1528,22993,336
3,7,0,-2,83,23028,336
4,5,0,-2,2998,9388,252
4,6,0,-2,1489,9644,336
4,7,0,-2,40,9672,336
5,6,0,-2,4463,9392,126
5,7,0,-2,3015,9645,294
6,7,0,-2,1522,9706,336
--- ---VERSION
offset,limit,count-ms,lookup-mus,results
0,-2,10150,38076,1008
---PATTERN START:  http://www.w3.org/1999/02/22-rdf-syntax-ns#type http://www.gazettes-online.co.uk/ontology/authority#Authority .
--- ---VERSION MATERIALIZED
patch,offset,limit,count-ms,lookup-mus,results
4,0,-2,9,148,106
5,0,-2,2633,5364,110
6,0,-2,1817,4293,92
7,0,-2,1434,3918,109
3,0,-2,1872,4665,104
2,0,-2,1740,5003,100
1,0,-2,1753,4271,127
0,0,-2,52,4319,159
--- ---DELTA MATERIALIZED
patch_start,patch_end,offset,limit,count-ms,lookup-mus,results
0,1,0,-2,1796,4258,34
0,2,0,-2,1785,4297,61
0,3,0,-2,1772,4388,115
0,4,0,-2,49,4371,185
0,5,0,-2,2495,7582,187
0,6,0,-2,1832,8088,171
0,7,0,-2,1463,7938,187
1,2,0,-2,3495,4152,41
1,3,0,-2,3518,4373,93
1,4,0,-2,1756,4463,151
1,5,0,-2,4206,7457,153
1,6,0,-2,3538,7691,137
1,7,0,-2,3259,8127,153
2,3,0,-2,3499,4131,54
2,4,0,-2,1746,4193,124
2,5,0,-2,4178,7638,126
2,6,0,-2,3521,7871,110
2,7,0,-2,3158,7673,126
3,4,0,-2,1725,3813,70
3,5,0,-2,4148,7181,114
3,6,0,-2,3511,7536,112
3,7,0,-2,3139,7615,128
4,5,0,-2,2454,3152,46
4,6,0,-2,1769,3369,112
4,7,0,-2,1406,3524,128
5,6,0,-2,4186,3605,66
5,7,0,-2,3944,3693,113
6,7,0,-2,3290,3617,87
--- ---VERSION
offset,limit,count-ms,lookup-mus,results
0,-2,3029,11640,321
---PATTERN START:  http://www.gazettes-online.co.uk/ontology#markedUpBy http://www.gazettes-online.co.uk/ontology#ManualMarkup .
--- ---VERSION MATERIALIZED
patch,offset,limit,count-ms,lookup-mus,results
4,0,-2,9,271,194
5,0,-2,2497,6741,202
6,0,-2,1951,5034,188
7,0,-2,55,4694,204
3,0,-2,2603,7519,198
2,0,-2,44,6047,199
1,0,-2,43,6040,224
0,0,-2,42,6027,250
--- ---DELTA MATERIALIZED
patch_start,patch_end,offset,limit,count-ms,lookup-mus,results
0,1,0,-2,70,5326,76
0,2,0,-2,75,6137,136
0,3,0,-2,2498,5427,217
0,4,0,-2,40,5661,356
0,5,0,-2,2374,8995,376
0,6,0,-2,1948,8959,373
0,7,0,-2,77,9145,388
1,2,0,-2,71,5225,72
1,3,0,-2,2503,5380,147
1,4,0,-2,38,5476,284
1,5,0,-2,2381,8857,304
1,6,0,-2,1951,8820,327
1,7,0,-2,77,9040,342
2,3,0,-2,2494,5213,85
2,4,0,-2,41,5398,219
2,5,0,-2,2379,8532,241
2,6,0,-2,1943,8649,264
2,7,0,-2,81,8792,305
3,4,0,-2,2463,5007,134
3,5,0,-2,4800,8297,190
3,6,0,-2,4375,8447,225
3,7,0,-2,2499,8488,272
4,5,0,-2,2341,3085,62
4,6,0,-2,1928,3419,173
4,7,0,-2,43,3490,224
5,6,0,-2,4229,3292,105
5,7,0,-2,2373,3464,187
6,7,0,-2,1962,3350,124
--- ---VERSION
offset,limit,count-ms,lookup-mus,results
0,-2,4030,17529,555
---PATTERN START:  http://swat.cse.lehigh.edu/resources/onto/aigp.owl#inUniversity http://aigp.csres.utexas.edu/~aigp/school/show/274 .
--- ---VERSION MATERIALIZED
patch,offset,limit,count-ms,lookup-mus,results
4,0,-2,10,249,195
5,0,-2,4532,18745,195
6,0,-2,2204,14131,195
7,0,-2,75,11901,195
3,0,-2,127,18255,195
2,0,-2,52,9672,195
1,0,-2,52,9858,390
0,0,-2,52,10107,585
--- ---DELTA MATERIALIZED
patch_start,patch_end,offset,limit,count-ms,lookup-mus,results
0,1,0,-2,90,20566,325
0,2,0,-2,90,20535,455
0,3,0,-2,91,20594,520
0,4,0,-2,48,21337,910
0,5,0,-2,4433,35347,910
0,6,0,-2,2197,35693,1040
0,7,0,-2,81,35669,1040
1,2,0,-2,88,20490,390
1,3,0,-2,89,20443,325
1,4,0,-2,47,20932,715
1,5,0,-2,4442,34625,715
1,6,0,-2,2203,34988,845
1,7,0,-2,81,35141,845
2,3,0,-2,90,20475,325
2,4,0,-2,48,20397,455
2,5,0,-2,4458,33897,455
2,6,0,-2,2196,34251,585
2,7,0,-2,80,34215,585
3,4,0,-2,48,20257,390
3,5,0,-2,4437,33720,390
3,6,0,-2,2195,34250,520
3,7,0,-2,90,34014,520
4,5,0,-2,4398,13593,390
4,6,0,-2,2157,13916,520
4,7,0,-2,38,13944,520
5,6,0,-2,6532,13696,195
5,7,0,-2,4422,13962,455
6,7,0,-2,2187,14032,520
--- ---VERSION
offset,limit,count-ms,lookup-mus,results
0,-2,16159,58096,1560
---PATTERN START:  http://swat.cse.lehigh.edu/resources/onto/aigp.owl#inUniversity http://aigp.csres.utexas.edu/~aigp/school/show/208 .
--- ---VERSION MATERIALIZED
patch,offset,limit,count-ms,lookup-mus,results
4,0,-2,11,266,159
5,0,-2,3692,15907,159
6,0,-2,1735,11257,159
7,0,-2,77,9583,159
3,0,-2,125,13900,159
2,0,-2,49,7657,159
1,0,-2,48,7721,318
0,0,-2,49,8015,477
--- ---DELTA MATERIALIZED
patch_start,patch_end,offset,limit,count-ms,lookup-mus,results
0,1,0,-2,84,16430,265
0,2,0,-2,85,16745,371
0,3,0,-2,85,16820,424
0,4,0,-2,46,17495,742
0,5,0,-2,3628,28142,742
0,6,0,-2,1737,28432,848
0,7,0,-2,76,29078,848
1,2,0,-2,84,16658,318
1,3,0,-2,84,16501,265
1,4,0,-2,44,16781,583
1,5,0,-2,3629,27573,583
1,6,0,-2,1740,28039,689
1,7,0,-2,76,28226,689
2,3,0,-2,84,16579,265
2,4,0,-2,44,16568,371
2,5,0,-2,3628,26816,371
2,6,0,-2,1737,27623,477
2,7,0,-2,76,27306,477
3,4,0,-2,46,16389,318
3,5,0,-2,3625,26674,318
3,6,0,-2,1738,26945,424
3,7,0,-2,77,27509,424
4,5,0,-2,3584,11137,318
4,6,0,-2,1695,11321,424
4,7,0,-2,35,11418,424
5,6,0,-2,5270,11273,159
5,7,0,-2,3630,11568,371
6,7,0,-2,1730,11480,424
--- ---VERSION
offset,limit,count-ms,lookup-mus,results
0,-2,12539,46563,1272
---PATTERN START:  http://swat.cse.lehigh.edu/resources/onto/aigp.owl#inUniversity http://aigp.csres.utexas.edu/~aigp/school/show/90 .
--- ---VERSION MATERIALIZED
patch,offset,limit,count-ms,lookup-mus,results
4,0,-2,10,245,168
5,0,-2,3989,16142,168
6,0,-2,1910,11968,168
7,0,-2,72,10980,168
3,0,-2,124,14823,168
2,0,-2,50,8112,168
1,0,-2,50,8356,336
0,0,-2,49,8632,504
--- ---DELTA MATERIALIZED
patch_start,patch_end,offset,limit,count-ms,lookup-mus,results
0,1,0,-2,85,17404,280
0,2,0,-2,86,17523,392
0,3,0,-2,86,17572,448
0,4,0,-2,45,18185,784
0,5,0,-2,3909,29842,784
0,6,0,-2,1915,30158,896
0,7,0,-2,79,30160,896
1,2,0,-2,87,17357,336
1,3,0,-2,87,17298,280
1,4,0,-2,46,17768,616
1,5,0,-2,3896,29341,616
1,6,0,-2,1916,29695,728
1,7,0,-2,76,29686,728
2,3,0,-2,87,17296,280
2,4,0,-2,46,17291,392
2,5,0,-2,3910,28706,392
2,6,0,-2,1916,29059,504
2,7,0,-2,77,29067,504
3,4,0,-2,45,17117,336
3,5,0,-2,3896,28498,336
3,6,0,-2,1916,28840,448
3,7,0,-2,76,28866,448
4,5,0,-2,3865,11708,336
4,6,0,-2,1871,12038,448
4,7,0,-2,35,12139,448
5,6,0,-2,5746,11757,168
5,7,0,-2,3888,12048,392
6,7,0,-2,1898,12086,448
--- ---VERSION
offset,limit,count-ms,lookup-mus,results
0,-2,13546,49294,1344
---PATTERN START:  http://www.w3.org/1999/02/22-rdf-syntax-ns#type http://purl.org/ontology/bibo/Journal .
--- ---VERSION MATERIALIZED
patch,offset,limit,count-ms,lookup-mus,results
4,0,-2,10,198,124
5,0,-2,1451,4098,120
6,0,-2,1313,4371,103
7,0,-2,1363,3283,123
3,0,-2,230,3177,124
2,0,-2,109,3010,124
1,0,-2,109,3111,124
0,0,-2,87,2793,101
--- ---DELTA MATERIALIZED
patch_start,patch_end,offset,limit,count-ms,lookup-mus,results
0,1,0,-2,180,502,23
0,2,0,-2,183,499,23
0,3,0,-2,182,497,23
0,4,0,-2,81,507,23
0,5,0,-2,1362,3671,181
0,6,0,-2,1405,2906,164
0,7,0,-2,1465,2916,184
1,2,0,-2,206,460,0
1,3,0,-2,205,467,0
1,4,0,-2,105,202,2
1,5,0,-2,1413,2548,164
1,6,0,-2,1423,2659,185
1,7,0,-2,1481,2651,163
2,3,0,-2,206,459,0
2,4,0,-2,106,203,2
2,5,0,-2,1417,2561,164
2,6,0,-2,1408,2588,185
2,7,0,-2,1459,2650,163
3,4,0,-2,107,202,2
3,5,0,-2,1417,2653,164
3,6,0,-2,1424,2599,185
3,7,0,-2,1449,2550,163
4,5,0,-2,1312,2312,164
4,6,0,-2,1331,2364,183
4,7,0,-2,1381,2288,161
5,6,0,-2,2562,2015,3
5,7,0,-2,2613,2079,25
6,7,0,-2,2718,2110,22
--- ---VERSION
offset,limit,count-ms,lookup-mus,results
0,-2,1313,7216,206
---PATTERN START:  http://purl.org/dc/dcam/memberOf http://www.esd.org.uk/standards/egms/3.0/egms-schema#IPSV .
--- ---VERSION MATERIALIZED
patch,offset,limit,count-ms,lookup-mus,results
4,0,-2,9,382,227
5,0,-2,4751,20182,232
6,0,-2,4543,18067,192
7,0,-2,1964,16282,209
3,0,-2,111,19293,231
2,0,-2,38,16959,218
1,0,-2,37,12418,457
0,0,-2,36,12793,682
--- ---DELTA MATERIALIZED
patch_start,patch_end,offset,limit,count-ms,lookup-mus,results
0,1,0,-2,59,23525,659
0,2,0,-2,62,23169,473
0,3,0,-2,60,23206,460
0,4,0,-2,32,24058,918
0,5,0,-2,4637,39602,923
0,6,0,-2,4548,39494,892
0,7,0,-2,1960,39774,909
1,2,0,-2,61,23445,666
1,3,0,-2,59,22838,235
1,4,0,-2,33,23424,693
1,5,0,-2,4632,38693,698
1,6,0,-2,4543,38687,667
1,7,0,-2,1956,38864,684
2,3,0,-2,59,23134,449
2,4,0,-2,32,25356,445
2,5,0,-2,4627,40187,450
2,6,0,-2,4531,40206,419
2,7,0,-2,1955,40533,436
3,4,0,-2,37,22801,458
3,5,0,-2,4634,37851,463
3,6,0,-2,4540,37900,432
3,7,0,-2,1958,37959,449
4,5,0,-2,4601,15309,459
4,6,0,-2,4505,15309,428
4,7,0,-2,1930,15486,445
5,6,0,-2,9099,15242,232
5,7,0,-2,6519,15830,624
6,7,0,-2,6445,15585,410
--- ---VERSION
offset,limit,count-ms,lookup-mus,results
0,-2,18583,60823,1768
---PATTERN START:  http://www.w3.org/1999/02/22-rdf-syntax-ns#value http://www.esd.org.uk/standards/ipsv/2.00/ipsv-schema#RoadTransport .
--- ---VERSION MATERIALIZED
patch,offset,limit,count-ms,lookup-mus,results
4,0,-2,9,175,115
5,0,-2,2621,10458,121
6,0,-2,6254,10075,83
7,0,-2,906,7621,93
3,0,-2,120,10107,123
2,0,-2,41,8763,112
1,0,-2,40,6513,238
0,0,-2,39,6691,354
--- ---DELTA MATERIALIZED
patch_start,patch_end,offset,limit,count-ms,lookup-mus,results
0,1,0,-2,67,13411,328
0,2,0,-2,67,13185,251
0,3,0,-2,69,13207,240
0,4,0,-2,38,13731,478
0,5,0,-2,2555,21889,484
0,6,0,-2,6162,21790,455
0,7,0,-2,902,21873,465
1,2,0,-2,67,13323,341
1,3,0,-2,68,13031,124
1,4,0,-2,37,13313,362
1,5,0,-2,2552,21403,368
1,6,0,-2,6149,21294,339
1,7,0,-2,904,21384,349
2,3,0,-2,69,13160,235
2,4,0,-2,36,15095,227
2,5,0,-2,2547,22992,233
2,6,0,-2,6148,22847,204
2,7,0,-2,901,22950,214
3,4,0,-2,36,12963,238
3,5,0,-2,2558,20869,244
3,6,0,-2,6143,20765,215
3,7,0,-2,902,20871,225
4,5,0,-2,2515,8066,236
4,6,0,-2,6108,8006,207
4,7,0,-2,867,8105,217
5,6,0,-2,8634,7981,121
5,7,0,-2,3377,8277,288
6,7,0,-2,6974,8097,185
--- ---VERSION
offset,limit,count-ms,lookup-mus,results
0,-2,9581,32328,881
---PATTERN START:  http://www.w3.org/1999/02/22-rdf-syntax-ns#type http://www.w3.org/2002/07/owl#DataRange .
--- ---VERSION MATERIALIZED
patch,offset,limit,count-ms,lookup-mus,results
4,0,-2,11,143,88
5,0,-2,4343,7447,89
6,0,-2,860,5697,106
7,0,-2,83,4925,106
3,0,-2,3629,4201,35
2,0,-2,2707,5697,96
1,0,-2,52,2949,120
0,0,-2,50,3034,188
--- ---DELTA MATERIALIZED
patch_start,patch_end,offset,limit,count-ms,lookup-mus,results
0,1,0,-2,85,6520,128
0,2,0,-2,2746,6470,130
0,3,0,-2,2724,6539,174
0,4,0,-2,46,6749,278
0,5,0,-2,4192,11959,279
0,6,0,-2,866,12086,320
0,7,0,-2,82,12108,320
1,2,0,-2,2745,6470,122
1,3,0,-2,2726,6442,106
1,4,0,-2,48,6585,210
1,5,0,-2,4196,11743,211
1,6,0,-2,861,11898,252
1,7,0,-2,82,11923,252
2,3,0,-2,5389,6425,92
2,4,0,-2,2707,6457,148
2,5,0,-2,6863,11569,149
2,6,0,-2,3527,11706,190
2,7,0,-2,2761,11730,190
3,4,0,-2,2688,6288,104
3,5,0,-2,6833,11400,105
3,6,0,-2,3505,11544,146
3,7,0,-2,2731,11514,146
4,5,0,-2,4142,5212,137
4,6,0,-2,819,5361,178
4,7,0,-2,39,5375,178
5,6,0,-2,4967,5240,72
5,7,0,-2,4182,5379,170
6,7,0,-2,857,5396,176
--- ---VERSION
offset,limit,count-ms,lookup-mus,results
0,-2,5188,18699,537
---PATTERN START:  http://xmlns.com/foaf/0.1/interest http://www.w3.org/RDF/ .
--- ---VERSION MATERIALIZED
patch,offset,limit,count-ms,lookup-mus,results
4,0,-2,12,208,109
5,0,-2,654,3866,124
6,0,-2,508,3290,111
7,0,-2,452,3161,110
3,0,-2,375,2993,107
2,0,-2,259,2311,109
1,0,-2,261,2296,112
0,0,-2,263,2310,117
--- ---DELTA MATERIALIZED
patch_start,patch_end,offset,limit,count-ms,lookup-mus,results
0,1,0,-2,506,655,11
0,2,0,-2,504,645,13
0,3,0,-2,521,649,14
0,4,0,-2,258,677,26
0,5,0,-2,775,1545,41
0,6,0,-2,713,1501,28
0,7,0,-2,670,1471,27
1,2,0,-2,505,638,14
1,3,0,-2,502,634,9
1,4,0,-2,254,651,21
1,5,0,-2,759,1483,36
1,6,0,-2,712,1445,23
1,7,0,-2,662,1448,22
2,3,0,-2,504,637,11
2,4,0,-2,254,655,13
2,5,0,-2,767,1493,28
2,6,0,-2,715,1453,15
2,7,0,-2,669,1456,14
3,4,0,-2,253,636,12
3,5,0,-2,762,1485,27
3,6,0,-2,716,1442,14
3,7,0,-2,664,1442,13
4,5,0,-2,508,835,25
4,6,0,-2,471,809,12
4,7,0,-2,411,797,13
5,6,0,-2,951,811,20
5,7,0,-2,908,825,29
6,7,0,-2,859,801,13
--- ---VERSION
offset,limit,count-ms,lookup-mus,results
0,-2,605,5928,160
---PATTERN START:  http://swat.cse.lehigh.edu/resources/onto/aigp.owl#inUniversity http://aigp.csres.utexas.edu/~aigp/school/show/240 .
--- ---VERSION MATERIALIZED
patch,offset,limit,count-ms,lookup-mus,results
4,0,-2,10,248,168
5,0,-2,3727,15765,168
6,0,-2,1801,11767,168
7,0,-2,69,10098,168
3,0,-2,118,14427,168
2,0,-2,45,8736,168
1,0,-2,45,8156,336
0,0,-2,45,8413,504
--- ---DELTA MATERIALIZED
patch_start,patch_end,offset,limit,count-ms,lookup-mus,results
0,1,0,-2,74,17182,280
0,2,0,-2,75,17207,392
0,3,0,-2,74,17301,448
0,4,0,-2,40,17936,784
0,5,0,-2,3644,29584,784
0,6,0,-2,1803,29970,896
0,7,0,-2,75,29894,896
1,2,0,-2,75,17188,336
1,3,0,-2,76,17105,280
1,4,0,-2,39,17535,616
1,5,0,-2,3641,29001,616
1,6,0,-2,1804,29339,728
1,7,0,-2,71,29363,728
2,3,0,-2,77,17063,280
2,4,0,-2,40,17017,392
2,5,0,-2,3641,28354,392
2,6,0,-2,1800,28672,504
2,7,0,-2,71,28676,504
3,4,0,-2,39,16906,336
3,5,0,-2,3640,28143,336
3,6,0,-2,1800,28455,448
3,7,0,-2,71,28477,448
4,5,0,-2,3605,11543,336
4,6,0,-2,1762,11862,448
4,7,0,-2,35,11868,448
5,6,0,-2,5364,11556,168
5,7,0,-2,3633,11956,392
6,7,0,-2,1806,11960,448
--- ---VERSION
offset,limit,count-ms,lookup-mus,results
0,-2,13369,48701,1344
---PATTERN START:  http://www.w3.org/1999/xhtml/vocab#stylesheet http://www.belfast-gazette.co.uk/Styles/gazettes.css .
--- ---VERSION MATERIALIZED
patch,offset,limit,count-ms,lookup-mus,results
4,0,-2,7,166,109
5,0,-2,1162,5531,108
6,0,-2,1029,5444,112
7,0,-2,1081,5435,116
3,0,-2,1360,5189,128
2,0,-2,1275,4883,123
1,0,-2,1230,4799,128
0,0,-2,56,4718,126
--- ---DELTA MATERIALIZED
patch_start,patch_end,offset,limit,count-ms,lookup-mus,results
0,1,0,-2,1272,3115,36
0,2,0,-2,1269,2347,63
0,3,0,-2,1281,2502,96
0,4,0,-2,53,2566,143
0,5,0,-2,1061,4081,168
0,6,0,-2,1058,4175,204
0,7,0,-2,1094,4429,232
1,2,0,-2,2488,2413,37
1,3,0,-2,2494,2389,64
1,4,0,-2,1249,2414,113
1,5,0,-2,2221,3950,140
1,6,0,-2,2262,4189,176
1,7,0,-2,2291,4329,210
2,3,0,-2,2424,2317,37
2,4,0,-2,1221,2498,86
2,5,0,-2,2220,4063,115
2,6,0,-2,2252,4199,145
2,7,0,-2,2279,4300,179
3,4,0,-2,1208,2110,51
3,5,0,-2,2198,3571,82
3,6,0,-2,2215,3740,118
3,7,0,-2,2283,4007,148
4,5,0,-2,1008,1437,43
4,6,0,-2,1026,1562,75
4,7,0,-2,1058,1697,103
5,6,0,-2,2009,1565,43
5,7,0,-2,2046,1615,77
6,7,0,-2,2074,1552,36
--- ---VERSION
offset,limit,count-ms,lookup-mus,results
0,-2,2134,11527,243
---PATTERN START:  http://swat.cse.lehigh.edu/resources/onto/aigp.owl#inUniversity http://aigp.csres.utexas.edu/~aigp/school/show/244 .
--- ---VERSION MATERIALIZED
patch,offset,limit,count-ms,lookup-mus,results
4,0,-2,10,280,186
5,0,-2,4211,17469,186
6,0,-2,2033,13037,186
7,0,-2,74,11021,186
3,0,-2,113,17072,186
2,0,-2,43,8932,186
1,0,-2,42,9178,372
0,0,-2,42,9455,558
--- ---DELTA MATERIALIZED
patch_start,patch_end,offset,limit,count-ms,lookup-mus,results
0,1,0,-2,70,19296,310
0,2,0,-2,71,19331,434
0,3,0,-2,72,19413,496
0,4,0,-2,39,20253,868
0,5,0,-2,4174,33526,868
0,6,0,-2,2030,33777,992
0,7,0,-2,76,33793,992
1,2,0,-2,72,19276,372
1,3,0,-2,71,19175,310
1,4,0,-2,38,19773,682
1,5,0,-2,4114,32869,682
1,6,0,-2,2033,33170,806
1,7,0,-2,72,33268,806
2,3,0,-2,71,19212,310
2,4,0,-2,38,19286,434
2,5,0,-2,4127,31997,434
2,6,0,-2,2047,32333,558
2,7,0,-2,73,32386,558
3,4,0,-2,39,19095,372
3,5,0,-2,4116,31755,372
3,6,0,-2,2033,32190,496
3,7,0,-2,74,32284,496
4,5,0,-2,4084,13022,372
4,6,0,-2,1999,13305,496
4,7,0,-2,40,13352,496
5,6,0,-2,6076,13013,186
5,7,0,-2,4118,13302,434
6,7,0,-2,2031,13400,496
--- ---VERSION
offset,limit,count-ms,lookup-mus,results
0,-2,14811,54464,1488
