---PATTERN START: http://d.opencalais.com/er/company/ralg-tr1r/018a40be-eadd-34ab-a418-48f096979ea0 http://s.opencalais.com/1/linkeddata/pred/competitor  .
--- ---VERSION MATERIALIZED
patch,offset,limit,count-ms,lookup-mus,results
4,0,-2,6,21,11
5,0,-2,236,406,11
6,0,-2,181,391,11
7,0,-2,179,385,11
3,0,-2,271,429,11
2,0,-2,209,412,11
1,0,-2,209,432,16
0,0,-2,211,450,25
--- ---DELTA MATERIALIZED
patch_start,patch_end,offset,limit,count-ms,lookup-mus,results
0,1,0,-2,407,366,19
0,2,0,-2,405,365,16
0,3,0,-2,407,373,20
0,4,0,-2,208,398,28
0,5,0,-2,385,657,18
0,6,0,-2,384,676,24
0,7,0,-2,382,676,24
1,2,0,-2,407,380,23
1,3,0,-2,409,365,17
1,4,0,-2,208,379,19
1,5,0,-2,382,664,19
1,6,0,-2,382,664,23
1,7,0,-2,378,670,23
2,3,0,-2,401,363,16
2,4,0,-2,205,373,22
2,5,0,-2,378,635,14
2,6,0,-2,377,632,12
2,7,0,-2,378,643,16
3,4,0,-2,205,351,16
3,5,0,-2,378,628,14
3,6,0,-2,378,635,16
3,7,0,-2,381,658,22
4,5,0,-2,179,326,20
4,6,0,-2,178,315,16
4,7,0,-2,178,329,16
5,6,0,-2,351,315,12
5,7,0,-2,350,333,22
6,7,0,-2,352,325,18
--- ---VERSION
offset,limit,count-ms,lookup-mus,results
0,-2,319,1249,42
---PATTERN START: http://d.opencalais.com/er/company/ralg-tr1r/b725f008-03ba-334a-8504-4d5867fba63c http://s.opencalais.com/1/linkeddata/pred/competitor  .
--- ---VERSION MATERIALIZED
patch,offset,limit,count-ms,lookup-mus,results
4,0,-2,7,53,24
5,0,-2,315,744,24
6,0,-2,267,738,24
7,0,-2,249,715,24
3,0,-2,323,741,24
2,0,-2,273,724,24
1,0,-2,283,751,27
0,0,-2,267,729,26
--- ---DELTA MATERIALIZED
patch_start,patch_end,offset,limit,count-ms,lookup-mus,results
0,1,0,-2,539,1380,33
0,2,0,-2,530,559,26
0,3,0,-2,531,565,28
0,4,0,-2,264,578,26
0,5,0,-2,506,1023,32
0,6,0,-2,524,1021,26
0,7,0,-2,508,1053,38
1,2,0,-2,545,556,27
1,3,0,-2,543,569,33
1,4,0,-2,281,558,29
1,5,0,-2,525,987,25
1,6,0,-2,541,1002,27
1,7,0,-2,525,1041,35
2,3,0,-2,535,564,28
2,4,0,-2,271,562,30
2,5,0,-2,524,997,26
2,6,0,-2,532,1007,28
2,7,0,-2,516,1022,28
3,4,0,-2,270,553,24
3,5,0,-2,517,1018,32
3,6,0,-2,531,1016,28
3,7,0,-2,512,1015,26
4,5,0,-2,247,498,26
4,6,0,-2,264,512,28
4,7,0,-2,247,527,28
5,6,0,-2,506,483,17
5,7,0,-2,488,528,35
6,7,0,-2,507,538,38
--- ---VERSION
offset,limit,count-ms,lookup-mus,results
0,-2,474,1932,58
---PATTERN START: http://d.opencalais.com/er/company/ralg-tr1r/051152c0-b8b9-390b-8ab7-0acb09f3cd9b http://s.opencalais.com/1/linkeddata/pred/competitor  .
--- ---VERSION MATERIALIZED
patch,offset,limit,count-ms,lookup-mus,results
4,0,-2,6,28,19
5,0,-2,268,555,19
6,0,-2,208,539,19
7,0,-2,215,557,19
3,0,-2,312,593,19
2,0,-2,259,599,19
1,0,-2,270,617,26
0,0,-2,270,632,26
--- ---DELTA MATERIALIZED
patch_start,patch_end,offset,limit,count-ms,lookup-mus,results
0,1,0,-2,530,492,32
0,2,0,-2,521,484,27
0,3,0,-2,518,489,29
0,4,0,-2,267,491,29
0,5,0,-2,467,1648,27
0,6,0,-2,471,854,25
0,7,0,-2,478,861,25
1,2,0,-2,519,473,25
1,3,0,-2,518,466,21
1,4,0,-2,270,487,33
1,5,0,-2,469,842,29
1,6,0,-2,469,843,25
1,7,0,-2,476,843,25
2,3,0,-2,509,467,22
2,4,0,-2,258,478,20
2,5,0,-2,460,853,26
2,6,0,-2,458,878,28
2,7,0,-2,482,868,26
3,4,0,-2,266,481,28
3,5,0,-2,461,839,26
3,6,0,-2,457,861,26
3,7,0,-2,466,855,26
4,5,0,-2,203,391,22
4,6,0,-2,204,417,32
4,7,0,-2,212,404,24
5,6,0,-2,400,398,19
5,7,0,-2,408,422,33
6,7,0,-2,410,404,22
--- ---VERSION
offset,limit,count-ms,lookup-mus,results
0,-2,415,1532,54
---PATTERN START: http://d.opencalais.com/er/company/ralg-tr1r/05b2aa5c-3612-3eae-a9d4-9456fd96d7af http://s.opencalais.com/1/linkeddata/pred/competitor  .
--- ---VERSION MATERIALIZED
patch,offset,limit,count-ms,lookup-mus,results
4,0,-2,6,34,16
5,0,-2,259,490,16
6,0,-2,206,484,16
7,0,-2,203,489,16
3,0,-2,292,535,16
2,0,-2,218,551,16
1,0,-2,221,529,18
0,0,-2,229,552,20
--- ---DELTA MATERIALIZED
patch_start,patch_end,offset,limit,count-ms,lookup-mus,results
0,1,0,-2,437,426,22
0,2,0,-2,436,434,26
0,3,0,-2,451,424,22
0,4,0,-2,226,425,20
0,5,0,-2,416,782,26
0,6,0,-2,415,782,26
0,7,0,-2,419,776,24
1,2,0,-2,426,428,22
1,3,0,-2,440,420,18
1,4,0,-2,217,434,24
1,5,0,-2,407,761,20
1,6,0,-2,405,765,24
1,7,0,-2,409,760,22
2,3,0,-2,434,424,24
2,4,0,-2,213,422,16
2,5,0,-2,402,763,18
2,6,0,-2,411,754,14
2,7,0,-2,406,766,22
3,4,0,-2,227,405,20
3,5,0,-2,417,749,22
3,6,0,-2,415,760,22
3,7,0,-2,425,749,18
4,5,0,-2,193,380,20
4,6,0,-2,196,377,18
4,7,0,-2,199,369,14
5,6,0,-2,382,370,15
5,7,0,-2,387,395,27
6,7,0,-2,389,387,22
--- ---VERSION
offset,limit,count-ms,lookup-mus,results
0,-2,375,1351,44
---PATTERN START: http://d.opencalais.com/er/company/ralg-tr1r/e8393d7b-3e70-3d0a-abe8-165358db317e http://s.opencalais.com/1/linkeddata/pred/competitor  .
--- ---VERSION MATERIALIZED
patch,offset,limit,count-ms,lookup-mus,results
4,0,-2,7,21,11
5,0,-2,235,387,11
6,0,-2,154,374,11
7,0,-2,153,369,11
3,0,-2,251,399,11
2,0,-2,199,369,11
1,0,-2,195,401,14
0,0,-2,195,427,13
--- ---DELTA MATERIALIZED
patch_start,patch_end,offset,limit,count-ms,lookup-mus,results
0,1,0,-2,378,348,15
0,2,0,-2,360,351,18
0,3,0,-2,379,338,12
0,4,0,-2,193,337,12
0,5,0,-2,352,613,18
0,6,0,-2,348,625,20
0,7,0,-2,339,632,18
1,2,0,-2,359,362,21
1,3,0,-2,377,333,11
1,4,0,-2,194,351,17
1,5,0,-2,357,616,19
1,6,0,-2,341,631,21
1,7,0,-2,337,628,19
2,3,0,-2,352,339,14
2,4,0,-2,173,354,22
2,5,0,-2,334,609,20
2,6,0,-2,321,597,10
2,7,0,-2,317,618,14
3,4,0,-2,184,335,14
3,5,0,-2,346,606,18
3,6,0,-2,331,605,14
3,7,0,-2,330,624,18
4,5,0,-2,162,285,14
4,6,0,-2,152,308,20
4,7,0,-2,151,322,20
5,6,0,-2,310,294,10
5,7,0,-2,309,325,26
6,7,0,-2,300,306,16
--- ---VERSION
offset,limit,count-ms,lookup-mus,results
0,-2,291,1155,41
---PATTERN START: http://d.opencalais.com/er/company/ralg-tr1r/96cc2627-e55b-39a8-a027-b600c57e40f6 http://s.opencalais.com/1/linkeddata/pred/competitor  .
--- ---VERSION MATERIALIZED
patch,offset,limit,count-ms,lookup-mus,results
4,0,-2,6,52,28
5,0,-2,312,790,28
6,0,-2,259,778,28
7,0,-2,240,753,28
3,0,-2,379,866,28
2,0,-2,329,861,28
1,0,-2,304,852,27
0,0,-2,306,846,25
--- ---DELTA MATERIALIZED
patch_start,patch_end,offset,limit,count-ms,lookup-mus,results
0,1,0,-2,596,631,30
0,2,0,-2,621,632,31
0,3,0,-2,613,648,39
0,4,0,-2,303,627,29
0,5,0,-2,553,1071,33
0,6,0,-2,546,1067,33
0,7,0,-2,532,1060,29
1,2,0,-2,616,623,31
1,3,0,-2,609,631,35
1,4,0,-2,298,623,31
1,5,0,-2,551,1051,31
1,6,0,-2,546,1034,25
1,7,0,-2,531,1043,25
2,3,0,-2,650,632,32
2,4,0,-2,325,628,30
2,5,0,-2,576,1048,26
2,6,0,-2,568,1075,36
2,7,0,-2,556,1085,38
3,4,0,-2,316,608,28
3,5,0,-2,570,1058,34
3,6,0,-2,562,1041,24
3,7,0,-2,558,1028,26
4,5,0,-2,254,488,32
4,6,0,-2,249,476,26
4,7,0,-2,235,491,32
5,6,0,-2,496,486,28
5,7,0,-2,485,491,32
6,7,0,-2,479,469,22
--- ---VERSION
offset,limit,count-ms,lookup-mus,results
0,-2,491,1992,60
---PATTERN START: http://d.opencalais.com/er/company/ralg-tr1r/29ded604-539e-39dc-a04c-878bfd936337 http://s.opencalais.com/1/linkeddata/pred/competitor  .
--- ---VERSION MATERIALIZED
patch,offset,limit,count-ms,lookup-mus,results
4,0,-2,6,23,12
5,0,-2,230,408,12
6,0,-2,171,409,12
7,0,-2,168,396,12
3,0,-2,257,435,12
2,0,-2,204,434,12
1,0,-2,204,449,17
0,0,-2,204,448,16
--- ---DELTA MATERIALIZED
patch_start,patch_end,offset,limit,count-ms,lookup-mus,results
0,1,0,-2,397,392,23
0,2,0,-2,397,378,18
0,3,0,-2,396,375,16
0,4,0,-2,201,390,18
0,5,0,-2,361,658,20
0,6,0,-2,365,669,22
0,7,0,-2,359,682,20
1,2,0,-2,392,377,17
1,3,0,-2,394,371,15
1,4,0,-2,200,380,19
1,5,0,-2,360,649,21
1,6,0,-2,363,649,23
1,7,0,-2,358,654,19
2,3,0,-2,390,360,14
2,4,0,-2,197,378,14
2,5,0,-2,355,650,18
2,6,0,-2,359,652,18
2,7,0,-2,356,659,12
3,4,0,-2,197,377,22
3,5,0,-2,356,632,20
3,6,0,-2,359,638,20
3,7,0,-2,355,659,20
4,5,0,-2,162,296,16
4,6,0,-2,168,298,14
4,7,0,-2,167,320,16
5,6,0,-2,325,303,14
5,7,0,-2,322,329,24
6,7,0,-2,327,307,16
--- ---VERSION
offset,limit,count-ms,lookup-mus,results
0,-2,312,1160,40
---PATTERN START: http://d.opencalais.com/er/company/ralg-tr1r/f3e4768e-524b-36c5-a67c-04d01eb4f3a7 http://s.opencalais.com/1/linkeddata/pred/competitor  .
--- ---VERSION MATERIALIZED
patch,offset,limit,count-ms,lookup-mus,results
4,0,-2,7,26,11
5,0,-2,404,620,11
6,0,-2,324,591,11
7,0,-2,321,585,11
3,0,-2,349,592,11
2,0,-2,292,597,11
1,0,-2,294,596,14
0,0,-2,295,587,16
--- ---DELTA MATERIALIZED
patch_start,patch_end,offset,limit,count-ms,lookup-mus,results
0,1,0,-2,573,577,14
0,2,0,-2,575,585,17
0,3,0,-2,574,570,11
0,4,0,-2,291,606,25
0,5,0,-2,612,1040,19
0,6,0,-2,609,1049,19
0,7,0,-2,608,1059,17
1,2,0,-2,574,588,19
1,3,0,-2,578,580,15
1,4,0,-2,291,595,19
1,5,0,-2,609,1038,15
1,6,0,-2,608,1046,17
1,7,0,-2,606,1062,19
2,3,0,-2,569,583,18
2,4,0,-2,286,565,14
2,5,0,-2,607,1026,18
2,6,0,-2,607,1028,18
2,7,0,-2,604,1036,16
3,4,0,-2,289,581,22
3,5,0,-2,609,1021,16
3,6,0,-2,610,1044,20
3,7,0,-2,604,1046,14
4,5,0,-2,322,488,14
4,6,0,-2,325,497,16
4,7,0,-2,321,515,18
5,6,0,-2,641,496,12
5,7,0,-2,638,527,24
6,7,0,-2,638,511,18
--- ---VERSION
offset,limit,count-ms,lookup-mus,results
0,-2,568,1674,40
---PATTERN START: http://d.opencalais.com/er/company/ralg-tr1r/345d274d-533e-3473-a800-95b5319a75a5 http://s.opencalais.com/1/linkeddata/pred/competitor  .
--- ---VERSION MATERIALIZED
patch,offset,limit,count-ms,lookup-mus,results
4,0,-2,11,26,12
5,0,-2,243,425,12
6,0,-2,193,401,12
7,0,-2,169,393,12
3,0,-2,279,453,12
2,0,-2,241,457,12
1,0,-2,269,504,18
0,0,-2,227,473,23
--- ---DELTA MATERIALIZED
patch_start,patch_end,offset,limit,count-ms,lookup-mus,results
0,1,0,-2,483,433,23
0,2,0,-2,452,430,21
0,3,0,-2,437,424,19
0,4,0,-2,222,448,27
0,5,0,-2,397,731,23
0,6,0,-2,397,739,23
0,7,0,-2,381,746,25
1,2,0,-2,495,433,24
1,3,0,-2,479,419,18
1,4,0,-2,266,424,22
1,5,0,-2,438,708,20
1,6,0,-2,438,717,20
1,7,0,-2,426,712,18
2,3,0,-2,447,416,20
2,4,0,-2,237,418,20
2,5,0,-2,409,703,20
2,6,0,-2,407,711,18
2,7,0,-2,410,712,20
3,4,0,-2,218,412,20
3,5,0,-2,393,709,20
3,6,0,-2,392,713,18
3,7,0,-2,384,707,14
4,5,0,-2,179,317,16
4,6,0,-2,179,340,20
4,7,0,-2,166,335,18
5,6,0,-2,363,323,12
5,7,0,-2,339,353,26
6,7,0,-2,339,337,18
--- ---VERSION
offset,limit,count-ms,lookup-mus,results
0,-2,352,1270,45
---PATTERN START: http://d.opencalais.com/er/company/ralg-tr1r/5e026e3f-b1a3-3038-b5fb-ab37d800f57b http://s.opencalais.com/1/linkeddata/pred/competitor  .
--- ---VERSION MATERIALIZED
patch,offset,limit,count-ms,lookup-mus,results
4,0,-2,7,32,16
5,0,-2,249,508,16
6,0,-2,196,487,16
7,0,-2,195,486,16
3,0,-2,300,543,16
2,0,-2,256,543,16
1,0,-2,265,577,24
0,0,-2,255,550,22
--- ---DELTA MATERIALIZED
patch_start,patch_end,offset,limit,count-ms,lookup-mus,results
0,1,0,-2,498,458,24
0,2,0,-2,497,449,20
0,3,0,-2,496,441,18
0,4,0,-2,251,455,24
0,5,0,-2,442,800,24
0,6,0,-2,439,784,22
0,7,0,-2,435,811,20
1,2,0,-2,499,454,24
1,3,0,-2,498,447,20
1,4,0,-2,255,457,22
1,5,0,-2,442,770,22
1,6,0,-2,442,789,26
1,7,0,-2,439,806,24
2,3,0,-2,497,446,24
2,4,0,-2,252,435,20
2,5,0,-2,449,763,20
2,6,0,-2,438,776,24
2,7,0,-2,445,788,20
3,4,0,-2,254,431,20
3,5,0,-2,441,768,22
3,6,0,-2,438,772,22
3,7,0,-2,433,807,28
4,5,0,-2,197,365,20
4,6,0,-2,191,377,22
4,7,0,-2,191,399,22
5,6,0,-2,381,366,14
5,7,0,-2,380,394,28
6,7,0,-2,376,377,20
--- ---VERSION
offset,limit,count-ms,lookup-mus,results
0,-2,388,1394,49
---PATTERN START: http://d.opencalais.com/er/company/ralg-tr1r/7ec18c84-7f39-3647-be31-93db49155fd7 http://s.opencalais.com/1/linkeddata/pred/competitor  .
--- ---VERSION MATERIALIZED
patch,offset,limit,count-ms,lookup-mus,results
4,0,-2,7,26,12
5,0,-2,236,411,12
6,0,-2,169,406,12
7,0,-2,173,401,12
3,0,-2,240,417,12
2,0,-2,189,413,12
1,0,-2,201,447,18
0,0,-2,198,444,16
--- ---DELTA MATERIALIZED
patch_start,patch_end,offset,limit,count-ms,lookup-mus,results
0,1,0,-2,384,349,18
0,2,0,-2,374,348,16
0,3,0,-2,376,350,16
0,4,0,-2,196,344,14
0,5,0,-2,1165,643,18
0,6,0,-2,357,692,22
0,7,0,-2,362,651,16
1,2,0,-2,379,344,14
1,3,0,-2,380,344,14
1,4,0,-2,197,354,18
1,5,0,-2,366,641,14
1,6,0,-2,359,668,18
1,7,0,-2,367,659,20
2,3,0,-2,368,348,18
2,4,0,-2,185,354,16
2,5,0,-2,353,642,16
2,6,0,-2,355,659,14
2,7,0,-2,351,655,18
3,4,0,-2,184,341,18
3,5,0,-2,352,623,14
3,6,0,-2,348,651,18
3,7,0,-2,352,629,16
4,5,0,-2,174,325,18
4,6,0,-2,167,355,22
4,7,0,-2,171,336,18
5,6,0,-2,336,327,13
5,7,0,-2,339,350,23
6,7,0,-2,335,349,18
--- ---VERSION
offset,limit,count-ms,lookup-mus,results
0,-2,311,1161,37
---PATTERN START: http://d.opencalais.com/er/company/ralg-tr1r/0b52822b-c505-38aa-b72f-71089f79103e http://s.opencalais.com/1/linkeddata/pred/competitor  .
--- ---VERSION MATERIALIZED
patch,offset,limit,count-ms,lookup-mus,results
4,0,-2,7,30,17
5,0,-2,275,524,17
6,0,-2,219,516,17
7,0,-2,204,510,17
3,0,-2,319,580,17
2,0,-2,251,576,17
1,0,-2,255,600,15
0,0,-2,257,620,24
--- ---DELTA MATERIALIZED
patch_start,patch_end,offset,limit,count-ms,lookup-mus,results
0,1,0,-2,495,484,27
0,2,0,-2,491,481,25
0,3,0,-2,491,481,25
0,4,0,-2,251,481,23
0,5,0,-2,465,833,25
0,6,0,-2,454,821,23
0,7,0,-2,449,849,29
1,2,0,-2,488,462,20
1,3,0,-2,488,466,22
1,4,0,-2,250,468,20
1,5,0,-2,446,805,24
1,6,0,-2,449,809,22
1,7,0,-2,444,828,22
2,3,0,-2,482,469,24
2,4,0,-2,245,473,24
2,5,0,-2,441,797,22
2,6,0,-2,448,818,24
2,7,0,-2,443,836,24
3,4,0,-2,243,469,24
3,5,0,-2,442,786,18
3,6,0,-2,447,812,24
3,7,0,-2,439,819,20
4,5,0,-2,202,372,20
4,6,0,-2,210,381,22
4,7,0,-2,201,402,24
5,6,0,-2,401,358,11
5,7,0,-2,392,385,27
6,7,0,-2,397,1183,26
--- ---VERSION
offset,limit,count-ms,lookup-mus,results
0,-2,389,1483,49
---PATTERN START: http://d.opencalais.com/er/company/ralg-tr1r/bd8540df-a13f-360c-9e28-64b55adde9c8 http://s.opencalais.com/1/linkeddata/pred/competitor  .
--- ---VERSION MATERIALIZED
patch,offset,limit,count-ms,lookup-mus,results
4,0,-2,7,27,16
5,0,-2,279,501,16
6,0,-2,206,491,16
7,0,-2,211,503,16
3,0,-2,275,509,16
2,0,-2,210,477,16
1,0,-2,207,485,16
0,0,-2,207,489,19
--- ---DELTA MATERIALIZED
patch_start,patch_end,offset,limit,count-ms,lookup-mus,results
0,1,0,-2,399,380,21
0,2,0,-2,404,374,17
0,3,0,-2,415,384,23
0,4,0,-2,202,396,25
0,5,0,-2,409,731,21
0,6,0,-2,393,734,21
0,7,0,-2,423,740,19
1,2,0,-2,403,379,20
1,3,0,-2,414,369,14
1,4,0,-2,203,385,22
1,5,0,-2,411,719,22
1,6,0,-2,391,715,20
1,7,0,-2,408,725,22
2,3,0,-2,415,373,20
2,4,0,-2,205,374,22
2,5,0,-2,411,711,20
2,6,0,-2,395,711,18
2,7,0,-2,412,720,20
3,4,0,-2,217,348,14
3,5,0,-2,419,702,20
3,6,0,-2,409,712,20
3,7,0,-2,423,711,18
4,5,0,-2,208,372,18
4,6,0,-2,195,382,20
4,7,0,-2,209,385,20
5,6,0,-2,398,388,21
5,7,0,-2,413,403,29
6,7,0,-2,398,382,18
--- ---VERSION
offset,limit,count-ms,lookup-mus,results
0,-2,344,1247,43
