---PATTERN START: http://id.crossref.org/issn/1615-5262  http://purl.org/ontology/bibo/Journal .
--- ---VERSION MATERIALIZED
patch,offset,limit,count-ms,lookup-mus,results
4,0,-2,11,9,1
5,0,-2,132,121,1
6,0,-2,47,81,1
7,0,-2,43,80,1
3,0,-2,143,136,1
2,0,-2,62,99,1
1,0,-2,63,100,1
0,0,-2,62,99,1
--- ---DELTA MATERIALIZED
patch_start,patch_end,offset,limit,count-ms,lookup-mus,results
0,1,0,-2,108,51,0
0,2,0,-2,107,49,0
0,3,0,-2,107,49,0
0,4,0,-2,56,49,0
0,5,0,-2,89,76,0
0,6,0,-2,87,76,0
0,7,0,-2,87,76,0
1,2,0,-2,107,49,0
1,3,0,-2,110,49,0
1,4,0,-2,56,48,0
1,5,0,-2,88,76,0
1,6,0,-2,87,77,0
1,7,0,-2,88,79,0
2,3,0,-2,108,50,0
2,4,0,-2,57,49,0
2,5,0,-2,89,78,0
2,6,0,-2,89,78,0
2,7,0,-2,88,78,0
3,4,0,-2,56,48,0
3,5,0,-2,90,78,0
3,6,0,-2,88,78,0
3,7,0,-2,87,77,0
4,5,0,-2,35,30,0
4,6,0,-2,35,31,0
4,7,0,-2,35,31,0
5,6,0,-2,67,32,0
5,7,0,-2,71,32,0
6,7,0,-2,68,33,0
--- ---VERSION
offset,limit,count-ms,lookup-mus,results
0,-2,54,79,1
---PATTERN START: http://www.gazettes-online.co.uk/ontology#NotifiableThing  http://www.gazettes-online.co.uk/ontology#Authoriser .
--- ---VERSION MATERIALIZED
patch,offset,limit,count-ms,lookup-mus,results
4,0,-2,10,7,1
5,0,-2,183,168,1
6,0,-2,83,128,1
7,0,-2,83,127,1
3,0,-2,134,156,1
2,0,-2,61,113,1
1,0,-2,60,112,1
0,0,-2,60,113,1
--- ---DELTA MATERIALIZED
patch_start,patch_end,offset,limit,count-ms,lookup-mus,results
0,1,0,-2,106,52,0
0,2,0,-2,106,48,0
0,3,0,-2,105,47,0
0,4,0,-2,55,47,0
0,5,0,-2,128,110,0
0,6,0,-2,127,110,0
0,7,0,-2,127,110,0
1,2,0,-2,105,47,0
1,3,0,-2,104,47,0
1,4,0,-2,55,46,0
1,5,0,-2,129,110,0
1,6,0,-2,128,109,0
1,7,0,-2,127,109,0
2,3,0,-2,105,49,0
2,4,0,-2,55,46,0
2,5,0,-2,128,109,0
2,6,0,-2,127,109,0
2,7,0,-2,128,110,0
3,4,0,-2,55,47,0
3,5,0,-2,128,109,0
3,6,0,-2,127,109,0
3,7,0,-2,127,111,0
4,5,0,-2,77,65,0
4,6,0,-2,76,65,0
4,7,0,-2,76,64,0
5,6,0,-2,147,65,0
5,7,0,-2,149,64,0
6,7,0,-2,147,65,0
--- ---VERSION
offset,limit,count-ms,lookup-mus,results
0,-2,76,103,1
---PATTERN START: http://www.gazettes-online.co.uk/ontology/resources/councils#BarkingAndDagenhamLondonBoroughCouncil  http://www.gazettes-online.co.uk/ontology/organisation#LondonBoroughCouncil .
--- ---VERSION MATERIALIZED
patch,offset,limit,count-ms,lookup-mus,results
4,0,-2,9,7,1
5,0,-2,150,181,1
6,0,-2,69,148,1
7,0,-2,62,144,1
3,0,-2,129,178,1
2,0,-2,57,144,1
1,0,-2,56,142,1
0,0,-2,56,143,1
--- ---DELTA MATERIALIZED
patch_start,patch_end,offset,limit,count-ms,lookup-mus,results
0,1,0,-2,99,48,0
0,2,0,-2,98,47,0
0,3,0,-2,100,45,0
0,4,0,-2,51,44,0
0,5,0,-2,106,92,0
0,6,0,-2,106,93,0
0,7,0,-2,107,93,0
1,2,0,-2,98,44,0
1,3,0,-2,97,44,0
1,4,0,-2,51,44,0
1,5,0,-2,106,92,0
1,6,0,-2,106,92,0
1,7,0,-2,107,91,0
2,3,0,-2,97,44,0
2,4,0,-2,51,44,0
2,5,0,-2,105,92,0
2,6,0,-2,106,94,0
2,7,0,-2,106,92,0
3,4,0,-2,52,44,0
3,5,0,-2,107,91,0
3,6,0,-2,106,91,0
3,7,0,-2,107,92,0
4,5,0,-2,59,49,0
4,6,0,-2,58,49,0
4,7,0,-2,58,49,0
5,6,0,-2,111,51,0
5,7,0,-2,112,50,0
6,7,0,-2,111,50,0
--- ---VERSION
offset,limit,count-ms,lookup-mus,results
0,-2,63,140,1
---PATTERN START: http://data.dcs.shef.ac.uk/group/ml  http://xmlns.com/foaf/0.1/Group .
--- ---VERSION MATERIALIZED
patch,offset,limit,count-ms,lookup-mus,results
4,0,-2,8,7,1
5,0,-2,155,170,1
6,0,-2,75,145,1
7,0,-2,80,139,1
3,0,-2,160,185,1
2,0,-2,80,157,1
1,0,-2,82,154,1
0,0,-2,80,154,1
--- ---DELTA MATERIALIZED
patch_start,patch_end,offset,limit,count-ms,lookup-mus,results
0,1,0,-2,147,63,0
0,2,0,-2,147,60,0
0,3,0,-2,145,60,0
0,4,0,-2,75,59,0
0,5,0,-2,142,110,0
0,6,0,-2,142,109,0
0,7,0,-2,142,109,0
1,2,0,-2,146,59,0
1,3,0,-2,145,61,0
1,4,0,-2,76,59,0
1,5,0,-2,142,108,0
1,6,0,-2,142,110,0
1,7,0,-2,143,109,0
2,3,0,-2,145,60,0
2,4,0,-2,75,59,0
2,5,0,-2,148,109,0
2,6,0,-2,142,110,0
2,7,0,-2,142,109,0
3,4,0,-2,76,59,0
3,5,0,-2,142,111,0
3,6,0,-2,142,110,0
3,7,0,-2,141,109,0
4,5,0,-2,70,52,0
4,6,0,-2,70,53,0
4,7,0,-2,71,52,0
5,6,0,-2,135,53,0
5,7,0,-2,135,53,0
6,7,0,-2,135,53,0
--- ---VERSION
offset,limit,count-ms,lookup-mus,results
0,-2,76,123,1
---PATTERN START: http://www.gazettes-online.co.uk/ontology/authority#hasAuthority  http://www.gazettes-online.co.uk/ontology/authority#Authority .
--- ---VERSION MATERIALIZED
patch,offset,limit,count-ms,lookup-mus,results
4,0,-2,10,6,1
5,0,-2,170,152,1
6,0,-2,73,117,1
7,0,-2,74,117,1
3,0,-2,148,159,1
2,0,-2,74,123,1
1,0,-2,72,121,1
0,0,-2,73,122,1
--- ---DELTA MATERIALIZED
patch_start,patch_end,offset,limit,count-ms,lookup-mus,results
0,1,0,-2,135,55,0
0,2,0,-2,132,53,0
0,3,0,-2,131,53,0
0,4,0,-2,68,53,0
0,5,0,-2,133,103,0
0,6,0,-2,133,104,0
0,7,0,-2,134,102,0
1,2,0,-2,133,53,0
1,3,0,-2,132,53,0
1,4,0,-2,68,52,0
1,5,0,-2,133,102,0
1,6,0,-2,134,101,0
1,7,0,-2,136,102,0
2,3,0,-2,133,53,0
2,4,0,-2,69,53,0
2,5,0,-2,133,103,0
2,6,0,-2,136,102,0
2,7,0,-2,134,102,0
3,4,0,-2,69,53,0
3,5,0,-2,134,101,0
3,6,0,-2,135,101,0
3,7,0,-2,134,102,0
4,5,0,-2,69,51,0
4,6,0,-2,68,50,0
4,7,0,-2,68,50,0
5,6,0,-2,135,52,0
5,7,0,-2,131,51,0
6,7,0,-2,131,51,0
--- ---VERSION
offset,limit,count-ms,lookup-mus,results
0,-2,68,96,1
---PATTERN START: http://example.org/bnode/httpx3Ax2Fx2Fcoursewarex2Erkbex78plorerx2Ecomx2Fontologiesx2Fcoursewarexxbnode0  http://www.w3.org/2002/07/owl#DataRange .
--- ---VERSION MATERIALIZED
patch,offset,limit,count-ms,lookup-mus,results
4,0,-2,18,7,1
5,0,-2,145,168,1
6,0,-2,63,122,1
7,0,-2,62,121,1
3,0,-2,143,145,1
2,0,-2,62,104,1
1,0,-2,61,102,1
0,0,-2,64,101,1
--- ---DELTA MATERIALIZED
patch_start,patch_end,offset,limit,count-ms,lookup-mus,results
0,1,0,-2,111,48,0
0,2,0,-2,111,46,0
0,3,0,-2,111,47,0
0,4,0,-2,59,46,0
0,5,0,-2,111,87,0
0,6,0,-2,110,86,0
0,7,0,-2,110,86,0
1,2,0,-2,111,46,0
1,3,0,-2,109,46,0
1,4,0,-2,57,45,0
1,5,0,-2,109,86,0
1,6,0,-2,109,88,0
1,7,0,-2,109,86,0
2,3,0,-2,110,46,0
2,4,0,-2,57,46,0
2,5,0,-2,111,92,0
2,6,0,-2,113,92,0
2,7,0,-2,114,92,0
3,4,0,-2,59,49,0
3,5,0,-2,114,90,0
3,6,0,-2,110,91,0
3,7,0,-2,110,92,0
4,5,0,-2,58,44,0
4,6,0,-2,58,45,0
4,7,0,-2,58,44,0
5,6,0,-2,112,46,0
5,7,0,-2,111,44,0
6,7,0,-2,111,46,0
--- ---VERSION
offset,limit,count-ms,lookup-mus,results
0,-2,67,109,1
---PATTERN START: http://data.dcs.shef.ac.uk/group/oak  http://xmlns.com/foaf/0.1/Group .
--- ---VERSION MATERIALIZED
patch,offset,limit,count-ms,lookup-mus,results
4,0,-2,8,9,1
5,0,-2,164,177,1
6,0,-2,76,143,1
7,0,-2,76,143,1
3,0,-2,168,194,1
2,0,-2,80,158,1
1,0,-2,80,157,1
0,0,-2,81,159,1
--- ---DELTA MATERIALIZED
patch_start,patch_end,offset,limit,count-ms,lookup-mus,results
0,1,0,-2,146,63,0
0,2,0,-2,145,60,0
0,3,0,-2,145,60,0
0,4,0,-2,78,59,0
0,5,0,-2,142,110,0
0,6,0,-2,141,108,0
0,7,0,-2,142,110,0
1,2,0,-2,145,60,0
1,3,0,-2,144,59,0
1,4,0,-2,75,59,0
1,5,0,-2,141,110,0
1,6,0,-2,141,110,0
1,7,0,-2,142,109,0
2,3,0,-2,145,62,0
2,4,0,-2,75,59,0
2,5,0,-2,141,108,0
2,6,0,-2,141,109,0
2,7,0,-2,145,109,0
3,4,0,-2,75,59,0
3,5,0,-2,142,109,0
3,6,0,-2,142,110,0
3,7,0,-2,144,109,0
4,5,0,-2,70,52,0
4,6,0,-2,70,52,0
4,7,0,-2,71,52,0
5,6,0,-2,134,52,0
5,7,0,-2,137,53,0
6,7,0,-2,136,53,0
--- ---VERSION
offset,limit,count-ms,lookup-mus,results
0,-2,74,125,1
---PATTERN START: http://www.gazettes-online.co.uk/ontology/legislation#NorthernIrelandOrderInCouncil  http://www.gazettes-online.co.uk/ontology/legislation#Order .
--- ---VERSION MATERIALIZED
patch,offset,limit,count-ms,lookup-mus,results
4,0,-2,10,7,1
5,0,-2,197,245,1
6,0,-2,108,215,1
7,0,-2,107,225,1
3,0,-2,171,227,1
2,0,-2,97,194,1
1,0,-2,95,191,1
0,0,-2,95,192,1
--- ---DELTA MATERIALIZED
patch_start,patch_end,offset,limit,count-ms,lookup-mus,results
0,1,0,-2,178,79,0
0,2,0,-2,176,77,0
0,3,0,-2,176,78,0
0,4,0,-2,92,80,0
0,5,0,-2,184,157,0
0,6,0,-2,180,152,0
0,7,0,-2,181,153,0
1,2,0,-2,176,76,0
1,3,0,-2,173,75,0
1,4,0,-2,91,74,0
1,5,0,-2,179,151,0
1,6,0,-2,180,155,0
1,7,0,-2,182,153,0
2,3,0,-2,176,76,0
2,4,0,-2,89,75,0
2,5,0,-2,179,151,0
2,6,0,-2,181,152,0
2,7,0,-2,183,153,0
3,4,0,-2,91,77,0
3,5,0,-2,182,151,0
3,6,0,-2,182,152,0
3,7,0,-2,182,153,0
4,5,0,-2,95,80,0
4,6,0,-2,95,78,0
4,7,0,-2,93,77,0
5,6,0,-2,179,79,0
5,7,0,-2,178,83,0
6,7,0,-2,182,78,0
--- ---VERSION
offset,limit,count-ms,lookup-mus,results
0,-2,94,170,1
---PATTERN START: http://twitter.com/#!/clange  http://twitter.com .
--- ---VERSION MATERIALIZED
patch,offset,limit,count-ms,lookup-mus,results
4,0,-2,11,8,1
5,0,-2,184,180,1
6,0,-2,86,147,1
7,0,-2,84,157,1
3,0,-2,168,198,1
2,0,-2,88,158,1
1,0,-2,88,161,1
0,0,-2,87,158,1
--- ---DELTA MATERIALIZED
patch_start,patch_end,offset,limit,count-ms,lookup-mus,results
0,1,0,-2,160,76,0
0,2,0,-2,161,73,0
0,3,0,-2,160,74,0
0,4,0,-2,84,77,0
0,5,0,-2,170,144,0
0,6,0,-2,162,144,0
0,7,0,-2,161,144,0
1,2,0,-2,160,77,0
1,3,0,-2,166,80,0
1,4,0,-2,88,78,0
1,5,0,-2,178,143,0
1,6,0,-2,160,144,0
1,7,0,-2,161,143,0
2,3,0,-2,160,77,0
2,4,0,-2,85,77,0
2,5,0,-2,170,144,0
2,6,0,-2,160,146,0
2,7,0,-2,160,143,0
3,4,0,-2,84,72,0
3,5,0,-2,162,147,0
3,6,0,-2,160,142,0
3,7,0,-2,160,143,0
4,5,0,-2,81,66,0
4,6,0,-2,80,68,0
4,7,0,-2,81,69,0
5,6,0,-2,161,69,0
5,7,0,-2,160,69,0
6,7,0,-2,163,70,0
--- ---VERSION
offset,limit,count-ms,lookup-mus,results
0,-2,90,144,1
---PATTERN START: http://www.gazettes-online.co.uk/ontology#isInIssue  http://www.gazettes-online.co.uk/ontology#Issue .
--- ---VERSION MATERIALIZED
patch,offset,limit,count-ms,lookup-mus,results
4,0,-2,11,7,1
5,0,-2,164,153,1
6,0,-2,72,116,1
7,0,-2,71,116,1
3,0,-2,158,156,1
2,0,-2,68,124,1
1,0,-2,68,123,1
0,0,-2,68,135,1
--- ---DELTA MATERIALIZED
patch_start,patch_end,offset,limit,count-ms,lookup-mus,results
0,1,0,-2,123,52,0
0,2,0,-2,122,50,0
0,3,0,-2,122,50,0
0,4,0,-2,63,49,0
0,5,0,-2,132,105,0
0,6,0,-2,127,105,0
0,7,0,-2,127,104,0
1,2,0,-2,121,53,0
1,3,0,-2,126,49,0
1,4,0,-2,63,49,0
1,5,0,-2,128,105,0
1,6,0,-2,126,104,0
1,7,0,-2,128,104,0
2,3,0,-2,122,50,0
2,4,0,-2,63,49,0
2,5,0,-2,127,104,0
2,6,0,-2,129,104,0
2,7,0,-2,127,103,0
3,4,0,-2,63,49,0
3,5,0,-2,127,104,0
3,6,0,-2,135,103,0
3,7,0,-2,127,104,0
4,5,0,-2,68,56,0
4,6,0,-2,67,56,0
4,7,0,-2,67,57,0
5,6,0,-2,130,57,0
5,7,0,-2,128,57,0
6,7,0,-2,128,57,0
--- ---VERSION
offset,limit,count-ms,lookup-mus,results
0,-2,63,95,1
---PATTERN START: http://xmlns.com/foaf/0.1/weblog  http://www.w3.org/2002/07/owl#InverseFunctionalProperty .
--- ---VERSION MATERIALIZED
patch,offset,limit,count-ms,lookup-mus,results
4,0,-2,10,8,1
5,0,-2,129,130,1
6,0,-2,50,92,1
7,0,-2,50,92,1
3,0,-2,126,142,1
2,0,-2,51,89,1
1,0,-2,49,89,1
0,0,-2,49,89,1
--- ---DELTA MATERIALIZED
patch_start,patch_end,offset,limit,count-ms,lookup-mus,results
0,1,0,-2,87,41,0
0,2,0,-2,87,41,0
0,3,0,-2,89,38,0
0,4,0,-2,46,38,0
0,5,0,-2,89,74,0
0,6,0,-2,89,74,0
0,7,0,-2,88,73,0
1,2,0,-2,90,39,0
1,3,0,-2,87,38,0
1,4,0,-2,46,38,0
1,5,0,-2,88,73,0
1,6,0,-2,88,73,0
1,7,0,-2,88,73,0
2,3,0,-2,88,38,0
2,4,0,-2,46,39,0
2,5,0,-2,88,73,0
2,6,0,-2,88,73,0
2,7,0,-2,88,74,0
3,4,0,-2,46,38,0
3,5,0,-2,89,73,0
3,6,0,-2,88,73,0
3,7,0,-2,88,74,0
4,5,0,-2,46,38,0
4,6,0,-2,46,37,0
4,7,0,-2,46,38,0
5,6,0,-2,88,39,0
5,7,0,-2,87,39,0
6,7,0,-2,87,39,0
--- ---VERSION
offset,limit,count-ms,lookup-mus,results
0,-2,51,82,1
---PATTERN START: http://www.gazettes-online.co.uk/ontology#hasAuthorisingLocation  http://www.gazettes-online.co.uk/ontology#Authoriser .
--- ---VERSION MATERIALIZED
patch,offset,limit,count-ms,lookup-mus,results
4,0,-2,10,7,1
5,0,-2,185,226,1
6,0,-2,92,199,1
7,0,-2,92,186,1
3,0,-2,147,213,1
2,0,-2,74,178,1
1,0,-2,72,174,1
0,0,-2,74,175,1
--- ---DELTA MATERIALIZED
patch_start,patch_end,offset,limit,count-ms,lookup-mus,results
0,1,0,-2,133,61,0
0,2,0,-2,131,59,0
0,3,0,-2,131,58,0
0,4,0,-2,67,58,0
0,5,0,-2,151,130,0
0,6,0,-2,151,127,0
0,7,0,-2,151,127,0
1,2,0,-2,130,60,0
1,3,0,-2,131,57,0
1,4,0,-2,68,57,0
1,5,0,-2,150,128,0
1,6,0,-2,151,128,0
1,7,0,-2,151,127,0
2,3,0,-2,131,57,0
2,4,0,-2,68,57,0
2,5,0,-2,152,127,0
2,6,0,-2,151,127,0
2,7,0,-2,151,128,0
3,4,0,-2,72,58,0
3,5,0,-2,152,127,0
3,6,0,-2,151,127,0
3,7,0,-2,150,129,0
4,5,0,-2,86,72,0
4,6,0,-2,86,71,0
4,7,0,-2,86,71,0
5,6,0,-2,166,73,0
5,7,0,-2,166,72,0
6,7,0,-2,165,72,0
--- ---VERSION
offset,limit,count-ms,lookup-mus,results
0,-2,83,165,1
---PATTERN START: http://www.examiner.com/article/chicago-valentine-s-day-dining-by-the-numbers  http://cdn2-b.examiner.com/sites/all/themes/base/favicon.ico .
--- ---VERSION MATERIALIZED
patch,offset,limit,count-ms,lookup-mus,results
4,0,-2,15,13,1
5,0,-2,188,177,1
6,0,-2,95,147,1
7,0,-2,100,150,1
3,0,-2,181,193,1
2,0,-2,102,158,1
1,0,-2,101,158,1
0,0,-2,102,155,1
--- ---DELTA MATERIALIZED
patch_start,patch_end,offset,limit,count-ms,lookup-mus,results
0,1,0,-2,180,79,0
0,2,0,-2,176,76,0
0,3,0,-2,175,76,0
0,4,0,-2,91,77,0
0,5,0,-2,171,148,0
0,6,0,-2,174,148,0
0,7,0,-2,175,147,0
1,2,0,-2,179,77,0
1,3,0,-2,175,76,0
1,4,0,-2,91,78,0
1,5,0,-2,171,147,0
1,6,0,-2,173,147,0
1,7,0,-2,175,147,0
2,3,0,-2,180,76,0
2,4,0,-2,91,75,0
2,5,0,-2,172,148,0
2,6,0,-2,173,147,0
2,7,0,-2,173,150,0
3,4,0,-2,93,78,0
3,5,0,-2,174,147,0
3,6,0,-2,173,148,0
3,7,0,-2,174,147,0
4,5,0,-2,84,73,0
4,6,0,-2,85,72,0
4,7,0,-2,83,72,0
5,6,0,-2,160,72,0
5,7,0,-2,159,71,0
6,7,0,-2,159,71,0
--- ---VERSION
offset,limit,count-ms,lookup-mus,results
0,-2,102,129,1
---PATTERN START: http://www.loa-cnr.it/ontologies/DUL.owl#isObjectIncludedIn  http://www.loa-cnr.it/ontologies/DUL.owl#Situation .
--- ---VERSION MATERIALIZED
patch,offset,limit,count-ms,lookup-mus,results
4,0,-2,11,9,1
5,0,-2,143,139,1
6,0,-2,57,109,1
7,0,-2,56,99,1
3,0,-2,130,141,1
2,0,-2,54,107,1
1,0,-2,53,116,1
0,0,-2,55,115,1
--- ---DELTA MATERIALIZED
patch_start,patch_end,offset,limit,count-ms,lookup-mus,results
0,1,0,-2,97,46,0
0,2,0,-2,96,44,0
0,3,0,-2,96,44,0
0,4,0,-2,50,43,0
0,5,0,-2,104,88,0
0,6,0,-2,97,87,0
0,7,0,-2,97,88,0
1,2,0,-2,92,45,0
1,3,0,-2,94,46,0
1,4,0,-2,51,44,0
1,5,0,-2,103,87,0
1,6,0,-2,98,88,0
1,7,0,-2,97,86,0
2,3,0,-2,92,47,0
2,4,0,-2,49,42,0
2,5,0,-2,103,88,0
2,6,0,-2,97,87,0
2,7,0,-2,101,87,0
3,4,0,-2,49,41,0
3,5,0,-2,100,88,0
3,6,0,-2,98,87,0
3,7,0,-2,102,87,0
4,5,0,-2,52,46,0
4,6,0,-2,52,46,0
4,7,0,-2,55,46,0
5,6,0,-2,104,47,0
5,7,0,-2,104,48,0
6,7,0,-2,105,47,0
--- ---VERSION
offset,limit,count-ms,lookup-mus,results
0,-2,63,95,1
---PATTERN START: http://example.org/bnode/httpx3Ax2Fx2Fb4madx2Enetx2FFOAFx2FB4madx2Erdfxxb4mad  http://xmlns.com/foaf/0.1/Group .
--- ---VERSION MATERIALIZED
patch,offset,limit,count-ms,lookup-mus,results
4,0,-2,10,7,1
5,0,-2,139,156,1
6,0,-2,64,106,1
7,0,-2,60,105,1
3,0,-2,151,169,1
2,0,-2,71,129,1
1,0,-2,73,126,1
0,0,-2,71,126,1
--- ---DELTA MATERIALIZED
patch_start,patch_end,offset,limit,count-ms,lookup-mus,results
0,1,0,-2,129,56,0
0,2,0,-2,130,53,0
0,3,0,-2,128,53,0
0,4,0,-2,67,52,0
0,5,0,-2,118,95,0
0,6,0,-2,117,98,0
0,7,0,-2,117,95,0
1,2,0,-2,129,52,0
1,3,0,-2,127,52,0
1,4,0,-2,67,51,0
1,5,0,-2,118,96,0
1,6,0,-2,117,95,0
1,7,0,-2,117,96,0
2,3,0,-2,129,53,0
2,4,0,-2,68,52,0
2,5,0,-2,117,95,0
2,6,0,-2,117,95,0
2,7,0,-2,117,96,0
3,4,0,-2,69,53,0
3,5,0,-2,117,95,0
3,6,0,-2,117,95,0
3,7,0,-2,117,96,0
4,5,0,-2,54,47,0
4,6,0,-2,54,45,0
4,7,0,-2,53,45,0
5,6,0,-2,102,46,0
5,7,0,-2,102,46,0
6,7,0,-2,102,46,0
--- ---VERSION
offset,limit,count-ms,lookup-mus,results
0,-2,61,96,1
---PATTERN START: http://www.bbc.co.uk/programmes/b006qnnh#programme  http://www.bbc.co.uk/programmes/genres/factual/petsandanimals#genre .
--- ---VERSION MATERIALIZED
patch,offset,limit,count-ms,lookup-mus,results
4,0,-2,12,12,1
5,0,-2,205,220,1
6,0,-2,100,170,1
7,0,-2,102,184,1
3,0,-2,160,188,1
2,0,-2,78,148,1
1,0,-2,78,149,1
0,0,-2,79,151,1
--- ---DELTA MATERIALIZED
patch_start,patch_end,offset,limit,count-ms,lookup-mus,results
0,1,0,-2,141,59,0
0,2,0,-2,139,57,0
0,3,0,-2,139,57,0
0,4,0,-2,75,56,0
0,5,0,-2,162,135,0
0,6,0,-2,162,134,0
0,7,0,-2,164,133,0
1,2,0,-2,139,57,0
1,3,0,-2,138,56,0
1,4,0,-2,72,55,0
1,5,0,-2,164,133,0
1,6,0,-2,162,133,0
1,7,0,-2,162,134,0
2,3,0,-2,141,57,0
2,4,0,-2,72,56,0
2,5,0,-2,162,134,0
2,6,0,-2,162,134,0
2,7,0,-2,162,144,0
3,4,0,-2,72,56,0
3,5,0,-2,165,145,0
3,6,0,-2,165,142,0
3,7,0,-2,170,146,0
4,5,0,-2,98,87,0
4,6,0,-2,97,86,0
4,7,0,-2,101,87,0
5,6,0,-2,200,88,0
5,7,0,-2,201,89,0
6,7,0,-2,200,90,0
--- ---VERSION
offset,limit,count-ms,lookup-mus,results
0,-2,95,147,1
---PATTERN START: http://bigasterisk.com/foaf.rdf  http://www.ldodds.com/foaf/foaf-a-matic .
--- ---VERSION MATERIALIZED
patch,offset,limit,count-ms,lookup-mus,results
4,0,-2,7,9,1
5,0,-2,189,190,1
6,0,-2,96,144,1
7,0,-2,95,144,1
3,0,-2,150,158,1
2,0,-2,71,130,1
1,0,-2,72,130,1
0,0,-2,73,130,1
--- ---DELTA MATERIALIZED
patch_start,patch_end,offset,limit,count-ms,lookup-mus,results
0,1,0,-2,132,58,0
0,2,0,-2,130,55,0
0,3,0,-2,130,55,0
0,4,0,-2,68,56,0
0,5,0,-2,155,131,0
0,6,0,-2,154,130,0
0,7,0,-2,154,128,0
1,2,0,-2,133,56,0
1,3,0,-2,129,56,0
1,4,0,-2,67,55,0
1,5,0,-2,153,130,0
1,6,0,-2,155,129,0
1,7,0,-2,154,129,0
2,3,0,-2,130,55,0
2,4,0,-2,68,55,0
2,5,0,-2,155,128,0
2,6,0,-2,154,129,0
2,7,0,-2,154,132,0
3,4,0,-2,68,55,0
3,5,0,-2,154,128,0
3,6,0,-2,154,129,0
3,7,0,-2,155,130,0
4,5,0,-2,89,75,0
4,6,0,-2,89,74,0
4,7,0,-2,89,74,0
5,6,0,-2,173,76,0
5,7,0,-2,172,76,0
6,7,0,-2,172,75,0
--- ---VERSION
offset,limit,count-ms,lookup-mus,results
0,-2,78,118,1
---PATTERN START: http://www.gazettes-online.co.uk/ontology#Notice  http://www.gazettes-online.co.uk/ontology#Authoriser .
--- ---VERSION MATERIALIZED
patch,offset,limit,count-ms,lookup-mus,results
4,0,-2,20,8,1
5,0,-2,187,167,1
6,0,-2,85,131,1
7,0,-2,85,130,1
3,0,-2,144,150,1
2,0,-2,62,116,1
1,0,-2,61,115,1
0,0,-2,61,118,1
--- ---DELTA MATERIALIZED
patch_start,patch_end,offset,limit,count-ms,lookup-mus,results
0,1,0,-2,108,50,0
0,2,0,-2,107,48,0
0,3,0,-2,107,47,0
0,4,0,-2,56,47,0
0,5,0,-2,131,113,0
0,6,0,-2,131,111,0
0,7,0,-2,130,112,0
1,2,0,-2,107,48,0
1,3,0,-2,106,47,0
1,4,0,-2,55,46,0
1,5,0,-2,131,112,0
1,6,0,-2,131,111,0
1,7,0,-2,130,114,0
2,3,0,-2,106,48,0
2,4,0,-2,56,47,0
2,5,0,-2,131,112,0
2,6,0,-2,131,111,0
2,7,0,-2,131,112,0
3,4,0,-2,56,47,0
3,5,0,-2,131,111,0
3,6,0,-2,131,112,0
3,7,0,-2,130,112,0
4,5,0,-2,78,66,0
4,6,0,-2,78,66,0
4,7,0,-2,78,66,0
5,6,0,-2,154,67,0
5,7,0,-2,150,67,0
6,7,0,-2,151,66,0
--- ---VERSION
offset,limit,count-ms,lookup-mus,results
0,-2,77,108,1
---PATTERN START: http://www.gazettes-online.co.uk/ontology/resources/councils#BarnetLondonBoroughCouncil  http://www.gazettes-online.co.uk/ontology/organisation#LondonBoroughCouncil .
--- ---VERSION MATERIALIZED
patch,offset,limit,count-ms,lookup-mus,results
4,0,-2,10,7,1
5,0,-2,147,178,1
6,0,-2,62,140,1
7,0,-2,61,147,1
3,0,-2,131,176,1
2,0,-2,56,140,1
1,0,-2,55,140,1
0,0,-2,56,141,1
--- ---DELTA MATERIALIZED
patch_start,patch_end,offset,limit,count-ms,lookup-mus,results
0,1,0,-2,97,46,0
0,2,0,-2,96,44,0
0,3,0,-2,96,44,0
0,4,0,-2,50,43,0
0,5,0,-2,104,93,0
0,6,0,-2,105,91,0
0,7,0,-2,104,90,0
1,2,0,-2,95,43,0
1,3,0,-2,94,43,0
1,4,0,-2,52,43,0
1,5,0,-2,104,90,0
1,6,0,-2,104,90,0
1,7,0,-2,104,90,0
2,3,0,-2,96,43,0
2,4,0,-2,51,42,0
2,5,0,-2,103,91,0
2,6,0,-2,104,90,0
2,7,0,-2,104,89,0
3,4,0,-2,50,43,0
3,5,0,-2,108,90,0
3,6,0,-2,104,90,0
3,7,0,-2,104,90,0
4,5,0,-2,58,49,0
4,6,0,-2,57,49,0
4,7,0,-2,59,48,0
5,6,0,-2,109,50,0
5,7,0,-2,109,49,0
6,7,0,-2,108,49,0
--- ---VERSION
offset,limit,count-ms,lookup-mus,results
0,-2,62,137,1
---PATTERN START: http://www.w3.org/2006/vcard/ns#locality  http://www.w3.org/2006/vcard/ns#Address .
--- ---VERSION MATERIALIZED
patch,offset,limit,count-ms,lookup-mus,results
4,0,-2,11,8,1
5,0,-2,156,146,1
6,0,-2,65,114,1
7,0,-2,66,125,1
3,0,-2,158,187,1
2,0,-2,76,147,1
1,0,-2,75,157,1
0,0,-2,75,146,1
--- ---DELTA MATERIALIZED
patch_start,patch_end,offset,limit,count-ms,lookup-mus,results
0,1,0,-2,136,64,0
0,2,0,-2,136,61,0
0,3,0,-2,137,62,0
0,4,0,-2,71,61,0
0,5,0,-2,127,104,0
0,6,0,-2,126,105,0
0,7,0,-2,129,104,0
1,2,0,-2,136,62,0
1,3,0,-2,135,61,0
1,4,0,-2,70,61,0
1,5,0,-2,129,105,0
1,6,0,-2,126,104,0
1,7,0,-2,127,104,0
2,3,0,-2,136,63,0
2,4,0,-2,70,62,0
2,5,0,-2,126,104,0
2,6,0,-2,127,104,0
2,7,0,-2,127,107,0
3,4,0,-2,71,62,0
3,5,0,-2,127,104,0
3,6,0,-2,126,104,0
3,7,0,-2,127,107,0
4,5,0,-2,60,46,0
4,6,0,-2,59,47,0
4,7,0,-2,60,49,0
5,6,0,-2,119,49,0
5,7,0,-2,120,49,0
6,7,0,-2,121,49,0
--- ---VERSION
offset,limit,count-ms,lookup-mus,results
0,-2,76,119,1
---PATTERN START: http://www.gazettes-online.co.uk/ontology/organisation#HighwaysAgency  http://www.gazettes-online.co.uk/ontology/authority#Authority .
--- ---VERSION MATERIALIZED
patch,offset,limit,count-ms,lookup-mus,results
4,0,-2,10,6,1
5,0,-2,165,151,1
6,0,-2,75,107,1
7,0,-2,74,105,1
3,0,-2,148,144,1
2,0,-2,73,112,1
1,0,-2,73,112,1
0,0,-2,74,111,1
--- ---DELTA MATERIALIZED
patch_start,patch_end,offset,limit,count-ms,lookup-mus,results
0,1,0,-2,134,56,0
0,2,0,-2,136,54,0
0,3,0,-2,133,54,0
0,4,0,-2,69,53,0
0,5,0,-2,136,104,0
0,6,0,-2,136,106,0
0,7,0,-2,137,103,0
1,2,0,-2,135,55,0
1,3,0,-2,133,54,0
1,4,0,-2,69,54,0
1,5,0,-2,137,104,0
1,6,0,-2,136,103,0
1,7,0,-2,137,104,0
2,3,0,-2,138,54,0
2,4,0,-2,70,53,0
2,5,0,-2,135,104,0
2,6,0,-2,137,103,0
2,7,0,-2,138,103,0
3,4,0,-2,70,55,0
3,5,0,-2,137,104,0
3,6,0,-2,136,105,0
3,7,0,-2,136,103,0
4,5,0,-2,70,52,0
4,6,0,-2,70,52,0
4,7,0,-2,70,52,0
5,6,0,-2,135,52,0
5,7,0,-2,133,52,0
6,7,0,-2,133,52,0
--- ---VERSION
offset,limit,count-ms,lookup-mus,results
0,-2,71,96,1
---PATTERN START: http://www.gazettes-online.co.uk/ontology/organisation#DepartmentForTransport  http://www.gazettes-online.co.uk/ontology/authority#Authority .
--- ---VERSION MATERIALIZED
patch,offset,limit,count-ms,lookup-mus,results
4,0,-2,10,7,1
5,0,-2,167,148,1
6,0,-2,76,120,1
7,0,-2,81,113,1
3,0,-2,155,155,1
2,0,-2,78,123,1
1,0,-2,80,122,1
0,0,-2,77,122,1
--- ---DELTA MATERIALIZED
patch_start,patch_end,offset,limit,count-ms,lookup-mus,results
0,1,0,-2,143,59,0
0,2,0,-2,142,57,0
0,3,0,-2,143,57,0
0,4,0,-2,74,57,0
0,5,0,-2,143,110,0
0,6,0,-2,144,110,0
0,7,0,-2,144,109,0
1,2,0,-2,144,57,0
1,3,0,-2,142,57,0
1,4,0,-2,73,56,0
1,5,0,-2,144,110,0
1,6,0,-2,142,109,0
1,7,0,-2,143,109,0
2,3,0,-2,145,57,0
2,4,0,-2,74,57,0
2,5,0,-2,143,109,0
2,6,0,-2,142,110,0
2,7,0,-2,143,109,0
3,4,0,-2,74,57,0
3,5,0,-2,143,109,0
3,6,0,-2,143,111,0
3,7,0,-2,143,108,0
4,5,0,-2,72,54,0
4,6,0,-2,72,53,0
4,7,0,-2,72,54,0
5,6,0,-2,140,54,0
5,7,0,-2,138,54,0
6,7,0,-2,138,54,0
--- ---VERSION
offset,limit,count-ms,lookup-mus,results
0,-2,74,105,1
---PATTERN START: http://lod.geospecies.org/families/cKk8w  http://lod.geospecies.org/bioclasses/aEbRZ .
--- ---VERSION MATERIALIZED
patch,offset,limit,count-ms,lookup-mus,results
4,0,-2,22,14,1
5,0,-2,157,168,1
6,0,-2,64,131,1
7,0,-2,67,123,1
3,0,-2,136,151,1
2,0,-2,56,110,1
1,0,-2,57,113,1
0,0,-2,57,110,1
--- ---DELTA MATERIALIZED
patch_start,patch_end,offset,limit,count-ms,lookup-mus,results
0,1,0,-2,92,45,0
0,2,0,-2,92,43,0
0,3,0,-2,91,43,0
0,4,0,-2,48,42,0
0,5,0,-2,102,87,0
0,6,0,-2,98,87,0
0,7,0,-2,98,86,0
1,2,0,-2,89,43,0
1,3,0,-2,90,43,0
1,4,0,-2,51,43,0
1,5,0,-2,101,87,0
1,6,0,-2,98,86,0
1,7,0,-2,98,86,0
2,3,0,-2,90,43,0
2,4,0,-2,49,43,0
2,5,0,-2,101,88,0
2,6,0,-2,98,86,0
2,7,0,-2,98,87,0
3,4,0,-2,47,42,0
3,5,0,-2,100,86,0
3,6,0,-2,98,86,0
3,7,0,-2,98,87,0
4,5,0,-2,54,47,0
4,6,0,-2,54,47,0
4,7,0,-2,55,49,0
5,6,0,-2,106,48,0
5,7,0,-2,105,48,0
6,7,0,-2,105,47,0
--- ---VERSION
offset,limit,count-ms,lookup-mus,results
0,-2,66,98,1
---PATTERN START: http://aabs.wordpress.com/category/semanticweb/rdf  http://www.w3.org/RDF/ .
--- ---VERSION MATERIALIZED
patch,offset,limit,count-ms,lookup-mus,results
4,0,-2,7,8,1
5,0,-2,184,161,1
6,0,-2,86,142,1
7,0,-2,84,141,1
3,0,-2,178,171,1
2,0,-2,83,148,1
1,0,-2,83,147,1
0,0,-2,84,150,1
--- ---DELTA MATERIALIZED
patch_start,patch_end,offset,limit,count-ms,lookup-mus,results
0,1,0,-2,151,71,0
0,2,0,-2,150,68,0
0,3,0,-2,151,70,0
0,4,0,-2,78,67,0
0,5,0,-2,155,137,0
0,6,0,-2,153,142,0
0,7,0,-2,160,150,0
1,2,0,-2,157,72,0
1,3,0,-2,163,74,0
1,4,0,-2,83,75,0
1,5,0,-2,166,137,0
1,6,0,-2,153,137,0
1,7,0,-2,155,135,0
2,3,0,-2,148,68,0
2,4,0,-2,77,67,0
2,5,0,-2,153,138,0
2,6,0,-2,153,135,0
2,7,0,-2,152,136,0
3,4,0,-2,76,66,0
3,5,0,-2,154,137,0
3,6,0,-2,153,135,0
3,7,0,-2,153,139,0
4,5,0,-2,79,70,0
4,6,0,-2,79,70,0
4,7,0,-2,78,70,0
5,6,0,-2,151,71,0
5,7,0,-2,153,71,0
6,7,0,-2,152,71,0
--- ---VERSION
offset,limit,count-ms,lookup-mus,results
0,-2,85,133,1
---PATTERN START: http://www.gazettes-online.co.uk/ontology/organisation#BERR  http://www.gazettes-online.co.uk/ontology/authority#Authority .
--- ---VERSION MATERIALIZED
patch,offset,limit,count-ms,lookup-mus,results
4,0,-2,11,6,1
5,0,-2,176,191,1
6,0,-2,79,154,1
7,0,-2,79,163,1
3,0,-2,153,185,1
2,0,-2,74,150,1
1,0,-2,73,153,1
0,0,-2,73,150,1
--- ---DELTA MATERIALIZED
patch_start,patch_end,offset,limit,count-ms,lookup-mus,results
0,1,0,-2,134,56,0
0,2,0,-2,133,53,0
0,3,0,-2,133,54,0
0,4,0,-2,69,53,0
0,5,0,-2,139,105,0
0,6,0,-2,139,107,0
0,7,0,-2,142,106,0
1,2,0,-2,135,54,0
1,3,0,-2,133,54,0
1,4,0,-2,69,53,0
1,5,0,-2,139,108,0
1,6,0,-2,138,105,0
1,7,0,-2,139,105,0
2,3,0,-2,134,54,0
2,4,0,-2,71,53,0
2,5,0,-2,138,106,0
2,6,0,-2,139,105,0
2,7,0,-2,140,108,0
3,4,0,-2,70,54,0
3,5,0,-2,139,106,0
3,6,0,-2,138,106,0
3,7,0,-2,140,105,0
4,5,0,-2,73,54,0
4,6,0,-2,73,53,0
4,7,0,-2,73,53,0
5,6,0,-2,139,55,0
5,7,0,-2,141,54,0
6,7,0,-2,139,54,0
--- ---VERSION
offset,limit,count-ms,lookup-mus,results
0,-2,70,139,1
---PATTERN START: http://www.gazettes-online.co.uk/ontology#isAuthoriserFor  http://www.gazettes-online.co.uk/ontology#Authoriser .
--- ---VERSION MATERIALIZED
patch,offset,limit,count-ms,lookup-mus,results
4,0,-2,10,9,1
5,0,-2,180,170,1
6,0,-2,85,133,1
7,0,-2,92,136,1
3,0,-2,137,154,1
2,0,-2,61,119,1
1,0,-2,62,121,1
0,0,-2,62,120,1
--- ---DELTA MATERIALIZED
patch_start,patch_end,offset,limit,count-ms,lookup-mus,results
0,1,0,-2,109,51,0
0,2,0,-2,108,48,0
0,3,0,-2,109,49,0
0,4,0,-2,56,49,0
0,5,0,-2,133,113,0
0,6,0,-2,132,111,0
0,7,0,-2,132,112,0
1,2,0,-2,111,48,0
1,3,0,-2,109,48,0
1,4,0,-2,57,47,0
1,5,0,-2,133,112,0
1,6,0,-2,132,113,0
1,7,0,-2,131,112,0
2,3,0,-2,109,48,0
2,4,0,-2,56,47,0
2,5,0,-2,132,113,0
2,6,0,-2,132,111,0
2,7,0,-2,131,111,0
3,4,0,-2,57,47,0
3,5,0,-2,134,113,0
3,6,0,-2,132,111,0
3,7,0,-2,132,113,0
4,5,0,-2,80,66,0
4,6,0,-2,80,66,0
4,7,0,-2,79,66,0
5,6,0,-2,153,67,0
5,7,0,-2,152,67,0
6,7,0,-2,153,66,0
--- ---VERSION
offset,limit,count-ms,lookup-mus,results
0,-2,78,109,1
---PATTERN START: http://id.crossref.org/issn/1541-1672  http://purl.org/ontology/bibo/Journal .
--- ---VERSION MATERIALIZED
patch,offset,limit,count-ms,lookup-mus,results
4,0,-2,11,7,1
5,0,-2,130,104,1
6,0,-2,41,72,1
7,0,-2,42,73,1
3,0,-2,133,124,1
2,0,-2,54,97,1
1,0,-2,54,86,1
0,0,-2,53,86,1
--- ---DELTA MATERIALIZED
patch_start,patch_end,offset,limit,count-ms,lookup-mus,results
0,1,0,-2,92,44,0
0,2,0,-2,92,42,0
0,3,0,-2,92,42,0
0,4,0,-2,50,41,0
0,5,0,-2,80,69,0
0,6,0,-2,80,68,0
0,7,0,-2,79,68,0
1,2,0,-2,92,42,0
1,3,0,-2,92,42,0
1,4,0,-2,50,41,0
1,5,0,-2,80,68,0
1,6,0,-2,79,68,0
1,7,0,-2,79,68,0
2,3,0,-2,91,41,0
2,4,0,-2,48,41,0
2,5,0,-2,82,69,0
2,6,0,-2,80,68,0
2,7,0,-2,79,68,0
3,4,0,-2,48,41,0
3,5,0,-2,79,68,0
3,6,0,-2,79,69,0
3,7,0,-2,79,68,0
4,5,0,-2,35,29,0
4,6,0,-2,35,29,0
4,7,0,-2,35,29,0
5,6,0,-2,64,31,0
5,7,0,-2,64,30,0
6,7,0,-2,65,30,0
--- ---VERSION
offset,limit,count-ms,lookup-mus,results
0,-2,50,70,1
---PATTERN START: http://www.gazettes-online.co.uk/ontology/authority#hasAuthorised  http://www.gazettes-online.co.uk/ontology/authority#Authority .
--- ---VERSION MATERIALIZED
patch,offset,limit,count-ms,lookup-mus,results
4,0,-2,20,7,1
5,0,-2,166,156,1
6,0,-2,76,129,1
7,0,-2,75,120,1
3,0,-2,149,157,1
2,0,-2,74,128,1
1,0,-2,81,124,1
0,0,-2,74,124,1
--- ---DELTA MATERIALIZED
patch_start,patch_end,offset,limit,count-ms,lookup-mus,results
0,1,0,-2,134,55,0
0,2,0,-2,133,53,0
0,3,0,-2,135,53,0
0,4,0,-2,69,52,0
0,5,0,-2,136,103,0
0,6,0,-2,136,104,0
0,7,0,-2,137,103,0
1,2,0,-2,135,53,0
1,3,0,-2,134,53,0
1,4,0,-2,69,53,0
1,5,0,-2,138,103,0
1,6,0,-2,136,103,0
1,7,0,-2,136,103,0
2,3,0,-2,140,58,0
2,4,0,-2,70,53,0
2,5,0,-2,135,104,0
2,6,0,-2,136,103,0
2,7,0,-2,137,104,0
3,4,0,-2,71,54,0
3,5,0,-2,138,102,0
3,6,0,-2,137,103,0
3,7,0,-2,140,104,0
4,5,0,-2,70,52,0
4,6,0,-2,70,51,0
4,7,0,-2,70,51,0
5,6,0,-2,134,52,0
5,7,0,-2,142,51,0
6,7,0,-2,133,51,0
--- ---VERSION
offset,limit,count-ms,lookup-mus,results
0,-2,70,98,1
---PATTERN START: http://www.gazettes-online.co.uk/ontology/organisation#EnvironmentAgency  http://www.gazettes-online.co.uk/ontology/authority#Authority .
--- ---VERSION MATERIALIZED
patch,offset,limit,count-ms,lookup-mus,results
4,0,-2,10,6,1
5,0,-2,170,199,1
6,0,-2,80,174,1
7,0,-2,79,160,1
3,0,-2,152,192,1
2,0,-2,75,168,1
1,0,-2,75,157,1
0,0,-2,74,157,1
--- ---DELTA MATERIALIZED
patch_start,patch_end,offset,limit,count-ms,lookup-mus,results
0,1,0,-2,137,67,0
0,2,0,-2,151,56,0
0,3,0,-2,136,55,0
0,4,0,-2,72,55,0
0,5,0,-2,143,113,0
0,6,0,-2,144,110,0
0,7,0,-2,143,109,0
1,2,0,-2,139,56,0
1,3,0,-2,138,56,0
1,4,0,-2,72,56,0
1,5,0,-2,142,109,0
1,6,0,-2,143,109,0
1,7,0,-2,146,109,0
2,3,0,-2,139,56,0
2,4,0,-2,71,55,0
2,5,0,-2,142,111,0
2,6,0,-2,143,109,0
2,7,0,-2,143,109,0
3,4,0,-2,72,56,0
3,5,0,-2,144,110,0
3,6,0,-2,143,109,0
3,7,0,-2,143,109,0
4,5,0,-2,75,56,0
4,6,0,-2,77,55,0
4,7,0,-2,75,56,0
5,6,0,-2,143,55,0
5,7,0,-2,142,56,0
6,7,0,-2,143,56,0
--- ---VERSION
offset,limit,count-ms,lookup-mus,results
0,-2,72,150,1
---PATTERN START: http://www.gazettes-online.co.uk/ontology#hasIssueNumber  http://www.gazettes-online.co.uk/ontology#Issue .
--- ---VERSION MATERIALIZED
patch,offset,limit,count-ms,lookup-mus,results
4,0,-2,9,7,1
5,0,-2,170,164,1
6,0,-2,75,130,1
7,0,-2,78,122,1
3,0,-2,159,168,1
2,0,-2,72,130,1
1,0,-2,73,129,1
0,0,-2,71,129,1
--- ---DELTA MATERIALIZED
patch_start,patch_end,offset,limit,count-ms,lookup-mus,results
0,1,0,-2,127,58,0
0,2,0,-2,129,52,0
0,3,0,-2,128,52,0
0,4,0,-2,66,52,0
0,5,0,-2,133,109,0
0,6,0,-2,131,111,0
0,7,0,-2,133,109,0
1,2,0,-2,127,52,0
1,3,0,-2,127,52,0
1,4,0,-2,66,52,0
1,5,0,-2,135,111,0
1,6,0,-2,132,109,0
1,7,0,-2,131,109,0
2,3,0,-2,127,86,0
2,4,0,-2,67,51,0
2,5,0,-2,143,110,0
2,6,0,-2,133,109,0
2,7,0,-2,134,110,0
3,4,0,-2,67,51,0
3,5,0,-2,132,110,0
3,6,0,-2,132,109,0
3,7,0,-2,134,109,0
4,5,0,-2,70,59,0
4,6,0,-2,69,59,0
4,7,0,-2,69,60,0
5,6,0,-2,134,60,0
5,7,0,-2,135,60,0
6,7,0,-2,134,60,0
--- ---VERSION
offset,limit,count-ms,lookup-mus,results
0,-2,67,106,1
---PATTERN START: http://lod.geospecies.org/families/gSvIP  http://lod.geospecies.org/bioclasses/aEbRZ .
--- ---VERSION MATERIALIZED
patch,offset,limit,count-ms,lookup-mus,results
4,0,-2,13,15,1
5,0,-2,156,168,1
6,0,-2,64,138,1
7,0,-2,63,128,1
3,0,-2,136,158,1
2,0,-2,56,119,1
1,0,-2,59,120,1
0,0,-2,57,119,1
--- ---DELTA MATERIALIZED
patch_start,patch_end,offset,limit,count-ms,lookup-mus,results
0,1,0,-2,95,47,0
0,2,0,-2,95,45,0
0,3,0,-2,95,44,0
0,4,0,-2,53,45,0
0,5,0,-2,104,90,0
0,6,0,-2,100,88,0
0,7,0,-2,101,89,0
1,2,0,-2,93,46,0
1,3,0,-2,94,45,0
1,4,0,-2,50,44,0
1,5,0,-2,103,89,0
1,6,0,-2,101,88,0
1,7,0,-2,101,90,0
2,3,0,-2,93,45,0
2,4,0,-2,49,44,0
2,5,0,-2,103,90,0
2,6,0,-2,101,88,0
2,7,0,-2,101,91,0
3,4,0,-2,49,43,0
3,5,0,-2,102,90,0
3,6,0,-2,101,89,0
3,7,0,-2,101,89,0
4,5,0,-2,56,49,0
4,6,0,-2,56,48,0
4,7,0,-2,56,48,0
5,6,0,-2,108,50,0
5,7,0,-2,108,50,0
6,7,0,-2,107,49,0
--- ---VERSION
offset,limit,count-ms,lookup-mus,results
0,-2,64,104,1
---PATTERN START: http://www.gazettes-online.co.uk/ontology#hasAuthoriser  http://www.gazettes-online.co.uk/ontology#Authoriser .
--- ---VERSION MATERIALIZED
patch,offset,limit,count-ms,lookup-mus,results
4,0,-2,11,8,1
5,0,-2,178,175,1
6,0,-2,88,132,1
7,0,-2,83,132,1
3,0,-2,133,152,1
2,0,-2,66,120,1
1,0,-2,60,118,1
0,0,-2,61,119,1
--- ---DELTA MATERIALIZED
patch_start,patch_end,offset,limit,count-ms,lookup-mus,results
0,1,0,-2,106,50,0
0,2,0,-2,106,48,0
0,3,0,-2,105,47,0
0,4,0,-2,55,46,0
0,5,0,-2,128,109,0
0,6,0,-2,128,108,0
0,7,0,-2,130,109,0
1,2,0,-2,106,47,0
1,3,0,-2,105,46,0
1,4,0,-2,54,45,0
1,5,0,-2,127,110,0
1,6,0,-2,128,108,0
1,7,0,-2,128,108,0
2,3,0,-2,106,46,0
2,4,0,-2,55,45,0
2,5,0,-2,144,108,0
2,6,0,-2,128,108,0
2,7,0,-2,128,109,0
3,4,0,-2,55,48,0
3,5,0,-2,128,107,0
3,6,0,-2,128,108,0
3,7,0,-2,127,109,0
4,5,0,-2,78,64,0
4,6,0,-2,77,63,0
4,7,0,-2,76,63,0
5,6,0,-2,147,64,0
5,7,0,-2,147,65,0
6,7,0,-2,147,64,0
--- ---VERSION
offset,limit,count-ms,lookup-mus,results
0,-2,76,108,1
---PATTERN START: http://www.london-gazette.co.uk/issues/59417/notices/1116592/page.htm  http://www.london-gazette.co.uk/Styles/gazettes.css .
--- ---VERSION MATERIALIZED
patch,offset,limit,count-ms,lookup-mus,results
4,0,-2,10,6,1
5,0,-2,183,204,1
6,0,-2,88,162,1
7,0,-2,87,168,1
3,0,-2,166,185,1
2,0,-2,80,151,1
1,0,-2,80,153,1
0,0,-2,80,150,1
--- ---DELTA MATERIALIZED
patch_start,patch_end,offset,limit,count-ms,lookup-mus,results
0,1,0,-2,151,73,0
0,2,0,-2,146,67,0
0,3,0,-2,148,67,0
0,4,0,-2,76,66,0
0,5,0,-2,156,135,0
0,6,0,-2,155,135,0
0,7,0,-2,155,133,0
1,2,0,-2,147,66,0
1,3,0,-2,146,66,0
1,4,0,-2,78,65,0
1,5,0,-2,155,134,0
1,6,0,-2,155,133,0
1,7,0,-2,156,134,0
2,3,0,-2,147,67,0
2,4,0,-2,75,66,0
2,5,0,-2,154,134,0
2,6,0,-2,155,133,0
2,7,0,-2,155,133,0
3,4,0,-2,77,68,0
3,5,0,-2,155,133,0
3,6,0,-2,155,133,0
3,7,0,-2,155,135,0
4,5,0,-2,82,69,0
4,6,0,-2,82,69,0
4,7,0,-2,82,69,0
5,6,0,-2,158,70,0
5,7,0,-2,160,70,0
6,7,0,-2,158,70,0
--- ---VERSION
offset,limit,count-ms,lookup-mus,results
0,-2,90,147,1
---PATTERN START: http://example.org/bnode/httpx3Ax2Fx2Fcoursewarex2Erkbex78plorerx2Ecomx2Fontologiesx2Fcoursewarexxbnode3  http://www.w3.org/2002/07/owl#DataRange .
--- ---VERSION MATERIALIZED
patch,offset,limit,count-ms,lookup-mus,results
4,0,-2,9,7,1
5,0,-2,142,167,1
6,0,-2,65,122,1
7,0,-2,62,134,1
3,0,-2,143,144,1
2,0,-2,61,101,1
1,0,-2,61,103,1
0,0,-2,63,102,1
--- ---DELTA MATERIALIZED
patch_start,patch_end,offset,limit,count-ms,lookup-mus,results
0,1,0,-2,110,48,0
0,2,0,-2,109,46,0
0,3,0,-2,109,46,0
0,4,0,-2,58,46,0
0,5,0,-2,109,85,0
0,6,0,-2,108,86,0
0,7,0,-2,109,86,0
1,2,0,-2,109,45,0
1,3,0,-2,108,45,0
1,4,0,-2,57,45,0
1,5,0,-2,108,86,0
1,6,0,-2,107,85,0
1,7,0,-2,109,85,0
2,3,0,-2,110,46,0
2,4,0,-2,57,46,0
2,5,0,-2,108,91,0
2,6,0,-2,110,90,0
2,7,0,-2,113,91,0
3,4,0,-2,59,48,0
3,5,0,-2,112,90,0
3,6,0,-2,108,89,0
3,7,0,-2,109,90,0
4,5,0,-2,56,44,0
4,6,0,-2,58,43,0
4,7,0,-2,57,43,0
5,6,0,-2,109,44,0
5,7,0,-2,106,43,0
6,7,0,-2,109,45,0
--- ---VERSION
offset,limit,count-ms,lookup-mus,results
0,-2,67,110,1
---PATTERN START: http://www.gazettes-online.co.uk/ontology#hasAuthority  http://www.gazettes-online.co.uk/ontology/authority#Authority .
--- ---VERSION MATERIALIZED
patch,offset,limit,count-ms,lookup-mus,results
4,0,-2,11,7,1
5,0,-2,167,199,1
6,0,-2,77,150,1
7,0,-2,77,151,1
3,0,-2,149,193,1
2,0,-2,74,151,1
1,0,-2,72,150,1
0,0,-2,72,153,1
--- ---DELTA MATERIALIZED
patch_start,patch_end,offset,limit,count-ms,lookup-mus,results
0,1,0,-2,129,54,0
0,2,0,-2,130,52,0
0,3,0,-2,128,52,0
0,4,0,-2,67,51,0
0,5,0,-2,136,102,0
0,6,0,-2,135,103,0
0,7,0,-2,135,101,0
1,2,0,-2,131,57,0
1,3,0,-2,132,52,0
1,4,0,-2,67,51,0
1,5,0,-2,134,102,0
1,6,0,-2,135,104,0
1,7,0,-2,135,101,0
2,3,0,-2,131,52,0
2,4,0,-2,68,51,0
2,5,0,-2,135,103,0
2,6,0,-2,136,101,0
2,7,0,-2,136,101,0
3,4,0,-2,67,52,0
3,5,0,-2,135,103,0
3,6,0,-2,134,101,0
3,7,0,-2,135,101,0
4,5,0,-2,71,52,0
4,6,0,-2,71,52,0
4,7,0,-2,73,53,0
5,6,0,-2,136,53,0
5,7,0,-2,136,52,0
6,7,0,-2,135,52,0
--- ---VERSION
offset,limit,count-ms,lookup-mus,results
0,-2,69,129,1
---PATTERN START: http://lod.geospecies.org/phyla/Ac1  http://lod.geospecies.org/bioclasses/9JpKF .
--- ---VERSION MATERIALIZED
patch,offset,limit,count-ms,lookup-mus,results
4,0,-2,16,15,1
5,0,-2,149,159,1
6,0,-2,67,121,1
7,0,-2,60,119,1
3,0,-2,141,154,1
2,0,-2,61,114,1
1,0,-2,60,112,1
0,0,-2,59,112,1
--- ---DELTA MATERIALIZED
patch_start,patch_end,offset,limit,count-ms,lookup-mus,results
0,1,0,-2,93,45,0
0,2,0,-2,94,43,0
0,3,0,-2,93,44,0
0,4,0,-2,49,42,0
0,5,0,-2,93,80,0
0,6,0,-2,92,80,0
0,7,0,-2,92,78,0
1,2,0,-2,94,42,0
1,3,0,-2,94,42,0
1,4,0,-2,49,42,0
1,5,0,-2,92,79,0
1,6,0,-2,92,79,0
1,7,0,-2,92,78,0
2,3,0,-2,95,42,0
2,4,0,-2,49,42,0
2,5,0,-2,93,79,0
2,6,0,-2,93,79,0
2,7,0,-2,93,78,0
3,4,0,-2,49,41,0
3,5,0,-2,96,79,0
3,6,0,-2,92,78,0
3,7,0,-2,92,79,0
4,5,0,-2,46,39,0
4,6,0,-2,46,39,0
4,7,0,-2,47,40,0
5,6,0,-2,89,40,0
5,7,0,-2,88,40,0
6,7,0,-2,87,40,0
--- ---VERSION
offset,limit,count-ms,lookup-mus,results
0,-2,58,90,1
---PATTERN START: http://www.gazettes-online.co.uk/ontology#hasAuthorisingRole  http://www.gazettes-online.co.uk/ontology#Authoriser .
--- ---VERSION MATERIALIZED
patch,offset,limit,count-ms,lookup-mus,results
4,0,-2,10,7,1
5,0,-2,182,211,1
6,0,-2,89,164,1
7,0,-2,89,162,1
3,0,-2,143,182,1
2,0,-2,70,145,1
1,0,-2,69,144,1
0,0,-2,69,145,1
--- ---DELTA MATERIALIZED
patch_start,patch_end,offset,limit,count-ms,lookup-mus,results
0,1,0,-2,126,58,0
0,2,0,-2,123,56,0
0,3,0,-2,123,55,0
0,4,0,-2,64,54,0
0,5,0,-2,144,125,0
0,6,0,-2,143,122,0
0,7,0,-2,144,122,0
1,2,0,-2,123,57,0
1,3,0,-2,122,54,0
1,4,0,-2,64,54,0
1,5,0,-2,144,122,0
1,6,0,-2,144,123,0
1,7,0,-2,143,122,0
2,3,0,-2,122,54,0
2,4,0,-2,64,54,0
2,5,0,-2,143,123,0
2,6,0,-2,143,121,0
2,7,0,-2,143,121,0
3,4,0,-2,64,54,0
3,5,0,-2,147,122,0
3,6,0,-2,144,122,0
3,7,0,-2,143,123,0
4,5,0,-2,84,70,0
4,6,0,-2,82,69,0
4,7,0,-2,83,69,0
5,6,0,-2,160,70,0
5,7,0,-2,161,70,0
6,7,0,-2,160,69,0
--- ---VERSION
offset,limit,count-ms,lookup-mus,results
0,-2,80,135,1
---PATTERN START: http://id.loc.gov/vocabulary/relators/trl  http://purl.org/dc/elements/1.1/contributor .
--- ---VERSION MATERIALIZED
patch,offset,limit,count-ms,lookup-mus,results
4,0,-2,12,12,1
5,0,-2,134,145,1
6,0,-2,47,99,1
7,0,-2,45,97,1
3,0,-2,136,137,1
2,0,-2,50,101,1
1,0,-2,50,99,1
0,0,-2,49,99,1
--- ---DELTA MATERIALIZED
patch_start,patch_end,offset,limit,count-ms,lookup-mus,results
0,1,0,-2,81,37,0
0,2,0,-2,81,35,0
0,3,0,-2,81,35,0
0,4,0,-2,43,35,0
0,5,0,-2,78,60,0
0,6,0,-2,77,60,0
0,7,0,-2,76,59,0
1,2,0,-2,80,35,0
1,3,0,-2,81,35,0
1,4,0,-2,42,34,0
1,5,0,-2,77,62,0
1,6,0,-2,77,59,0
1,7,0,-2,76,59,0
2,3,0,-2,80,35,0
2,4,0,-2,42,35,0
2,5,0,-2,77,60,0
2,6,0,-2,77,59,0
2,7,0,-2,77,59,0
3,4,0,-2,43,35,0
3,5,0,-2,77,61,0
3,6,0,-2,77,59,0
3,7,0,-2,76,59,0
4,5,0,-2,37,28,0
4,6,0,-2,38,27,0
4,7,0,-2,38,29,0
5,6,0,-2,70,28,0
5,7,0,-2,69,28,0
6,7,0,-2,70,28,0
--- ---VERSION
offset,limit,count-ms,lookup-mus,results
0,-2,46,82,1
---PATTERN START: http://www.loa-cnr.it/ontologies/DUL.owl#Concept  http://www.loa-cnr.it/ontologies/DUL.owl#Situation .
--- ---VERSION MATERIALIZED
patch,offset,limit,count-ms,lookup-mus,results
4,0,-2,11,8,1
5,0,-2,142,131,1
6,0,-2,57,90,1
7,0,-2,56,100,1
3,0,-2,127,122,1
2,0,-2,51,92,1
1,0,-2,51,93,1
0,0,-2,52,91,1
--- ---DELTA MATERIALIZED
patch_start,patch_end,offset,limit,count-ms,lookup-mus,results
0,1,0,-2,89,42,0
0,2,0,-2,86,39,0
0,3,0,-2,85,40,0
0,4,0,-2,45,39,0
0,5,0,-2,93,79,0
0,6,0,-2,92,78,0
0,7,0,-2,94,78,0
1,2,0,-2,86,40,0
1,3,0,-2,85,40,0
1,4,0,-2,45,39,0
1,5,0,-2,92,79,0
1,6,0,-2,92,80,0
1,7,0,-2,92,78,0
2,3,0,-2,86,39,0
2,4,0,-2,45,40,0
2,5,0,-2,92,78,0
2,6,0,-2,92,80,0
2,7,0,-2,92,80,0
3,4,0,-2,45,39,0
3,5,0,-2,92,78,0
3,6,0,-2,92,78,0
3,7,0,-2,92,79,0
4,5,0,-2,51,41,0
4,6,0,-2,50,41,0
4,7,0,-2,50,41,0
5,6,0,-2,94,42,0
5,7,0,-2,94,42,0
6,7,0,-2,95,43,0
--- ---VERSION
offset,limit,count-ms,lookup-mus,results
0,-2,57,82,1
---PATTERN START: http://lod.geospecies.org/families/2lKGZ  http://lod.geospecies.org/bioclasses/9JpKF .
--- ---VERSION MATERIALIZED
patch,offset,limit,count-ms,lookup-mus,results
4,0,-2,13,14,1
5,0,-2,149,163,1
6,0,-2,59,123,1
7,0,-2,62,117,1
3,0,-2,143,159,1
2,0,-2,60,116,1
1,0,-2,60,119,1
0,0,-2,60,115,1
--- ---DELTA MATERIALIZED
patch_start,patch_end,offset,limit,count-ms,lookup-mus,results
0,1,0,-2,101,48,0
0,2,0,-2,101,46,0
0,3,0,-2,101,45,0
0,4,0,-2,53,46,0
0,5,0,-2,99,86,0
0,6,0,-2,99,85,0
0,7,0,-2,99,85,0
1,2,0,-2,101,46,0
1,3,0,-2,102,45,0
1,4,0,-2,53,45,0
1,5,0,-2,99,85,0
1,6,0,-2,99,84,0
1,7,0,-2,99,84,0
2,3,0,-2,104,46,0
2,4,0,-2,53,45,0
2,5,0,-2,98,85,0
2,6,0,-2,98,85,0
2,7,0,-2,99,84,0
3,4,0,-2,53,46,0
3,5,0,-2,100,85,0
3,6,0,-2,99,88,0
3,7,0,-2,100,86,0
4,5,0,-2,51,42,0
4,6,0,-2,51,44,0
4,7,0,-2,50,43,0
5,6,0,-2,96,43,0
5,7,0,-2,96,44,0
6,7,0,-2,95,45,0
--- ---VERSION
offset,limit,count-ms,lookup-mus,results
0,-2,60,97,1
---PATTERN START: http://www.w3.org/2006/vcard/ns#region  http://www.w3.org/2006/vcard/ns#Address .
--- ---VERSION MATERIALIZED
patch,offset,limit,count-ms,lookup-mus,results
4,0,-2,10,7,1
5,0,-2,166,136,1
6,0,-2,63,103,1
7,0,-2,62,103,1
3,0,-2,154,177,1
2,0,-2,72,124,1
1,0,-2,73,124,1
0,0,-2,71,124,1
--- ---DELTA MATERIALIZED
patch_start,patch_end,offset,limit,count-ms,lookup-mus,results
0,1,0,-2,135,64,0
0,2,0,-2,129,58,0
0,3,0,-2,128,59,0
0,4,0,-2,68,59,0
0,5,0,-2,121,101,0
0,6,0,-2,122,100,0
0,7,0,-2,121,100,0
1,2,0,-2,130,59,0
1,3,0,-2,130,61,0
1,4,0,-2,68,58,0
1,5,0,-2,122,101,0
1,6,0,-2,123,100,0
1,7,0,-2,122,109,0
2,3,0,-2,129,59,0
2,4,0,-2,67,59,0
2,5,0,-2,121,99,0
2,6,0,-2,121,100,0
2,7,0,-2,121,101,0
3,4,0,-2,67,59,0
3,5,0,-2,122,99,0
3,6,0,-2,121,102,0
3,7,0,-2,121,101,0
4,5,0,-2,59,45,0
4,6,0,-2,58,47,0
4,7,0,-2,59,47,0
5,6,0,-2,116,47,0
5,7,0,-2,124,47,0
6,7,0,-2,116,47,0
--- ---VERSION
offset,limit,count-ms,lookup-mus,results
0,-2,72,105,1
---PATTERN START: http://id.crossref.org/issn/1570-8268  http://purl.org/ontology/bibo/Journal .
--- ---VERSION MATERIALIZED
patch,offset,limit,count-ms,lookup-mus,results
4,0,-2,11,8,1
5,0,-2,135,106,1
6,0,-2,40,74,1
7,0,-2,42,75,1
3,0,-2,139,133,1
2,0,-2,72,96,1
1,0,-2,61,95,1
0,0,-2,62,96,1
--- ---DELTA MATERIALIZED
patch_start,patch_end,offset,limit,count-ms,lookup-mus,results
0,1,0,-2,107,50,0
0,2,0,-2,106,49,0
0,3,0,-2,106,48,0
0,4,0,-2,56,47,0
0,5,0,-2,87,75,0
0,6,0,-2,87,75,0
0,7,0,-2,87,74,0
1,2,0,-2,108,48,0
1,3,0,-2,105,48,0
1,4,0,-2,55,47,0
1,5,0,-2,87,75,0
1,6,0,-2,86,76,0
1,7,0,-2,88,78,0
2,3,0,-2,106,48,0
2,4,0,-2,56,48,0
2,5,0,-2,88,76,0
2,6,0,-2,87,77,0
2,7,0,-2,87,78,0
3,4,0,-2,55,48,0
3,5,0,-2,87,76,0
3,6,0,-2,86,77,0
3,7,0,-2,87,76,0
4,5,0,-2,35,30,0
4,6,0,-2,34,30,0
4,7,0,-2,38,31,0
5,6,0,-2,67,31,0
5,7,0,-2,68,32,0
6,7,0,-2,69,32,0
--- ---VERSION
offset,limit,count-ms,lookup-mus,results
0,-2,53,74,1
---PATTERN START: http://www.loa-cnr.it/ontologies/DUL.owl#isSettingFor  http://www.loa-cnr.it/ontologies/DUL.owl#Situation .
--- ---VERSION MATERIALIZED
patch,offset,limit,count-ms,lookup-mus,results
4,0,-2,11,8,1
5,0,-2,141,130,1
6,0,-2,54,91,1
7,0,-2,61,95,1
3,0,-2,124,128,1
2,0,-2,48,93,1
1,0,-2,49,97,1
0,0,-2,50,99,1
--- ---DELTA MATERIALIZED
patch_start,patch_end,offset,limit,count-ms,lookup-mus,results
0,1,0,-2,87,43,0
0,2,0,-2,86,40,0
0,3,0,-2,86,39,0
0,4,0,-2,45,39,0
0,5,0,-2,93,80,0
0,6,0,-2,91,81,0
0,7,0,-2,91,80,0
1,2,0,-2,83,40,0
1,3,0,-2,85,41,0
1,4,0,-2,46,40,0
1,5,0,-2,95,80,0
1,6,0,-2,93,81,0
1,7,0,-2,90,80,0
2,3,0,-2,83,40,0
2,4,0,-2,44,40,0
2,5,0,-2,94,81,0
2,6,0,-2,92,81,0
2,7,0,-2,91,80,0
3,4,0,-2,44,38,0
3,5,0,-2,91,81,0
3,6,0,-2,90,80,0
3,7,0,-2,89,80,0
4,5,0,-2,50,43,0
4,6,0,-2,50,43,0
4,7,0,-2,51,42,0
5,6,0,-2,96,45,0
5,7,0,-2,97,44,0
6,7,0,-2,97,43,0
--- ---VERSION
offset,limit,count-ms,lookup-mus,results
0,-2,62,81,1
---PATTERN START: http://ws.sioc-project.org/mediawiki/mediawiki.php?wiki=http://en.wikipedia.org/wiki/Semantic_Web  http://en.wikipedia.org/wiki/Semantic_Web .
--- ---VERSION MATERIALIZED
patch,offset,limit,count-ms,lookup-mus,results
4,0,-2,10,8,1
5,0,-2,172,211,1
6,0,-2,77,154,1
7,0,-2,78,153,1
3,0,-2,173,224,1
2,0,-2,86,182,1
1,0,-2,84,181,1
0,0,-2,86,181,1
--- ---DELTA MATERIALIZED
patch_start,patch_end,offset,limit,count-ms,lookup-mus,results
0,1,0,-2,155,71,0
0,2,0,-2,155,67,0
0,3,0,-2,156,67,0
0,4,0,-2,80,67,0
0,5,0,-2,149,128,0
0,6,0,-2,149,126,0
0,7,0,-2,151,126,0
1,2,0,-2,156,68,0
1,3,0,-2,155,67,0
1,4,0,-2,80,68,0
1,5,0,-2,148,127,0
1,6,0,-2,149,127,0
1,7,0,-2,149,127,0
2,3,0,-2,155,67,0
2,4,0,-2,80,68,0
2,5,0,-2,150,136,0
2,6,0,-2,153,133,0
2,7,0,-2,148,133,0
3,4,0,-2,81,67,0
3,5,0,-2,154,133,0
3,6,0,-2,149,132,0
3,7,0,-2,149,133,0
4,5,0,-2,73,61,0
4,6,0,-2,72,63,0
4,7,0,-2,72,65,0
5,6,0,-2,146,64,0
5,7,0,-2,142,66,0
6,7,0,-2,146,65,0
--- ---VERSION
offset,limit,count-ms,lookup-mus,results
0,-2,94,168,1
---PATTERN START: http://bigasterisk.com/foaf.rdf  mailto:leigh@ldodds.com .
--- ---VERSION MATERIALIZED
patch,offset,limit,count-ms,lookup-mus,results
4,0,-2,6,8,1
5,0,-2,179,163,1
6,0,-2,79,128,1
7,0,-2,78,127,1
3,0,-2,174,175,1
2,0,-2,90,149,1
1,0,-2,88,148,1
0,0,-2,88,157,1
--- ---DELTA MATERIALIZED
patch_start,patch_end,offset,limit,count-ms,lookup-mus,results
0,1,0,-2,163,75,0
0,2,0,-2,163,72,0
0,3,0,-2,162,74,0
0,4,0,-2,84,71,0
0,5,0,-2,154,131,0
0,6,0,-2,154,130,0
0,7,0,-2,155,131,0
1,2,0,-2,163,72,0
1,3,0,-2,162,71,0
1,4,0,-2,85,70,0
1,5,0,-2,154,130,0
1,6,0,-2,154,131,0
1,7,0,-2,156,130,0
2,3,0,-2,163,72,0
2,4,0,-2,85,71,0
2,5,0,-2,155,130,0
2,6,0,-2,154,132,0
2,7,0,-2,154,130,0
3,4,0,-2,83,71,0
3,5,0,-2,155,130,0
3,6,0,-2,154,131,0
3,7,0,-2,153,132,0
4,5,0,-2,74,61,0
4,6,0,-2,73,61,0
4,7,0,-2,74,60,0
5,6,0,-2,141,61,0
5,7,0,-2,143,62,0
6,7,0,-2,142,62,0
--- ---VERSION
offset,limit,count-ms,lookup-mus,results
0,-2,76,114,1
---PATTERN START: http://www.topquadrant.com/people/dallemang/foaf.rdf#me  http://www.w3.org/2001/sw/ .
--- ---VERSION MATERIALIZED
patch,offset,limit,count-ms,lookup-mus,results
4,0,-2,12,13,1
5,0,-2,167,166,1
6,0,-2,59,131,1
7,0,-2,58,130,1
3,0,-2,141,197,1
2,0,-2,65,145,1
1,0,-2,64,144,1
0,0,-2,65,146,1
--- ---DELTA MATERIALIZED
patch_start,patch_end,offset,limit,count-ms,lookup-mus,results
0,1,0,-2,110,47,0
0,2,0,-2,110,44,0
0,3,0,-2,107,44,0
0,4,0,-2,57,44,0
0,5,0,-2,108,87,0
0,6,0,-2,104,85,0
0,7,0,-2,104,84,0
1,2,0,-2,104,44,0
1,3,0,-2,106,45,0
1,4,0,-2,57,44,0
1,5,0,-2,111,84,0
1,6,0,-2,105,83,0
1,7,0,-2,104,85,0
2,3,0,-2,104,45,0
2,4,0,-2,56,45,0
2,5,0,-2,108,84,0
2,6,0,-2,105,84,0
2,7,0,-2,105,85,0
3,4,0,-2,55,42,0
3,5,0,-2,106,85,0
3,6,0,-2,104,86,0
3,7,0,-2,105,84,0
4,5,0,-2,52,42,0
4,6,0,-2,52,42,0
4,7,0,-2,52,43,0
5,6,0,-2,103,43,0
5,7,0,-2,101,43,0
6,7,0,-2,100,43,0
--- ---VERSION
offset,limit,count-ms,lookup-mus,results
0,-2,55,105,1
---PATTERN START: http://rdfs.org/ns/void-guide  http://richard.cyganiak.de/#me .
--- ---VERSION MATERIALIZED
patch,offset,limit,count-ms,lookup-mus,results
4,0,-2,9,7,1
5,0,-2,176,163,1
6,0,-2,79,120,1
7,0,-2,79,127,1
3,0,-2,167,179,1
2,0,-2,92,133,1
1,0,-2,91,132,1
0,0,-2,91,143,1
--- ---DELTA MATERIALIZED
patch_start,patch_end,offset,limit,count-ms,lookup-mus,results
0,1,0,-2,168,80,0
0,2,0,-2,168,77,0
0,3,0,-2,167,77,0
0,4,0,-2,88,77,0
0,5,0,-2,157,139,0
0,6,0,-2,156,137,0
0,7,0,-2,158,136,0
1,2,0,-2,167,76,0
1,3,0,-2,167,76,0
1,4,0,-2,88,76,0
1,5,0,-2,158,136,0
1,6,0,-2,156,136,0
1,7,0,-2,157,137,0
2,3,0,-2,167,77,0
2,4,0,-2,86,76,0
2,5,0,-2,156,137,0
2,6,0,-2,164,138,0
2,7,0,-2,156,136,0
3,4,0,-2,86,78,0
3,5,0,-2,157,136,0
3,6,0,-2,156,137,0
3,7,0,-2,158,136,0
4,5,0,-2,74,62,0
4,6,0,-2,74,62,0
4,7,0,-2,73,62,0
5,6,0,-2,141,63,0
5,7,0,-2,142,63,0
6,7,0,-2,142,63,0
--- ---VERSION
offset,limit,count-ms,lookup-mus,results
0,-2,88,114,1
---PATTERN START: http://www.w3.org/2006/vcard/ns#postal-code  http://www.w3.org/2006/vcard/ns#Address .
--- ---VERSION MATERIALIZED
patch,offset,limit,count-ms,lookup-mus,results
4,0,-2,11,8,1
5,0,-2,158,149,1
6,0,-2,64,127,1
7,0,-2,64,115,1
3,0,-2,160,186,1
2,0,-2,76,145,1
1,0,-2,75,144,1
0,0,-2,75,143,1
--- ---DELTA MATERIALIZED
patch_start,patch_end,offset,limit,count-ms,lookup-mus,results
0,1,0,-2,137,65,0
0,2,0,-2,138,63,0
0,3,0,-2,137,63,0
0,4,0,-2,71,62,0
0,5,0,-2,128,107,0
0,6,0,-2,130,107,0
0,7,0,-2,127,106,0
1,2,0,-2,138,63,0
1,3,0,-2,137,62,0
1,4,0,-2,73,62,0
1,5,0,-2,127,106,0
1,6,0,-2,127,106,0
1,7,0,-2,127,107,0
2,3,0,-2,137,63,0
2,4,0,-2,72,63,0
2,5,0,-2,127,106,0
2,6,0,-2,127,109,0
2,7,0,-2,127,106,0
3,4,0,-2,72,63,0
3,5,0,-2,127,105,0
3,6,0,-2,127,107,0
3,7,0,-2,127,107,0
4,5,0,-2,60,46,0
4,6,0,-2,59,47,0
4,7,0,-2,59,49,0
5,6,0,-2,119,50,0
5,7,0,-2,119,48,0
6,7,0,-2,119,48,0
--- ---VERSION
offset,limit,count-ms,lookup-mus,results
0,-2,76,123,1
---PATTERN START: http://www.gazettes-online.co.uk/ontology#Notice  http://www.gazettes-online.co.uk/ontology#Issue .
--- ---VERSION MATERIALIZED
patch,offset,limit,count-ms,lookup-mus,results
4,0,-2,11,8,1
5,0,-2,158,161,1
6,0,-2,71,115,1
7,0,-2,72,115,1
3,0,-2,145,160,1
2,0,-2,71,120,1
1,0,-2,67,120,1
0,0,-2,67,119,1
--- ---DELTA MATERIALIZED
patch_start,patch_end,offset,limit,count-ms,lookup-mus,results
0,1,0,-2,119,50,0
0,2,0,-2,121,49,0
0,3,0,-2,118,48,0
0,4,0,-2,61,47,0
0,5,0,-2,125,102,0
0,6,0,-2,125,102,0
0,7,0,-2,124,100,0
1,2,0,-2,118,48,0
1,3,0,-2,118,48,0
1,4,0,-2,62,48,0
1,5,0,-2,126,102,0
1,6,0,-2,124,100,0
1,7,0,-2,124,101,0
2,3,0,-2,118,50,0
2,4,0,-2,61,48,0
2,5,0,-2,123,101,0
2,6,0,-2,124,101,0
2,7,0,-2,124,103,0
3,4,0,-2,61,47,0
3,5,0,-2,124,102,0
3,6,0,-2,124,100,0
3,7,0,-2,125,102,0
4,5,0,-2,66,56,0
4,6,0,-2,65,55,0
4,7,0,-2,66,56,0
5,6,0,-2,125,56,0
5,7,0,-2,126,56,0
6,7,0,-2,129,56,0
--- ---VERSION
offset,limit,count-ms,lookup-mus,results
0,-2,62,91,1
---PATTERN START: http://videolectures.net/iswc08_heath_hpldw/  http://richard.cyganiak.de/#me .
--- ---VERSION MATERIALIZED
patch,offset,limit,count-ms,lookup-mus,results
4,0,-2,11,8,1
5,0,-2,168,194,1
6,0,-2,72,155,1
7,0,-2,72,154,1
3,0,-2,182,219,1
2,0,-2,94,180,1
1,0,-2,93,183,1
0,0,-2,93,179,1
--- ---DELTA MATERIALIZED
patch_start,patch_end,offset,limit,count-ms,lookup-mus,results
0,1,0,-2,173,82,0
0,2,0,-2,173,80,0
0,3,0,-2,172,78,0
0,4,0,-2,88,79,0
0,5,0,-2,154,134,0
0,6,0,-2,154,133,0
0,7,0,-2,153,133,0
1,2,0,-2,171,78,0
1,3,0,-2,174,78,0
1,4,0,-2,88,77,0
1,5,0,-2,152,132,0
1,6,0,-2,153,133,0
1,7,0,-2,152,133,0
2,3,0,-2,171,78,0
2,4,0,-2,89,78,0
2,5,0,-2,152,134,0
2,6,0,-2,152,133,0
2,7,0,-2,155,134,0
3,4,0,-2,89,78,0
3,5,0,-2,153,134,0
3,6,0,-2,152,134,0
3,7,0,-2,152,133,0
4,5,0,-2,68,57,0
4,6,0,-2,67,57,0
4,7,0,-2,68,57,0
5,6,0,-2,130,58,0
5,7,0,-2,130,58,0
6,7,0,-2,129,57,0
--- ---VERSION
offset,limit,count-ms,lookup-mus,results
0,-2,90,161,1
