---PATTERN START: http://aigp.csres.utexas.edu/~aigp/researcher/show/673 http://www.w3.org/1999/02/22-rdf-syntax-ns#type  .
--- ---VERSION MATERIALIZED
patch,offset,limit,count-ms,lookup-mus,results
4,0,-2,8,6,1
5,0,-2,133,116,1
6,0,-2,61,103,1
7,0,-2,62,103,1
3,0,-2,105,98,1
2,0,-2,55,105,1
1,0,-2,60,102,1
0,0,-2,57,102,1
--- ---DELTA MATERIALIZED
patch_start,patch_end,offset,limit,count-ms,lookup-mus,results
0,1,0,-2,99,48,0
0,2,0,-2,99,46,0
0,3,0,-2,98,46,0
0,4,0,-2,53,45,0
0,5,0,-2,109,97,0
0,6,0,-2,108,96,0
0,7,0,-2,107,95,0
1,2,0,-2,99,47,0
1,3,0,-2,98,46,0
1,4,0,-2,51,45,0
1,5,0,-2,112,100,0
1,6,0,-2,106,95,0
1,7,0,-2,109,96,0
2,3,0,-2,97,46,0
2,4,0,-2,51,46,0
2,5,0,-2,107,95,0
2,6,0,-2,106,95,0
2,7,0,-2,108,95,0
3,4,0,-2,52,46,0
3,5,0,-2,107,95,0
3,6,0,-2,105,95,0
3,7,0,-2,108,97,0
4,5,0,-2,59,53,0
4,6,0,-2,58,53,0
4,7,0,-2,59,53,0
5,6,0,-2,114,54,0
5,7,0,-2,113,56,0
6,7,0,-2,115,54,0
--- ---VERSION
offset,limit,count-ms,lookup-mus,results
0,-2,63,92,1
---PATTERN START: http://aigp.csres.utexas.edu/~aigp/researcher/show/427 http://swat.cse.lehigh.edu/resources/onto/aigp.owl#name  .
--- ---VERSION MATERIALIZED
patch,offset,limit,count-ms,lookup-mus,results
4,0,-2,5,7,1
5,0,-2,150,150,1
6,0,-2,87,149,1
7,0,-2,97,149,1
3,0,-2,134,142,1
2,0,-2,83,142,1
1,0,-2,85,141,1
0,0,-2,84,143,1
--- ---DELTA MATERIALIZED
patch_start,patch_end,offset,limit,count-ms,lookup-mus,results
0,1,0,-2,154,69,0
0,2,0,-2,152,68,0
0,3,0,-2,154,67,0
0,4,0,-2,79,66,0
0,5,0,-2,157,132,0
0,6,0,-2,158,133,0
0,7,0,-2,157,132,0
1,2,0,-2,152,67,0
1,3,0,-2,155,68,0
1,4,0,-2,79,66,0
1,5,0,-2,159,134,0
1,6,0,-2,159,134,0
1,7,0,-2,157,132,0
2,3,0,-2,151,66,0
2,4,0,-2,78,65,0
2,5,0,-2,157,133,0
2,6,0,-2,155,131,0
2,7,0,-2,157,136,0
3,4,0,-2,79,66,0
3,5,0,-2,156,132,0
3,6,0,-2,155,132,0
3,7,0,-2,158,134,0
4,5,0,-2,82,69,0
4,6,0,-2,82,69,0
4,7,0,-2,81,69,0
5,6,0,-2,160,71,0
5,7,0,-2,158,71,0
6,7,0,-2,158,71,0
--- ---VERSION
offset,limit,count-ms,lookup-mus,results
0,-2,80,130,1
---PATTERN START: http://aigp.csres.utexas.edu/~aigp/researcher/show/3840 http://www.w3.org/1999/02/22-rdf-syntax-ns#type  .
--- ---VERSION MATERIALIZED
patch,offset,limit,count-ms,lookup-mus,results
4,0,-2,11,7,1
5,0,-2,130,111,1
6,0,-2,64,109,1
7,0,-2,64,109,1
3,0,-2,111,120,1
2,0,-2,61,108,1
1,0,-2,61,108,1
0,0,-2,63,112,1
--- ---DELTA MATERIALIZED
patch_start,patch_end,offset,limit,count-ms,lookup-mus,results
0,1,0,-2,110,53,0
0,2,0,-2,112,51,0
0,3,0,-2,110,51,0
0,4,0,-2,57,51,0
0,5,0,-2,117,105,0
0,6,0,-2,114,104,0
0,7,0,-2,114,103,0
1,2,0,-2,109,52,0
1,3,0,-2,112,51,0
1,4,0,-2,58,50,0
1,5,0,-2,119,103,0
1,6,0,-2,114,104,0
1,7,0,-2,114,103,0
2,3,0,-2,110,52,0
2,4,0,-2,59,51,0
2,5,0,-2,117,103,0
2,6,0,-2,115,103,0
2,7,0,-2,115,102,0
3,4,0,-2,58,49,0
3,5,0,-2,116,104,0
3,6,0,-2,115,103,0
3,7,0,-2,115,102,0
4,5,0,-2,61,57,0
4,6,0,-2,61,55,0
4,7,0,-2,62,55,0
5,6,0,-2,120,57,0
5,7,0,-2,119,57,0
6,7,0,-2,119,57,0
--- ---VERSION
offset,limit,count-ms,lookup-mus,results
0,-2,64,100,1
---PATTERN START: http://aigp.csres.utexas.edu/~aigp/researcher/show/1694 http://www.w3.org/1999/02/22-rdf-syntax-ns#type  .
--- ---VERSION MATERIALIZED
patch,offset,limit,count-ms,lookup-mus,results
4,0,-2,9,8,1
5,0,-2,98,93,1
6,0,-2,53,101,1
7,0,-2,52,91,1
3,0,-2,88,85,1
2,0,-2,50,84,1
1,0,-2,49,84,1
0,0,-2,49,86,1
--- ---DELTA MATERIALIZED
patch_start,patch_end,offset,limit,count-ms,lookup-mus,results
0,1,0,-2,85,40,0
0,2,0,-2,84,39,0
0,3,0,-2,84,39,0
0,4,0,-2,46,38,0
0,5,0,-2,90,78,0
0,6,0,-2,89,79,0
0,7,0,-2,90,79,0
1,2,0,-2,85,39,0
1,3,0,-2,84,39,0
1,4,0,-2,45,38,0
1,5,0,-2,89,78,0
1,6,0,-2,92,79,0
1,7,0,-2,90,77,0
2,3,0,-2,85,39,0
2,4,0,-2,45,38,0
2,5,0,-2,89,79,0
2,6,0,-2,89,79,0
2,7,0,-2,90,77,0
3,4,0,-2,45,38,0
3,5,0,-2,90,79,0
3,6,0,-2,89,77,0
3,7,0,-2,89,77,0
4,5,0,-2,49,42,0
4,6,0,-2,48,42,0
4,7,0,-2,48,42,0
5,6,0,-2,91,43,0
5,7,0,-2,91,42,0
6,7,0,-2,91,43,0
--- ---VERSION
offset,limit,count-ms,lookup-mus,results
0,-2,51,78,1
---PATTERN START: http://aigp.csres.utexas.edu/~aigp/researcher/show/4605 http://swat.cse.lehigh.edu/resources/onto/aigp.owl#name  .
--- ---VERSION MATERIALIZED
patch,offset,limit,count-ms,lookup-mus,results
4,0,-2,9,7,1
5,0,-2,120,95,1
6,0,-2,59,93,1
7,0,-2,57,99,1
3,0,-2,113,104,1
2,0,-2,59,104,1
1,0,-2,59,103,1
0,0,-2,58,104,1
--- ---DELTA MATERIALIZED
patch_start,patch_end,offset,limit,count-ms,lookup-mus,results
0,1,0,-2,105,49,0
0,2,0,-2,105,47,0
0,3,0,-2,107,48,0
0,4,0,-2,55,46,0
0,5,0,-2,109,93,0
0,6,0,-2,106,95,0
0,7,0,-2,105,93,0
1,2,0,-2,103,47,0
1,3,0,-2,104,47,0
1,4,0,-2,54,46,0
1,5,0,-2,112,95,0
1,6,0,-2,105,94,0
1,7,0,-2,105,93,0
2,3,0,-2,101,48,0
2,4,0,-2,55,47,0
2,5,0,-2,109,93,0
2,6,0,-2,106,93,0
2,7,0,-2,104,95,0
3,4,0,-2,53,45,0
3,5,0,-2,108,93,0
3,6,0,-2,104,92,0
3,7,0,-2,104,94,0
4,5,0,-2,55,48,0
4,6,0,-2,54,49,0
4,7,0,-2,54,51,0
5,6,0,-2,108,50,0
5,7,0,-2,107,50,0
6,7,0,-2,107,51,0
--- ---VERSION
offset,limit,count-ms,lookup-mus,results
0,-2,62,90,1
---PATTERN START: http://aigp.csres.utexas.edu/~aigp/researcher/show/3459 http://www.w3.org/1999/02/22-rdf-syntax-ns#type  .
--- ---VERSION MATERIALIZED
patch,offset,limit,count-ms,lookup-mus,results
4,0,-2,8,7,1
5,0,-2,130,135,1
6,0,-2,82,144,1
7,0,-2,81,136,1
3,0,-2,134,141,1
2,0,-2,83,141,1
1,0,-2,82,140,1
0,0,-2,82,140,1
--- ---DELTA MATERIALIZED
patch_start,patch_end,offset,limit,count-ms,lookup-mus,results
0,1,0,-2,152,71,0
0,2,0,-2,153,70,0
0,3,0,-2,154,69,0
0,4,0,-2,78,69,0
0,5,0,-2,154,134,0
0,6,0,-2,156,135,0
0,7,0,-2,153,134,0
1,2,0,-2,152,71,0
1,3,0,-2,152,70,0
1,4,0,-2,78,69,0
1,5,0,-2,153,136,0
1,6,0,-2,154,134,0
1,7,0,-2,153,134,0
2,3,0,-2,153,70,0
2,4,0,-2,79,72,0
2,5,0,-2,153,134,0
2,6,0,-2,153,134,0
2,7,0,-2,153,136,0
3,4,0,-2,79,69,0
3,5,0,-2,153,136,0
3,6,0,-2,153,135,0
3,7,0,-2,153,133,0
4,5,0,-2,78,68,0
4,6,0,-2,78,68,0
4,7,0,-2,77,68,0
5,6,0,-2,153,73,0
5,7,0,-2,155,71,0
6,7,0,-2,154,70,0
--- ---VERSION
offset,limit,count-ms,lookup-mus,results
0,-2,90,126,1
---PATTERN START: http://aigp.csres.utexas.edu/~aigp/researcher/show/4397 http://swat.cse.lehigh.edu/resources/onto/aigp.owl#hasAdvisor  .
--- ---VERSION MATERIALIZED
patch,offset,limit,count-ms,lookup-mus,results
4,0,-2,9,6,1
5,0,-2,124,99,1
6,0,-2,58,97,1
7,0,-2,59,106,1
3,0,-2,110,106,1
2,0,-2,62,105,1
1,0,-2,63,104,1
0,0,-2,61,105,1
--- ---DELTA MATERIALIZED
patch_start,patch_end,offset,limit,count-ms,lookup-mus,results
0,1,0,-2,111,51,0
0,2,0,-2,108,49,0
0,3,0,-2,108,49,0
0,4,0,-2,57,49,0
0,5,0,-2,111,95,0
0,6,0,-2,108,96,0
0,7,0,-2,107,94,0
1,2,0,-2,108,50,0
1,3,0,-2,109,49,0
1,4,0,-2,57,51,0
1,5,0,-2,112,96,0
1,6,0,-2,108,94,0
1,7,0,-2,107,93,0
2,3,0,-2,106,50,0
2,4,0,-2,56,49,0
2,5,0,-2,112,94,0
2,6,0,-2,107,94,0
2,7,0,-2,107,95,0
3,4,0,-2,56,47,0
3,5,0,-2,108,94,0
3,6,0,-2,106,94,0
3,7,0,-2,107,96,0
4,5,0,-2,55,48,0
4,6,0,-2,57,49,0
4,7,0,-2,56,49,0
5,6,0,-2,108,49,0
5,7,0,-2,107,49,0
6,7,0,-2,108,49,0
--- ---VERSION
offset,limit,count-ms,lookup-mus,results
0,-2,62,93,1
---PATTERN START: http://aigp.csres.utexas.edu/~aigp/researcher/show/3840 http://swat.cse.lehigh.edu/resources/onto/aigp.owl#name  .
--- ---VERSION MATERIALIZED
patch,offset,limit,count-ms,lookup-mus,results
4,0,-2,9,7,1
5,0,-2,129,126,1
6,0,-2,67,113,1
7,0,-2,66,113,1
3,0,-2,115,112,1
2,0,-2,62,114,1
1,0,-2,65,108,1
0,0,-2,62,113,1
--- ---DELTA MATERIALIZED
patch_start,patch_end,offset,limit,count-ms,lookup-mus,results
0,1,0,-2,111,53,0
0,2,0,-2,111,52,0
0,3,0,-2,111,51,0
0,4,0,-2,58,51,0
0,5,0,-2,118,105,0
0,6,0,-2,114,103,0
0,7,0,-2,114,106,0
1,2,0,-2,110,52,0
1,3,0,-2,111,52,0
1,4,0,-2,58,50,0
1,5,0,-2,117,103,0
1,6,0,-2,118,105,0
1,7,0,-2,116,103,0
2,3,0,-2,110,51,0
2,4,0,-2,58,51,0
2,5,0,-2,117,105,0
2,6,0,-2,116,103,0
2,7,0,-2,115,103,0
3,4,0,-2,57,50,0
3,5,0,-2,115,106,0
3,6,0,-2,115,103,0
3,7,0,-2,116,103,0
4,5,0,-2,61,54,0
4,6,0,-2,61,54,0
4,7,0,-2,64,55,0
5,6,0,-2,119,56,0
5,7,0,-2,118,58,0
6,7,0,-2,118,55,0
--- ---VERSION
offset,limit,count-ms,lookup-mus,results
0,-2,64,108,1
---PATTERN START: http://aigp.csres.utexas.edu/~aigp/researcher/show/4060 http://www.w3.org/1999/02/22-rdf-syntax-ns#type  .
--- ---VERSION MATERIALIZED
patch,offset,limit,count-ms,lookup-mus,results
4,0,-2,6,7,1
5,0,-2,154,160,1
6,0,-2,94,152,1
7,0,-2,90,151,1
3,0,-2,135,151,1
2,0,-2,86,148,1
1,0,-2,86,147,1
0,0,-2,89,152,1
--- ---DELTA MATERIALIZED
patch_start,patch_end,offset,limit,count-ms,lookup-mus,results
0,1,0,-2,163,74,0
0,2,0,-2,161,72,0
0,3,0,-2,160,73,0
0,4,0,-2,84,73,0
0,5,0,-2,168,146,0
0,6,0,-2,165,143,0
0,7,0,-2,165,144,0
1,2,0,-2,156,72,0
1,3,0,-2,160,74,0
1,4,0,-2,83,71,0
1,5,0,-2,167,144,0
1,6,0,-2,161,144,0
1,7,0,-2,162,142,0
2,3,0,-2,154,70,0
2,4,0,-2,81,70,0
2,5,0,-2,165,144,0
2,6,0,-2,162,142,0
2,7,0,-2,162,142,0
3,4,0,-2,81,70,0
3,5,0,-2,165,145,0
3,6,0,-2,161,143,0
3,7,0,-2,161,144,0
4,5,0,-2,85,74,0
4,6,0,-2,86,74,0
4,7,0,-2,86,75,0
5,6,0,-2,169,79,0
5,7,0,-2,169,80,0
6,7,0,-2,168,76,0
--- ---VERSION
offset,limit,count-ms,lookup-mus,results
0,-2,89,138,1
---PATTERN START: http://bnb.data.bl.uk/doc/resource/006893251.html?_metadata=all,views,formats,execution,bindings&_view=all http://www.w3.org/2000/01/rdf-schema#label  .
--- ---VERSION MATERIALIZED
patch,offset,limit,count-ms,lookup-mus,results
4,0,-2,6,7,1
5,0,-2,111,91,1
6,0,-2,53,90,1
7,0,-2,52,90,1
3,0,-2,113,99,1
2,0,-2,53,87,1
1,0,-2,53,88,1
0,0,-2,52,87,1
--- ---DELTA MATERIALIZED
patch_start,patch_end,offset,limit,count-ms,lookup-mus,results
0,1,0,-2,92,44,0
0,2,0,-2,93,44,0
0,3,0,-2,107,44,0
0,4,0,-2,52,43,0
0,5,0,-2,100,84,0
0,6,0,-2,95,83,0
0,7,0,-2,95,83,0
1,2,0,-2,99,44,0
1,3,0,-2,97,44,0
1,4,0,-2,52,45,0
1,5,0,-2,100,83,0
1,6,0,-2,94,83,0
1,7,0,-2,98,83,0
2,3,0,-2,96,44,0
2,4,0,-2,51,43,0
2,5,0,-2,99,83,0
2,6,0,-2,95,83,0
2,7,0,-2,98,83,0
3,4,0,-2,50,43,0
3,5,0,-2,98,83,0
3,6,0,-2,96,84,0
3,7,0,-2,96,82,0
4,5,0,-2,52,41,0
4,6,0,-2,50,43,0
4,7,0,-2,51,43,0
5,6,0,-2,98,44,0
5,7,0,-2,98,45,0
6,7,0,-2,98,46,0
--- ---VERSION
offset,limit,count-ms,lookup-mus,results
0,-2,52,79,1
---PATTERN START: http://aigp.csres.utexas.edu/~aigp/researcher/show/2070 http://swat.cse.lehigh.edu/resources/onto/aigp.owl#hasAdvisor  .
--- ---VERSION MATERIALIZED
patch,offset,limit,count-ms,lookup-mus,results
4,0,-2,8,5,1
5,0,-2,124,125,1
6,0,-2,71,121,1
7,0,-2,71,123,1
3,0,-2,126,131,1
2,0,-2,76,123,1
1,0,-2,72,123,1
0,0,-2,72,123,1
--- ---DELTA MATERIALIZED
patch_start,patch_end,offset,limit,count-ms,lookup-mus,results
0,1,0,-2,130,62,0
0,2,0,-2,132,58,0
0,3,0,-2,131,59,0
0,4,0,-2,67,59,0
0,5,0,-2,132,112,0
0,6,0,-2,133,114,0
0,7,0,-2,132,112,0
1,2,0,-2,131,59,0
1,3,0,-2,133,59,0
1,4,0,-2,68,58,0
1,5,0,-2,131,113,0
1,6,0,-2,131,112,0
1,7,0,-2,133,112,0
2,3,0,-2,131,59,0
2,4,0,-2,68,58,0
2,5,0,-2,131,112,0
2,6,0,-2,132,112,0
2,7,0,-2,132,114,0
3,4,0,-2,69,59,0
3,5,0,-2,132,112,0
3,6,0,-2,135,112,0
3,7,0,-2,132,113,0
4,5,0,-2,68,57,0
4,6,0,-2,68,57,0
4,7,0,-2,68,57,0
5,6,0,-2,129,58,0
5,7,0,-2,130,57,0
6,7,0,-2,129,57,0
--- ---VERSION
offset,limit,count-ms,lookup-mus,results
0,-2,69,104,1
---PATTERN START: http://aigp.csres.utexas.edu/~aigp/researcher/show/103 http://www.w3.org/1999/02/22-rdf-syntax-ns#type  .
--- ---VERSION MATERIALIZED
patch,offset,limit,count-ms,lookup-mus,results
4,0,-2,9,7,1
5,0,-2,104,122,1
6,0,-2,75,114,1
7,0,-2,70,117,1
3,0,-2,95,117,1
2,0,-2,65,118,1
1,0,-2,64,115,1
0,0,-2,65,115,1
--- ---DELTA MATERIALIZED
patch_start,patch_end,offset,limit,count-ms,lookup-mus,results
0,1,0,-2,118,55,0
0,2,0,-2,118,52,0
0,3,0,-2,113,51,0
0,4,0,-2,58,51,0
0,5,0,-2,122,108,0
0,6,0,-2,120,107,0
0,7,0,-2,121,110,0
1,2,0,-2,112,52,0
1,3,0,-2,111,51,0
1,4,0,-2,59,51,0
1,5,0,-2,120,108,0
1,6,0,-2,122,107,0
1,7,0,-2,120,107,0
2,3,0,-2,111,51,0
2,4,0,-2,58,51,0
2,5,0,-2,122,107,0
2,6,0,-2,120,107,0
2,7,0,-2,121,108,0
3,4,0,-2,59,51,0
3,5,0,-2,124,107,0
3,6,0,-2,121,107,0
3,7,0,-2,121,108,0
4,5,0,-2,66,58,0
4,6,0,-2,68,58,0
4,7,0,-2,65,57,0
5,6,0,-2,125,59,0
5,7,0,-2,126,58,0
6,7,0,-2,126,58,0
--- ---VERSION
offset,limit,count-ms,lookup-mus,results
0,-2,71,102,1
---PATTERN START: http://aigp.csres.utexas.edu/~aigp/researcher/show/1348 http://www.w3.org/2002/07/owl#sameAs  .
--- ---VERSION MATERIALIZED
patch,offset,limit,count-ms,lookup-mus,results
4,0,-2,6,7,1
5,0,-2,131,162,1
6,0,-2,94,160,1
7,0,-2,96,171,1
3,0,-2,131,161,1
2,0,-2,94,161,1
1,0,-2,92,162,1
0,0,-2,92,159,1
--- ---DELTA MATERIALIZED
patch_start,patch_end,offset,limit,count-ms,lookup-mus,results
0,1,0,-2,170,76,0
0,2,0,-2,172,75,0
0,3,0,-2,170,75,0
0,4,0,-2,87,74,0
0,5,0,-2,173,154,0
0,6,0,-2,174,152,0
0,7,0,-2,174,151,0
1,2,0,-2,173,75,0
1,3,0,-2,170,74,0
1,4,0,-2,87,75,0
1,5,0,-2,174,152,0
1,6,0,-2,174,151,0
1,7,0,-2,174,152,0
2,3,0,-2,172,75,0
2,4,0,-2,88,74,0
2,5,0,-2,174,151,0
2,6,0,-2,177,152,0
2,7,0,-2,175,152,0
3,4,0,-2,87,74,0
3,5,0,-2,175,151,0
3,6,0,-2,173,151,0
3,7,0,-2,175,152,0
4,5,0,-2,90,79,0
4,6,0,-2,90,79,0
4,7,0,-2,90,79,0
5,6,0,-2,173,93,0
5,7,0,-2,174,80,0
6,7,0,-2,174,80,0
--- ---VERSION
offset,limit,count-ms,lookup-mus,results
0,-2,94,145,1
---PATTERN START: http://aigp.csres.utexas.edu/~aigp/researcher/show/2532 http://swat.cse.lehigh.edu/resources/onto/aigp.owl#name  .
--- ---VERSION MATERIALIZED
patch,offset,limit,count-ms,lookup-mus,results
4,0,-2,5,7,1
5,0,-2,125,126,1
6,0,-2,72,125,1
7,0,-2,72,125,1
3,0,-2,129,115,1
2,0,-2,69,114,1
1,0,-2,66,113,1
0,0,-2,67,113,1
--- ---DELTA MATERIALIZED
patch_start,patch_end,offset,limit,count-ms,lookup-mus,results
0,1,0,-2,122,58,0
0,2,0,-2,121,57,0
0,3,0,-2,120,57,0
0,4,0,-2,62,57,0
0,5,0,-2,125,117,0
0,6,0,-2,125,113,0
0,7,0,-2,126,113,0
1,2,0,-2,122,57,0
1,3,0,-2,122,57,0
1,4,0,-2,63,56,0
1,5,0,-2,124,112,0
1,6,0,-2,125,113,0
1,7,0,-2,126,112,0
2,3,0,-2,122,57,0
2,4,0,-2,64,57,0
2,5,0,-2,125,112,0
2,6,0,-2,127,113,0
2,7,0,-2,125,112,0
3,4,0,-2,63,57,0
3,5,0,-2,125,112,0
3,6,0,-2,126,113,0
3,7,0,-2,125,112,0
4,5,0,-2,66,59,0
4,6,0,-2,65,58,0
4,7,0,-2,66,59,0
5,6,0,-2,126,59,0
5,7,0,-2,126,59,0
6,7,0,-2,126,60,0
--- ---VERSION
offset,limit,count-ms,lookup-mus,results
0,-2,72,110,1
---PATTERN START: http://aigp.csres.utexas.edu/~aigp/researcher/show/1218 http://swat.cse.lehigh.edu/resources/onto/aigp.owl#name  .
--- ---VERSION MATERIALIZED
patch,offset,limit,count-ms,lookup-mus,results
4,0,-2,10,7,1
5,0,-2,96,94,1
6,0,-2,57,92,1
7,0,-2,58,92,1
3,0,-2,90,101,1
2,0,-2,56,100,1
1,0,-2,56,100,1
0,0,-2,56,99,1
--- ---DELTA MATERIALIZED
patch_start,patch_end,offset,limit,count-ms,lookup-mus,results
0,1,0,-2,99,49,0
0,2,0,-2,99,45,0
0,3,0,-2,100,44,0
0,4,0,-2,51,43,0
0,5,0,-2,100,88,0
0,6,0,-2,100,88,0
0,7,0,-2,101,87,0
1,2,0,-2,96,43,0
1,3,0,-2,96,43,0
1,4,0,-2,50,42,0
1,5,0,-2,99,87,0
1,6,0,-2,102,87,0
1,7,0,-2,100,86,0
2,3,0,-2,96,43,0
2,4,0,-2,51,42,0
2,5,0,-2,100,88,0
2,6,0,-2,101,87,0
2,7,0,-2,100,87,0
3,4,0,-2,51,42,0
3,5,0,-2,100,87,0
3,6,0,-2,99,88,0
3,7,0,-2,100,87,0
4,5,0,-2,53,47,0
4,6,0,-2,53,46,0
4,7,0,-2,53,48,0
5,6,0,-2,101,48,0
5,7,0,-2,100,49,0
6,7,0,-2,101,47,0
--- ---VERSION
offset,limit,count-ms,lookup-mus,results
0,-2,57,86,1
---PATTERN START: http://aigp.csres.utexas.edu/~aigp/researcher/show/3590 http://www.w3.org/1999/02/22-rdf-syntax-ns#type  .
--- ---VERSION MATERIALIZED
patch,offset,limit,count-ms,lookup-mus,results
4,0,-2,10,7,1
5,0,-2,146,151,1
6,0,-2,88,144,1
7,0,-2,88,143,1
3,0,-2,131,160,1
2,0,-2,85,149,1
1,0,-2,85,148,1
0,0,-2,85,149,1
--- ---DELTA MATERIALIZED
patch_start,patch_end,offset,limit,count-ms,lookup-mus,results
0,1,0,-2,158,74,0
0,2,0,-2,157,71,0
0,3,0,-2,157,71,0
0,4,0,-2,82,72,0
0,5,0,-2,164,143,0
0,6,0,-2,163,141,0
0,7,0,-2,165,142,0
1,2,0,-2,158,71,0
1,3,0,-2,157,71,0
1,4,0,-2,81,72,0
1,5,0,-2,162,140,0
1,6,0,-2,162,141,0
1,7,0,-2,163,141,0
2,3,0,-2,158,72,0
2,4,0,-2,81,71,0
2,5,0,-2,162,143,0
2,6,0,-2,163,142,0
2,7,0,-2,162,141,0
3,4,0,-2,82,72,0
3,5,0,-2,170,141,0
3,6,0,-2,163,145,0
3,7,0,-2,165,143,0
4,5,0,-2,85,74,0
4,6,0,-2,85,74,0
4,7,0,-2,85,74,0
5,6,0,-2,169,75,0
5,7,0,-2,166,75,0
6,7,0,-2,165,75,0
--- ---VERSION
offset,limit,count-ms,lookup-mus,results
0,-2,90,133,1
---PATTERN START: http://aigp.csres.utexas.edu/~aigp/researcher/show/535 http://swat.cse.lehigh.edu/resources/onto/aigp.owl#hasAdvisor  .
--- ---VERSION MATERIALIZED
patch,offset,limit,count-ms,lookup-mus,results
4,0,-2,7,6,1
5,0,-2,140,134,1
6,0,-2,75,131,1
7,0,-2,75,140,1
3,0,-2,123,129,1
2,0,-2,74,128,1
1,0,-2,75,129,1
0,0,-2,74,129,1
--- ---DELTA MATERIALIZED
patch_start,patch_end,offset,limit,count-ms,lookup-mus,results
0,1,0,-2,134,64,0
0,2,0,-2,135,61,0
0,3,0,-2,134,61,0
0,4,0,-2,70,64,0
0,5,0,-2,140,123,0
0,6,0,-2,138,122,0
0,7,0,-2,137,123,0
1,2,0,-2,134,62,0
1,3,0,-2,134,61,0
1,4,0,-2,70,61,0
1,5,0,-2,139,125,0
1,6,0,-2,137,121,0
1,7,0,-2,136,122,0
2,3,0,-2,134,61,0
2,4,0,-2,73,61,0
2,5,0,-2,140,122,0
2,6,0,-2,138,122,0
2,7,0,-2,137,123,0
3,4,0,-2,70,61,0
3,5,0,-2,139,122,0
3,6,0,-2,137,122,0
3,7,0,-2,138,122,0
4,5,0,-2,71,64,0
4,6,0,-2,72,64,0
4,7,0,-2,72,64,0
5,6,0,-2,141,68,0
5,7,0,-2,141,65,0
6,7,0,-2,140,65,0
--- ---VERSION
offset,limit,count-ms,lookup-mus,results
0,-2,74,112,1
---PATTERN START: http://aigp.csres.utexas.edu/~aigp/researcher/show/243 http://swat.cse.lehigh.edu/resources/onto/aigp.owl#name  .
--- ---VERSION MATERIALIZED
patch,offset,limit,count-ms,lookup-mus,results
4,0,-2,10,7,1
5,0,-2,111,108,1
6,0,-2,65,105,1
7,0,-2,64,114,1
3,0,-2,105,106,1
2,0,-2,62,106,1
1,0,-2,61,106,1
0,0,-2,61,106,1
--- ---DELTA MATERIALIZED
patch_start,patch_end,offset,limit,count-ms,lookup-mus,results
0,1,0,-2,111,51,0
0,2,0,-2,109,49,0
0,3,0,-2,109,49,0
0,4,0,-2,57,48,0
0,5,0,-2,114,96,0
0,6,0,-2,120,96,0
0,7,0,-2,112,96,0
1,2,0,-2,109,48,0
1,3,0,-2,109,48,0
1,4,0,-2,57,50,0
1,5,0,-2,112,96,0
1,6,0,-2,112,96,0
1,7,0,-2,112,95,0
2,3,0,-2,109,50,0
2,4,0,-2,57,47,0
2,5,0,-2,112,95,0
2,6,0,-2,113,96,0
2,7,0,-2,112,95,0
3,4,0,-2,59,48,0
3,5,0,-2,112,95,0
3,6,0,-2,113,95,0
3,7,0,-2,112,95,0
4,5,0,-2,59,56,0
4,6,0,-2,62,50,0
4,7,0,-2,59,49,0
5,6,0,-2,112,51,0
5,7,0,-2,112,52,0
6,7,0,-2,112,50,0
--- ---VERSION
offset,limit,count-ms,lookup-mus,results
0,-2,63,93,1
---PATTERN START: http://aigp.csres.utexas.edu/~aigp/researcher/show/673 http://swat.cse.lehigh.edu/resources/onto/aigp.owl#name  .
--- ---VERSION MATERIALIZED
patch,offset,limit,count-ms,lookup-mus,results
4,0,-2,9,7,1
5,0,-2,133,106,1
6,0,-2,72,103,1
7,0,-2,61,103,1
3,0,-2,105,99,1
2,0,-2,56,98,1
1,0,-2,56,104,1
0,0,-2,56,101,1
--- ---DELTA MATERIALIZED
patch_start,patch_end,offset,limit,count-ms,lookup-mus,results
0,1,0,-2,100,47,0
0,2,0,-2,99,46,0
0,3,0,-2,99,46,0
0,4,0,-2,52,45,0
0,5,0,-2,112,98,0
0,6,0,-2,108,96,0
0,7,0,-2,107,95,0
1,2,0,-2,98,46,0
1,3,0,-2,100,46,0
1,4,0,-2,52,45,0
1,5,0,-2,110,95,0
1,6,0,-2,107,95,0
1,7,0,-2,107,98,0
2,3,0,-2,99,46,0
2,4,0,-2,52,46,0
2,5,0,-2,109,96,0
2,6,0,-2,108,96,0
2,7,0,-2,108,98,0
3,4,0,-2,52,46,0
3,5,0,-2,108,97,0
3,6,0,-2,108,97,0
3,7,0,-2,107,97,0
4,5,0,-2,59,52,0
4,6,0,-2,58,53,0
4,7,0,-2,59,53,0
5,6,0,-2,115,54,0
5,7,0,-2,113,54,0
6,7,0,-2,116,54,0
--- ---VERSION
offset,limit,count-ms,lookup-mus,results
0,-2,61,91,1
---PATTERN START: http://aigp.csres.utexas.edu/~aigp/researcher/show/178 http://www.w3.org/1999/02/22-rdf-syntax-ns#type  .
--- ---VERSION MATERIALIZED
patch,offset,limit,count-ms,lookup-mus,results
4,0,-2,9,7,1
5,0,-2,129,147,1
6,0,-2,88,140,1
7,0,-2,84,142,1
3,0,-2,117,135,1
2,0,-2,81,135,1
1,0,-2,80,135,1
0,0,-2,79,134,1
--- ---DELTA MATERIALIZED
patch_start,patch_end,offset,limit,count-ms,lookup-mus,results
0,1,0,-2,145,70,0
0,2,0,-2,145,66,0
0,3,0,-2,144,65,0
0,4,0,-2,76,64,0
0,5,0,-2,152,132,0
0,6,0,-2,151,131,0
0,7,0,-2,152,133,0
1,2,0,-2,146,67,0
1,3,0,-2,145,66,0
1,4,0,-2,76,65,0
1,5,0,-2,152,131,0
1,6,0,-2,155,132,0
1,7,0,-2,152,131,0
2,3,0,-2,145,65,0
2,4,0,-2,75,66,0
2,5,0,-2,151,133,0
2,6,0,-2,152,131,0
2,7,0,-2,152,132,0
3,4,0,-2,75,64,0
3,5,0,-2,151,133,0
3,6,0,-2,151,133,0
3,7,0,-2,151,131,0
4,5,0,-2,80,70,0
4,6,0,-2,80,69,0
4,7,0,-2,80,69,0
5,6,0,-2,155,72,0
5,7,0,-2,155,70,0
6,7,0,-2,154,70,0
--- ---VERSION
offset,limit,count-ms,lookup-mus,results
0,-2,85,124,1
---PATTERN START: http://aigp.csres.utexas.edu/~aigp/researcher/show/2075 http://www.w3.org/1999/02/22-rdf-syntax-ns#type  .
--- ---VERSION MATERIALIZED
patch,offset,limit,count-ms,lookup-mus,results
4,0,-2,9,7,1
5,0,-2,104,97,1
6,0,-2,54,92,1
7,0,-2,53,95,1
3,0,-2,106,102,1
2,0,-2,55,108,1
1,0,-2,61,102,1
0,0,-2,55,101,1
--- ---DELTA MATERIALIZED
patch_start,patch_end,offset,limit,count-ms,lookup-mus,results
0,1,0,-2,99,47,0
0,2,0,-2,98,45,0
0,3,0,-2,97,45,0
0,4,0,-2,55,45,0
0,5,0,-2,97,86,0
0,6,0,-2,97,86,0
0,7,0,-2,97,88,0
1,2,0,-2,99,45,0
1,3,0,-2,99,45,0
1,4,0,-2,52,45,0
1,5,0,-2,98,86,0
1,6,0,-2,97,87,0
1,7,0,-2,98,89,0
2,3,0,-2,98,46,0
2,4,0,-2,52,45,0
2,5,0,-2,96,85,0
2,6,0,-2,97,86,0
2,7,0,-2,97,88,0
3,4,0,-2,52,45,0
3,5,0,-2,97,87,0
3,6,0,-2,97,85,0
3,7,0,-2,97,85,0
4,5,0,-2,49,43,0
4,6,0,-2,50,43,0
4,7,0,-2,49,43,0
5,6,0,-2,93,44,0
5,7,0,-2,92,45,0
6,7,0,-2,93,44,0
--- ---VERSION
offset,limit,count-ms,lookup-mus,results
0,-2,52,82,1
---PATTERN START: http://aigp.csres.utexas.edu/~aigp/researcher/show/3459 http://swat.cse.lehigh.edu/resources/onto/aigp.owl#hasAdvisor  .
--- ---VERSION MATERIALIZED
patch,offset,limit,count-ms,lookup-mus,results
4,0,-2,8,5,1
5,0,-2,111,92,1
6,0,-2,54,90,1
7,0,-2,53,90,1
3,0,-2,117,104,1
2,0,-2,60,101,1
1,0,-2,59,101,1
0,0,-2,59,100,1
--- ---DELTA MATERIALIZED
patch_start,patch_end,offset,limit,count-ms,lookup-mus,results
0,1,0,-2,105,55,0
0,2,0,-2,108,48,0
0,3,0,-2,105,47,0
0,4,0,-2,56,47,0
0,5,0,-2,104,90,0
0,6,0,-2,102,96,0
0,7,0,-2,106,92,0
1,2,0,-2,105,49,0
1,3,0,-2,105,48,0
1,4,0,-2,55,47,0
1,5,0,-2,104,91,0
1,6,0,-2,102,91,0
1,7,0,-2,102,89,0
2,3,0,-2,104,48,0
2,4,0,-2,55,47,0
2,5,0,-2,105,89,0
2,6,0,-2,102,89,0
2,7,0,-2,102,89,0
3,4,0,-2,55,47,0
3,5,0,-2,102,91,0
3,6,0,-2,104,89,0
3,7,0,-2,102,89,0
4,5,0,-2,51,44,0
4,6,0,-2,51,44,0
4,7,0,-2,51,44,0
5,6,0,-2,97,53,0
5,7,0,-2,101,45,0
6,7,0,-2,97,45,0
--- ---VERSION
offset,limit,count-ms,lookup-mus,results
0,-2,57,84,1
---PATTERN START: http://aigp.csres.utexas.edu/~aigp/researcher/show/534 http://swat.cse.lehigh.edu/resources/onto/aigp.owl#name  .
--- ---VERSION MATERIALIZED
patch,offset,limit,count-ms,lookup-mus,results
4,0,-2,6,7,1
5,0,-2,150,132,1
6,0,-2,72,127,1
7,0,-2,73,127,1
3,0,-2,123,133,1
2,0,-2,76,125,1
1,0,-2,72,125,1
0,0,-2,74,125,1
--- ---DELTA MATERIALIZED
patch_start,patch_end,offset,limit,count-ms,lookup-mus,results
0,1,0,-2,131,61,0
0,2,0,-2,131,58,0
0,3,0,-2,131,58,0
0,4,0,-2,67,58,0
0,5,0,-2,135,120,0
0,6,0,-2,133,118,0
0,7,0,-2,132,117,0
1,2,0,-2,129,59,0
1,3,0,-2,131,59,0
1,4,0,-2,67,58,0
1,5,0,-2,134,119,0
1,6,0,-2,132,116,0
1,7,0,-2,133,117,0
2,3,0,-2,129,59,0
2,4,0,-2,68,58,0
2,5,0,-2,135,117,0
2,6,0,-2,135,117,0
2,7,0,-2,131,118,0
3,4,0,-2,68,58,0
3,5,0,-2,135,118,0
3,6,0,-2,132,118,0
3,7,0,-2,132,117,0
4,5,0,-2,69,61,0
4,6,0,-2,68,62,0
4,7,0,-2,69,61,0
5,6,0,-2,136,62,0
5,7,0,-2,135,62,0
6,7,0,-2,135,62,0
--- ---VERSION
offset,limit,count-ms,lookup-mus,results
0,-2,75,106,1
---PATTERN START: http://aigp.csres.utexas.edu/~aigp/researcher/show/2838 http://www.w3.org/2002/07/owl#sameAs  .
--- ---VERSION MATERIALIZED
patch,offset,limit,count-ms,lookup-mus,results
4,0,-2,9,7,1
5,0,-2,107,105,1
6,0,-2,64,112,1
7,0,-2,64,102,1
3,0,-2,108,104,1
2,0,-2,59,103,1
1,0,-2,60,105,1
0,0,-2,59,103,1
--- ---DELTA MATERIALIZED
patch_start,patch_end,offset,limit,count-ms,lookup-mus,results
0,1,0,-2,104,49,0
0,2,0,-2,104,47,0
0,3,0,-2,106,47,0
0,4,0,-2,55,47,0
0,5,0,-2,111,93,0
0,6,0,-2,108,94,0
0,7,0,-2,108,93,0
1,2,0,-2,104,48,0
1,3,0,-2,105,48,0
1,4,0,-2,55,47,0
1,5,0,-2,108,94,0
1,6,0,-2,107,93,0
1,7,0,-2,108,94,0
2,3,0,-2,105,48,0
2,4,0,-2,54,47,0
2,5,0,-2,108,93,0
2,6,0,-2,107,92,0
2,7,0,-2,108,95,0
3,4,0,-2,55,47,0
3,5,0,-2,108,94,0
3,6,0,-2,108,93,0
3,7,0,-2,107,93,0
4,5,0,-2,57,48,0
4,6,0,-2,57,48,0
4,7,0,-2,56,49,0
5,6,0,-2,108,49,0
5,7,0,-2,108,49,0
6,7,0,-2,108,50,0
--- ---VERSION
offset,limit,count-ms,lookup-mus,results
0,-2,59,89,1
---PATTERN START: http://aigp.csres.utexas.edu/~aigp/researcher/show/3661 http://swat.cse.lehigh.edu/resources/onto/aigp.owl#name  .
--- ---VERSION MATERIALIZED
patch,offset,limit,count-ms,lookup-mus,results
4,0,-2,10,7,1
5,0,-2,139,149,1
6,0,-2,86,143,1
7,0,-2,85,143,1
3,0,-2,118,132,1
2,0,-2,74,121,1
1,0,-2,74,120,1
0,0,-2,77,123,1
--- ---DELTA MATERIALIZED
patch_start,patch_end,offset,limit,count-ms,lookup-mus,results
0,1,0,-2,137,65,0
0,2,0,-2,135,63,0
0,3,0,-2,136,63,0
0,4,0,-2,70,63,0
0,5,0,-2,146,134,0
0,6,0,-2,146,131,0
0,7,0,-2,146,130,0
1,2,0,-2,137,63,0
1,3,0,-2,135,63,0
1,4,0,-2,70,62,0
1,5,0,-2,146,130,0
1,6,0,-2,147,130,0
1,7,0,-2,147,129,0
2,3,0,-2,135,63,0
2,4,0,-2,70,62,0
2,5,0,-2,149,130,0
2,6,0,-2,146,130,0
2,7,0,-2,146,131,0
3,4,0,-2,71,62,0
3,5,0,-2,146,130,0
3,6,0,-2,146,130,0
3,7,0,-2,147,130,0
4,5,0,-2,81,70,0
4,6,0,-2,80,69,0
4,7,0,-2,79,69,0
5,6,0,-2,156,72,0
5,7,0,-2,153,71,0
6,7,0,-2,153,71,0
--- ---VERSION
offset,limit,count-ms,lookup-mus,results
0,-2,88,126,1
---PATTERN START: http://aigp.csres.utexas.edu/~aigp/researcher/show/1218 http://www.w3.org/1999/02/22-rdf-syntax-ns#type  .
--- ---VERSION MATERIALIZED
patch,offset,limit,count-ms,lookup-mus,results
4,0,-2,10,7,1
5,0,-2,98,106,1
6,0,-2,58,93,1
7,0,-2,59,93,1
3,0,-2,84,102,1
2,0,-2,58,101,1
1,0,-2,57,112,1
0,0,-2,56,100,1
--- ---DELTA MATERIALIZED
patch_start,patch_end,offset,limit,count-ms,lookup-mus,results
0,1,0,-2,100,47,0
0,2,0,-2,100,45,0
0,3,0,-2,99,44,0
0,4,0,-2,51,44,0
0,5,0,-2,101,88,0
0,6,0,-2,101,89,0
0,7,0,-2,101,87,0
1,2,0,-2,97,44,0
1,3,0,-2,98,44,0
1,4,0,-2,51,43,0
1,5,0,-2,100,88,0
1,6,0,-2,101,87,0
1,7,0,-2,101,87,0
2,3,0,-2,100,43,0
2,4,0,-2,51,42,0
2,5,0,-2,100,89,0
2,6,0,-2,101,87,0
2,7,0,-2,101,88,0
3,4,0,-2,52,43,0
3,5,0,-2,101,88,0
3,6,0,-2,100,87,0
3,7,0,-2,101,87,0
4,5,0,-2,54,47,0
4,6,0,-2,54,48,0
4,7,0,-2,53,48,0
5,6,0,-2,101,48,0
5,7,0,-2,101,47,0
6,7,0,-2,101,48,0
--- ---VERSION
offset,limit,count-ms,lookup-mus,results
0,-2,58,86,1
---PATTERN START: http://aigp.csres.utexas.edu/~aigp/researcher/show/1045 http://swat.cse.lehigh.edu/resources/onto/aigp.owl#name  .
--- ---VERSION MATERIALIZED
patch,offset,limit,count-ms,lookup-mus,results
4,0,-2,8,7,1
5,0,-2,94,95,1
6,0,-2,58,94,1
7,0,-2,58,97,1
3,0,-2,83,91,1
2,0,-2,57,93,1
1,0,-2,51,91,1
0,0,-2,52,90,1
--- ---DELTA MATERIALIZED
patch_start,patch_end,offset,limit,count-ms,lookup-mus,results
0,1,0,-2,90,42,0
0,2,0,-2,90,40,0
0,3,0,-2,92,41,0
0,4,0,-2,51,44,0
0,5,0,-2,98,84,0
0,6,0,-2,97,84,0
0,7,0,-2,97,85,0
1,2,0,-2,90,42,0
1,3,0,-2,89,41,0
1,4,0,-2,47,40,0
1,5,0,-2,97,83,0
1,6,0,-2,97,85,0
1,7,0,-2,98,85,0
2,3,0,-2,90,41,0
2,4,0,-2,47,40,0
2,5,0,-2,97,85,0
2,6,0,-2,97,83,0
2,7,0,-2,97,84,0
3,4,0,-2,50,40,0
3,5,0,-2,97,85,0
3,6,0,-2,97,84,0
3,7,0,-2,97,83,0
4,5,0,-2,53,47,0
4,6,0,-2,53,47,0
4,7,0,-2,53,46,0
5,6,0,-2,101,47,0
5,7,0,-2,101,47,0
6,7,0,-2,101,47,0
--- ---VERSION
offset,limit,count-ms,lookup-mus,results
0,-2,55,82,1
---PATTERN START: http://berrueta.net/main/about-me-and-this-site#twitterAccount http://www.w3.org/1999/02/22-rdf-syntax-ns#type  .
--- ---VERSION MATERIALIZED
patch,offset,limit,count-ms,lookup-mus,results
4,0,-2,6,6,1
5,0,-2,121,90,1
6,0,-2,63,91,1
7,0,-2,54,88,1
3,0,-2,104,83,1
2,0,-2,52,83,1
1,0,-2,51,83,1
0,0,-2,53,83,1
--- ---DELTA MATERIALIZED
patch_start,patch_end,offset,limit,count-ms,lookup-mus,results
0,1,0,-2,89,42,0
0,2,0,-2,88,41,0
0,3,0,-2,89,41,0
0,4,0,-2,46,40,0
0,5,0,-2,94,81,0
0,6,0,-2,95,81,0
0,7,0,-2,94,81,0
1,2,0,-2,88,41,0
1,3,0,-2,88,40,0
1,4,0,-2,46,40,0
1,5,0,-2,94,82,0
1,6,0,-2,94,85,0
1,7,0,-2,94,83,0
2,3,0,-2,90,41,0
2,4,0,-2,48,41,0
2,5,0,-2,97,85,0
2,6,0,-2,96,85,0
2,7,0,-2,95,83,0
3,4,0,-2,48,41,0
3,5,0,-2,95,84,0
3,6,0,-2,94,84,0
3,7,0,-2,94,83,0
4,5,0,-2,50,43,0
4,6,0,-2,50,43,0
4,7,0,-2,51,45,0
5,6,0,-2,98,45,0
5,7,0,-2,98,48,0
6,7,0,-2,98,45,0
--- ---VERSION
offset,limit,count-ms,lookup-mus,results
0,-2,60,81,1
---PATTERN START: http://aigp.csres.utexas.edu/~aigp/researcher/show/103 http://swat.cse.lehigh.edu/resources/onto/aigp.owl#name  .
--- ---VERSION MATERIALIZED
patch,offset,limit,count-ms,lookup-mus,results
4,0,-2,9,7,1
5,0,-2,103,113,1
6,0,-2,69,118,1
7,0,-2,73,114,1
3,0,-2,95,115,1
2,0,-2,65,113,1
1,0,-2,64,113,1
0,0,-2,75,114,1
--- ---DELTA MATERIALIZED
patch_start,patch_end,offset,limit,count-ms,lookup-mus,results
0,1,0,-2,115,54,0
0,2,0,-2,116,50,0
0,3,0,-2,109,51,0
0,4,0,-2,57,49,0
0,5,0,-2,121,106,0
0,6,0,-2,118,105,0
0,7,0,-2,117,105,0
1,2,0,-2,110,52,0
1,3,0,-2,109,50,0
1,4,0,-2,57,49,0
1,5,0,-2,117,106,0
1,6,0,-2,117,105,0
1,7,0,-2,120,105,0
2,3,0,-2,110,51,0
2,4,0,-2,57,50,0
2,5,0,-2,119,105,0
2,6,0,-2,119,105,0
2,7,0,-2,118,107,0
3,4,0,-2,57,50,0
3,5,0,-2,118,105,0
3,6,0,-2,118,105,0
3,7,0,-2,117,107,0
4,5,0,-2,64,57,0
4,6,0,-2,64,57,0
4,7,0,-2,64,56,0
5,6,0,-2,125,58,0
5,7,0,-2,123,57,0
6,7,0,-2,122,57,0
--- ---VERSION
offset,limit,count-ms,lookup-mus,results
0,-2,67,99,1
---PATTERN START: http://aigp.csres.utexas.edu/~aigp/researcher/show/2838 http://swat.cse.lehigh.edu/resources/onto/aigp.owl#name  .
--- ---VERSION MATERIALIZED
patch,offset,limit,count-ms,lookup-mus,results
4,0,-2,9,7,1
5,0,-2,111,113,1
6,0,-2,69,103,1
7,0,-2,63,103,1
3,0,-2,109,107,1
2,0,-2,63,107,1
1,0,-2,61,107,1
0,0,-2,60,106,1
--- ---DELTA MATERIALIZED
patch_start,patch_end,offset,limit,count-ms,lookup-mus,results
0,1,0,-2,108,50,0
0,2,0,-2,110,49,0
0,3,0,-2,108,49,0
0,4,0,-2,58,48,0
0,5,0,-2,112,96,0
0,6,0,-2,112,96,0
0,7,0,-2,111,95,0
1,2,0,-2,112,49,0
1,3,0,-2,107,49,0
1,4,0,-2,57,48,0
1,5,0,-2,112,96,0
1,6,0,-2,111,95,0
1,7,0,-2,113,95,0
2,3,0,-2,109,49,0
2,4,0,-2,57,48,0
2,5,0,-2,113,94,0
2,6,0,-2,112,96,0
2,7,0,-2,113,95,0
3,4,0,-2,56,48,0
3,5,0,-2,112,96,0
3,6,0,-2,112,97,0
3,7,0,-2,111,94,0
4,5,0,-2,59,49,0
4,6,0,-2,58,49,0
4,7,0,-2,59,50,0
5,6,0,-2,112,50,0
5,7,0,-2,113,50,0
6,7,0,-2,112,50,0
--- ---VERSION
offset,limit,count-ms,lookup-mus,results
0,-2,62,90,1
---PATTERN START: http://aigp.csres.utexas.edu/~aigp/researcher/show/932 http://swat.cse.lehigh.edu/resources/onto/aigp.owl#name  .
--- ---VERSION MATERIALIZED
patch,offset,limit,count-ms,lookup-mus,results
4,0,-2,9,8,1
5,0,-2,125,123,1
6,0,-2,65,110,1
7,0,-2,65,110,1
3,0,-2,110,109,1
2,0,-2,63,128,1
1,0,-2,63,109,1
0,0,-2,61,108,1
--- ---DELTA MATERIALIZED
patch_start,patch_end,offset,limit,count-ms,lookup-mus,results
0,1,0,-2,111,50,0
0,2,0,-2,111,50,0
0,3,0,-2,120,49,0
0,4,0,-2,57,49,0
0,5,0,-2,114,99,0
0,6,0,-2,114,100,0
0,7,0,-2,115,99,0
1,2,0,-2,111,49,0
1,3,0,-2,110,49,0
1,4,0,-2,58,49,0
1,5,0,-2,114,100,0
1,6,0,-2,123,98,0
1,7,0,-2,115,98,0
2,3,0,-2,111,49,0
2,4,0,-2,58,49,0
2,5,0,-2,114,102,0
2,6,0,-2,115,98,0
2,7,0,-2,114,98,0
3,4,0,-2,57,49,0
3,5,0,-2,114,100,0
3,6,0,-2,114,98,0
3,7,0,-2,113,98,0
4,5,0,-2,61,53,0
4,6,0,-2,61,53,0
4,7,0,-2,60,58,0
5,6,0,-2,119,58,0
5,7,0,-2,119,55,0
6,7,0,-2,119,55,0
--- ---VERSION
offset,limit,count-ms,lookup-mus,results
0,-2,62,97,1
---PATTERN START: http://aigp.csres.utexas.edu/~aigp/researcher/show/4060 http://swat.cse.lehigh.edu/resources/onto/aigp.owl#hasAdvisor  .
--- ---VERSION MATERIALIZED
patch,offset,limit,count-ms,lookup-mus,results
4,0,-2,5,6,1
5,0,-2,154,148,1
6,0,-2,88,146,1
7,0,-2,99,149,1
3,0,-2,136,144,1
2,0,-2,83,143,1
1,0,-2,90,147,1
0,0,-2,85,149,1
--- ---DELTA MATERIALIZED
patch_start,patch_end,offset,limit,count-ms,lookup-mus,results
0,1,0,-2,160,75,0
0,2,0,-2,157,74,0
0,3,0,-2,159,73,0
0,4,0,-2,82,73,0
0,5,0,-2,167,147,0
0,6,0,-2,164,145,0
0,7,0,-2,163,145,0
1,2,0,-2,157,74,0
1,3,0,-2,159,73,0
1,4,0,-2,82,72,0
1,5,0,-2,166,147,0
1,6,0,-2,161,144,0
1,7,0,-2,161,146,0
2,3,0,-2,156,76,0
2,4,0,-2,82,72,0
2,5,0,-2,166,145,0
2,6,0,-2,159,144,0
2,7,0,-2,162,144,0
3,4,0,-2,81,71,0
3,5,0,-2,164,144,0
3,6,0,-2,162,146,0
3,7,0,-2,162,145,0
4,5,0,-2,84,75,0
4,6,0,-2,87,76,0
4,7,0,-2,86,77,0
5,6,0,-2,171,78,0
5,7,0,-2,171,81,0
6,7,0,-2,184,87,0
--- ---VERSION
offset,limit,count-ms,lookup-mus,results
0,-2,98,140,1
---PATTERN START: http://aigp.csres.utexas.edu/~aigp/researcher/show/928 http://www.w3.org/1999/02/22-rdf-syntax-ns#type  .
--- ---VERSION MATERIALIZED
patch,offset,limit,count-ms,lookup-mus,results
4,0,-2,10,7,1
5,0,-2,129,119,1
6,0,-2,74,121,1
7,0,-2,67,117,1
3,0,-2,113,112,1
2,0,-2,65,111,1
1,0,-2,67,112,1
0,0,-2,64,111,1
--- ---DELTA MATERIALIZED
patch_start,patch_end,offset,limit,count-ms,lookup-mus,results
0,1,0,-2,115,53,0
0,2,0,-2,116,52,0
0,3,0,-2,115,54,0
0,4,0,-2,60,51,0
0,5,0,-2,120,102,0
0,6,0,-2,119,104,0
0,7,0,-2,119,103,0
1,2,0,-2,115,52,0
1,3,0,-2,115,52,0
1,4,0,-2,60,51,0
1,5,0,-2,120,103,0
1,6,0,-2,122,102,0
1,7,0,-2,119,102,0
2,3,0,-2,115,52,0
2,4,0,-2,60,52,0
2,5,0,-2,122,103,0
2,6,0,-2,119,102,0
2,7,0,-2,119,102,0
3,4,0,-2,60,51,0
3,5,0,-2,120,103,0
3,6,0,-2,119,102,0
3,7,0,-2,119,102,0
4,5,0,-2,64,54,0
4,6,0,-2,63,54,0
4,7,0,-2,63,60,0
5,6,0,-2,124,56,0
5,7,0,-2,125,57,0
6,7,0,-2,124,56,0
--- ---VERSION
offset,limit,count-ms,lookup-mus,results
0,-2,62,96,1
---PATTERN START: http://aigp.csres.utexas.edu/~aigp/researcher/show/2075 http://www.w3.org/2002/07/owl#sameAs  .
--- ---VERSION MATERIALIZED
patch,offset,limit,count-ms,lookup-mus,results
4,0,-2,10,7,1
5,0,-2,101,94,1
6,0,-2,55,93,1
7,0,-2,53,95,1
3,0,-2,107,101,1
2,0,-2,62,105,1
1,0,-2,57,101,1
0,0,-2,56,101,1
--- ---DELTA MATERIALIZED
patch_start,patch_end,offset,limit,count-ms,lookup-mus,results
0,1,0,-2,98,46,0
0,2,0,-2,97,45,0
0,3,0,-2,100,45,0
0,4,0,-2,52,44,0
0,5,0,-2,97,84,0
0,6,0,-2,97,84,0
0,7,0,-2,98,85,0
1,2,0,-2,100,45,0
1,3,0,-2,98,46,0
1,4,0,-2,52,45,0
1,5,0,-2,97,84,0
1,6,0,-2,98,86,0
1,7,0,-2,99,84,0
2,3,0,-2,98,45,0
2,4,0,-2,53,44,0
2,5,0,-2,97,84,0
2,6,0,-2,97,84,0
2,7,0,-2,99,85,0
3,4,0,-2,52,44,0
3,5,0,-2,97,86,0
3,6,0,-2,97,84,0
3,7,0,-2,97,84,0
4,5,0,-2,49,44,0
4,6,0,-2,50,43,0
4,7,0,-2,49,42,0
5,6,0,-2,93,44,0
5,7,0,-2,93,45,0
6,7,0,-2,93,43,0
--- ---VERSION
offset,limit,count-ms,lookup-mus,results
0,-2,52,81,1
---PATTERN START: http://aigp.csres.utexas.edu/~aigp/researcher/show/534 http://www.w3.org/1999/02/22-rdf-syntax-ns#type  .
--- ---VERSION MATERIALIZED
patch,offset,limit,count-ms,lookup-mus,results
4,0,-2,6,7,1
5,0,-2,152,133,1
6,0,-2,75,132,1
7,0,-2,75,132,1
3,0,-2,138,128,1
2,0,-2,74,127,1
1,0,-2,73,127,1
0,0,-2,73,129,1
--- ---DELTA MATERIALIZED
patch_start,patch_end,offset,limit,count-ms,lookup-mus,results
0,1,0,-2,134,61,0
0,2,0,-2,134,60,0
0,3,0,-2,132,60,0
0,4,0,-2,69,59,0
0,5,0,-2,138,120,0
0,6,0,-2,135,121,0
0,7,0,-2,135,119,0
1,2,0,-2,133,60,0
1,3,0,-2,133,60,0
1,4,0,-2,69,59,0
1,5,0,-2,137,121,0
1,6,0,-2,138,119,0
1,7,0,-2,134,119,0
2,3,0,-2,132,59,0
2,4,0,-2,69,59,0
2,5,0,-2,139,119,0
2,6,0,-2,136,119,0
2,7,0,-2,135,120,0
3,4,0,-2,69,60,0
3,5,0,-2,137,120,0
3,6,0,-2,136,120,0
3,7,0,-2,135,122,0
4,5,0,-2,71,63,0
4,6,0,-2,70,63,0
4,7,0,-2,71,63,0
5,6,0,-2,139,64,0
5,7,0,-2,138,65,0
6,7,0,-2,139,63,0
--- ---VERSION
offset,limit,count-ms,lookup-mus,results
0,-2,74,111,1
---PATTERN START: http://aigp.csres.utexas.edu/~aigp/researcher/show/3652 http://swat.cse.lehigh.edu/resources/onto/aigp.owl#hasAdvisor  .
--- ---VERSION MATERIALIZED
patch,offset,limit,count-ms,lookup-mus,results
4,0,-2,9,5,1
5,0,-2,114,108,1
6,0,-2,63,106,1
7,0,-2,63,110,1
3,0,-2,114,126,1
2,0,-2,65,114,1
1,0,-2,67,114,1
0,0,-2,65,115,1
--- ---DELTA MATERIALIZED
patch_start,patch_end,offset,limit,count-ms,lookup-mus,results
0,1,0,-2,116,57,0
0,2,0,-2,115,55,0
0,3,0,-2,115,55,0
0,4,0,-2,60,53,0
0,5,0,-2,116,106,0
0,6,0,-2,118,104,0
0,7,0,-2,116,104,0
1,2,0,-2,116,54,0
1,3,0,-2,116,54,0
1,4,0,-2,61,55,0
1,5,0,-2,117,104,0
1,6,0,-2,116,104,0
1,7,0,-2,116,104,0
2,3,0,-2,117,54,0
2,4,0,-2,60,54,0
2,5,0,-2,115,104,0
2,6,0,-2,115,104,0
2,7,0,-2,115,108,0
3,4,0,-2,61,54,0
3,5,0,-2,116,104,0
3,6,0,-2,115,104,0
3,7,0,-2,115,111,0
4,5,0,-2,60,52,0
4,6,0,-2,59,53,0
4,7,0,-2,59,54,0
5,6,0,-2,115,55,0
5,7,0,-2,116,55,0
6,7,0,-2,117,55,0
--- ---VERSION
offset,limit,count-ms,lookup-mus,results
0,-2,67,100,1
---PATTERN START: http://aigp.csres.utexas.edu/~aigp/researcher/show/1694 http://swat.cse.lehigh.edu/resources/onto/aigp.owl#hasAdvisor  .
--- ---VERSION MATERIALIZED
patch,offset,limit,count-ms,lookup-mus,results
4,0,-2,9,6,1
5,0,-2,99,105,1
6,0,-2,53,92,1
7,0,-2,53,91,1
3,0,-2,87,84,1
2,0,-2,48,84,1
1,0,-2,48,90,1
0,0,-2,51,83,1
--- ---DELTA MATERIALIZED
patch_start,patch_end,offset,limit,count-ms,lookup-mus,results
0,1,0,-2,82,38,0
0,2,0,-2,83,37,0
0,3,0,-2,84,37,0
0,4,0,-2,43,37,0
0,5,0,-2,89,77,0
0,6,0,-2,89,75,0
0,7,0,-2,89,77,0
1,2,0,-2,82,38,0
1,3,0,-2,83,37,0
1,4,0,-2,44,36,0
1,5,0,-2,89,78,0
1,6,0,-2,90,75,0
1,7,0,-2,89,75,0
2,3,0,-2,83,38,0
2,4,0,-2,43,36,0
2,5,0,-2,89,77,0
2,6,0,-2,91,75,0
2,7,0,-2,89,76,0
3,4,0,-2,45,37,0
3,5,0,-2,90,77,0
3,6,0,-2,90,75,0
3,7,0,-2,97,82,0
4,5,0,-2,51,43,0
4,6,0,-2,50,42,0
4,7,0,-2,50,42,0
5,6,0,-2,95,44,0
5,7,0,-2,97,42,0
6,7,0,-2,92,44,0
--- ---VERSION
offset,limit,count-ms,lookup-mus,results
0,-2,48,73,1
---PATTERN START: http://aigp.csres.utexas.edu/~aigp/researcher/show/3281 http://swat.cse.lehigh.edu/resources/onto/aigp.owl#hasAdvisor  .
--- ---VERSION MATERIALIZED
patch,offset,limit,count-ms,lookup-mus,results
4,0,-2,9,6,1
5,0,-2,109,99,1
6,0,-2,61,97,1
7,0,-2,62,100,1
3,0,-2,122,107,1
2,0,-2,61,106,1
1,0,-2,61,106,1
0,0,-2,60,106,1
--- ---DELTA MATERIALIZED
patch_start,patch_end,offset,limit,count-ms,lookup-mus,results
0,1,0,-2,108,53,0
0,2,0,-2,108,50,0
0,3,0,-2,109,51,0
0,4,0,-2,56,50,0
0,5,0,-2,111,99,0
0,6,0,-2,112,101,0
0,7,0,-2,111,99,0
1,2,0,-2,108,50,0
1,3,0,-2,107,50,0
1,4,0,-2,56,50,0
1,5,0,-2,113,101,0
1,6,0,-2,110,99,0
1,7,0,-2,111,99,0
2,3,0,-2,109,51,0
2,4,0,-2,58,50,0
2,5,0,-2,110,99,0
2,6,0,-2,110,99,0
2,7,0,-2,111,99,0
3,4,0,-2,57,51,0
3,5,0,-2,111,100,0
3,6,0,-2,111,100,0
3,7,0,-2,110,99,0
4,5,0,-2,58,51,0
4,6,0,-2,60,51,0
4,7,0,-2,57,51,0
5,6,0,-2,109,53,0
5,7,0,-2,110,52,0
6,7,0,-2,109,52,0
--- ---VERSION
offset,limit,count-ms,lookup-mus,results
0,-2,66,98,1
---PATTERN START: http://aigp.csres.utexas.edu/~aigp/researcher/show/3840 http://www.w3.org/2002/07/owl#sameAs  .
--- ---VERSION MATERIALIZED
patch,offset,limit,count-ms,lookup-mus,results
4,0,-2,9,7,1
5,0,-2,142,115,1
6,0,-2,68,114,1
7,0,-2,67,113,1
3,0,-2,115,112,1
2,0,-2,73,112,1
1,0,-2,62,111,1
0,0,-2,65,117,1
--- ---DELTA MATERIALIZED
patch_start,patch_end,offset,limit,count-ms,lookup-mus,results
0,1,0,-2,115,55,0
0,2,0,-2,118,53,0
0,3,0,-2,115,53,0
0,4,0,-2,60,53,0
0,5,0,-2,123,109,0
0,6,0,-2,120,108,0
0,7,0,-2,119,108,0
1,2,0,-2,114,54,0
1,3,0,-2,114,53,0
1,4,0,-2,60,52,0
1,5,0,-2,124,108,0
1,6,0,-2,118,109,0
1,7,0,-2,117,107,0
2,3,0,-2,113,56,0
2,4,0,-2,60,53,0
2,5,0,-2,122,107,0
2,6,0,-2,119,107,0
2,7,0,-2,119,108,0
3,4,0,-2,60,51,0
3,5,0,-2,120,109,0
3,6,0,-2,120,107,0
3,7,0,-2,118,109,0
4,5,0,-2,63,56,0
4,6,0,-2,63,56,0
4,7,0,-2,63,57,0
5,6,0,-2,125,59,0
5,7,0,-2,125,59,0
6,7,0,-2,127,58,0
--- ---VERSION
offset,limit,count-ms,lookup-mus,results
0,-2,67,112,1
---PATTERN START: http://aigp.csres.utexas.edu/~aigp/researcher/show/3470 http://swat.cse.lehigh.edu/resources/onto/aigp.owl#hasAdvisor  .
--- ---VERSION MATERIALIZED
patch,offset,limit,count-ms,lookup-mus,results
4,0,-2,6,6,1
5,0,-2,153,162,1
6,0,-2,95,156,1
7,0,-2,95,162,1
3,0,-2,151,165,1
2,0,-2,95,162,1
1,0,-2,95,162,1
0,0,-2,98,162,1
--- ---DELTA MATERIALIZED
patch_start,patch_end,offset,limit,count-ms,lookup-mus,results
0,1,0,-2,174,79,0
0,2,0,-2,173,78,0
0,3,0,-2,175,78,0
0,4,0,-2,89,77,0
0,5,0,-2,175,153,0
0,6,0,-2,176,151,0
0,7,0,-2,174,151,0
1,2,0,-2,174,78,0
1,3,0,-2,176,78,0
1,4,0,-2,90,77,0
1,5,0,-2,174,151,0
1,6,0,-2,177,151,0
1,7,0,-2,175,153,0
2,3,0,-2,174,79,0
2,4,0,-2,89,78,0
2,5,0,-2,174,152,0
2,6,0,-2,175,155,0
2,7,0,-2,175,151,0
3,4,0,-2,90,77,0
3,5,0,-2,174,152,0
3,6,0,-2,175,154,0
3,7,0,-2,174,151,0
4,5,0,-2,90,77,0
4,6,0,-2,88,76,0
4,7,0,-2,88,76,0
5,6,0,-2,172,77,0
5,7,0,-2,174,77,0
6,7,0,-2,172,77,0
--- ---VERSION
offset,limit,count-ms,lookup-mus,results
0,-2,100,144,1
---PATTERN START: http://aigp.csres.utexas.edu/~aigp/researcher/show/1208 http://www.w3.org/1999/02/22-rdf-syntax-ns#type  .
--- ---VERSION MATERIALIZED
patch,offset,limit,count-ms,lookup-mus,results
4,0,-2,9,7,1
5,0,-2,110,107,1
6,0,-2,64,105,1
7,0,-2,67,118,1
3,0,-2,87,102,1
2,0,-2,57,103,1
1,0,-2,59,102,1
0,0,-2,58,101,1
--- ---DELTA MATERIALIZED
patch_start,patch_end,offset,limit,count-ms,lookup-mus,results
0,1,0,-2,113,48,0
0,2,0,-2,103,47,0
0,3,0,-2,103,47,0
0,4,0,-2,54,47,0
0,5,0,-2,111,98,0
0,6,0,-2,112,96,0
0,7,0,-2,112,96,0
1,2,0,-2,103,47,0
1,3,0,-2,103,47,0
1,4,0,-2,54,48,0
1,5,0,-2,111,97,0
1,6,0,-2,111,96,0
1,7,0,-2,112,96,0
2,3,0,-2,103,47,0
2,4,0,-2,55,46,0
2,5,0,-2,112,96,0
2,6,0,-2,110,96,0
2,7,0,-2,112,98,0
3,4,0,-2,54,47,0
3,5,0,-2,111,96,0
3,6,0,-2,111,96,0
3,7,0,-2,111,98,0
4,5,0,-2,60,53,0
4,6,0,-2,63,53,0
4,7,0,-2,61,52,0
5,6,0,-2,114,53,0
5,7,0,-2,115,53,0
6,7,0,-2,115,53,0
--- ---VERSION
offset,limit,count-ms,lookup-mus,results
0,-2,62,94,1
---PATTERN START: http://aigp.csres.utexas.edu/~aigp/researcher/show/1008 http://swat.cse.lehigh.edu/resources/onto/aigp.owl#hasAdvisor  .
--- ---VERSION MATERIALIZED
patch,offset,limit,count-ms,lookup-mus,results
4,0,-2,5,6,1
5,0,-2,137,174,1
6,0,-2,101,171,1
7,0,-2,113,177,1
3,0,-2,133,173,1
2,0,-2,100,174,1
1,0,-2,100,175,1
0,0,-2,102,173,1
--- ---DELTA MATERIALIZED
patch_start,patch_end,offset,limit,count-ms,lookup-mus,results
0,1,0,-2,189,88,0
0,2,0,-2,186,85,0
0,3,0,-2,184,85,0
0,4,0,-2,96,86,0
0,5,0,-2,186,167,0
0,6,0,-2,188,167,0
0,7,0,-2,189,168,0
1,2,0,-2,185,84,0
1,3,0,-2,182,86,0
1,4,0,-2,94,84,0
1,5,0,-2,185,166,0
1,6,0,-2,186,169,0
1,7,0,-2,187,166,0
2,3,0,-2,184,85,0
2,4,0,-2,95,83,0
2,5,0,-2,185,168,0
2,6,0,-2,186,169,0
2,7,0,-2,187,167,0
3,4,0,-2,94,85,0
3,5,0,-2,186,167,0
3,6,0,-2,187,166,0
3,7,0,-2,187,168,0
4,5,0,-2,95,85,0
4,6,0,-2,95,85,0
4,7,0,-2,95,84,0
5,6,0,-2,185,85,0
5,7,0,-2,186,85,0
6,7,0,-2,184,85,0
--- ---VERSION
offset,limit,count-ms,lookup-mus,results
0,-2,103,157,1
---PATTERN START: http://aigp.csres.utexas.edu/~aigp/researcher/show/178 http://swat.cse.lehigh.edu/resources/onto/aigp.owl#name  .
--- ---VERSION MATERIALIZED
patch,offset,limit,count-ms,lookup-mus,results
4,0,-2,9,8,1
5,0,-2,130,144,1
6,0,-2,87,142,1
7,0,-2,87,152,1
3,0,-2,122,138,1
2,0,-2,81,137,1
1,0,-2,83,138,1
0,0,-2,82,137,1
--- ---DELTA MATERIALIZED
patch_start,patch_end,offset,limit,count-ms,lookup-mus,results
0,1,0,-2,149,68,0
0,2,0,-2,148,67,0
0,3,0,-2,150,68,0
0,4,0,-2,77,67,0
0,5,0,-2,156,134,0
0,6,0,-2,155,134,0
0,7,0,-2,159,135,0
1,2,0,-2,150,68,0
1,3,0,-2,149,67,0
1,4,0,-2,77,68,0
1,5,0,-2,156,133,0
1,6,0,-2,158,134,0
1,7,0,-2,156,135,0
2,3,0,-2,148,67,0
2,4,0,-2,77,66,0
2,5,0,-2,156,136,0
2,6,0,-2,158,133,0
2,7,0,-2,156,133,0
3,4,0,-2,77,67,0
3,5,0,-2,157,135,0
3,6,0,-2,156,133,0
3,7,0,-2,156,133,0
4,5,0,-2,84,72,0
4,6,0,-2,83,71,0
4,7,0,-2,83,71,0
5,6,0,-2,160,74,0
5,7,0,-2,162,72,0
6,7,0,-2,160,72,0
--- ---VERSION
offset,limit,count-ms,lookup-mus,results
0,-2,87,126,1
---PATTERN START: http://aigp.csres.utexas.edu/~aigp/researcher/show/2075 http://swat.cse.lehigh.edu/resources/onto/aigp.owl#hasAdvisor  .
--- ---VERSION MATERIALIZED
patch,offset,limit,count-ms,lookup-mus,results
4,0,-2,9,5,1
5,0,-2,103,95,1
6,0,-2,55,94,1
7,0,-2,56,96,1
3,0,-2,107,101,1
2,0,-2,63,105,1
1,0,-2,57,100,1
0,0,-2,57,100,1
--- ---DELTA MATERIALIZED
patch_start,patch_end,offset,limit,count-ms,lookup-mus,results
0,1,0,-2,100,47,0
0,2,0,-2,99,45,0
0,3,0,-2,101,45,0
0,4,0,-2,52,44,0
0,5,0,-2,100,87,0
0,6,0,-2,100,86,0
0,7,0,-2,101,86,0
1,2,0,-2,101,45,0
1,3,0,-2,101,45,0
1,4,0,-2,52,45,0
1,5,0,-2,100,86,0
1,6,0,-2,100,86,0
1,7,0,-2,102,87,0
2,3,0,-2,100,46,0
2,4,0,-2,52,45,0
2,5,0,-2,100,86,0
2,6,0,-2,100,86,0
2,7,0,-2,101,86,0
3,4,0,-2,53,45,0
3,5,0,-2,100,86,0
3,6,0,-2,100,87,0
3,7,0,-2,100,87,0
4,5,0,-2,52,44,0
4,6,0,-2,51,44,0
4,7,0,-2,51,44,0
5,6,0,-2,96,45,0
5,7,0,-2,97,45,0
6,7,0,-2,97,46,0
--- ---VERSION
offset,limit,count-ms,lookup-mus,results
0,-2,55,84,1
---PATTERN START: http://aigp.csres.utexas.edu/~aigp/researcher/show/4060 http://swat.cse.lehigh.edu/resources/onto/aigp.owl#name  .
--- ---VERSION MATERIALIZED
patch,offset,limit,count-ms,lookup-mus,results
4,0,-2,5,7,1
5,0,-2,152,147,1
6,0,-2,94,151,1
7,0,-2,86,147,1
3,0,-2,130,144,1
2,0,-2,84,147,1
1,0,-2,82,143,1
0,0,-2,85,149,1
--- ---DELTA MATERIALIZED
patch_start,patch_end,offset,limit,count-ms,lookup-mus,results
0,1,0,-2,158,75,0
0,2,0,-2,159,72,0
0,3,0,-2,158,71,0
0,4,0,-2,82,71,0
0,5,0,-2,166,144,0
0,6,0,-2,160,141,0
0,7,0,-2,160,142,0
1,2,0,-2,156,71,0
1,3,0,-2,160,71,0
1,4,0,-2,82,70,0
1,5,0,-2,164,145,0
1,6,0,-2,159,142,0
1,7,0,-2,158,140,0
2,3,0,-2,153,69,0
2,4,0,-2,80,70,0
2,5,0,-2,164,141,0
2,6,0,-2,160,142,0
2,7,0,-2,160,141,0
3,4,0,-2,79,69,0
3,5,0,-2,162,146,0
3,6,0,-2,157,141,0
3,7,0,-2,158,141,0
4,5,0,-2,83,74,0
4,6,0,-2,84,73,0
4,7,0,-2,84,74,0
5,6,0,-2,167,74,0
5,7,0,-2,166,77,0
6,7,0,-2,166,75,0
--- ---VERSION
offset,limit,count-ms,lookup-mus,results
0,-2,88,135,1
---PATTERN START: http://aigp.csres.utexas.edu/~aigp/researcher/show/529 http://www.w3.org/1999/02/22-rdf-syntax-ns#type  .
--- ---VERSION MATERIALIZED
patch,offset,limit,count-ms,lookup-mus,results
4,0,-2,9,7,1
5,0,-2,121,93,1
6,0,-2,58,91,1
7,0,-2,57,101,1
3,0,-2,108,103,1
2,0,-2,59,102,1
1,0,-2,58,102,1
0,0,-2,60,108,1
--- ---DELTA MATERIALIZED
patch_start,patch_end,offset,limit,count-ms,lookup-mus,results
0,1,0,-2,108,52,0
0,2,0,-2,106,51,0
0,3,0,-2,106,52,0
0,4,0,-2,56,50,0
0,5,0,-2,108,97,0
0,6,0,-2,107,95,0
0,7,0,-2,106,94,0
1,2,0,-2,105,51,0
1,3,0,-2,106,51,0
1,4,0,-2,56,50,0
1,5,0,-2,108,96,0
1,6,0,-2,106,93,0
1,7,0,-2,106,94,0
2,3,0,-2,106,52,0
2,4,0,-2,56,50,0
2,5,0,-2,107,94,0
2,6,0,-2,107,94,0
2,7,0,-2,106,93,0
3,4,0,-2,59,49,0
3,5,0,-2,106,94,0
3,6,0,-2,106,94,0
3,7,0,-2,106,95,0
4,5,0,-2,54,46,0
4,6,0,-2,55,47,0
4,7,0,-2,54,47,0
5,6,0,-2,105,48,0
5,7,0,-2,105,48,0
6,7,0,-2,103,48,0
--- ---VERSION
offset,limit,count-ms,lookup-mus,results
0,-2,64,96,1
---PATTERN START: http://aigp.csres.utexas.edu/~aigp/researcher/show/529 http://swat.cse.lehigh.edu/resources/onto/aigp.owl#hasAdvisor  .
--- ---VERSION MATERIALIZED
patch,offset,limit,count-ms,lookup-mus,results
4,0,-2,9,6,1
5,0,-2,130,97,1
6,0,-2,60,95,1
7,0,-2,60,95,1
3,0,-2,111,112,1
2,0,-2,71,117,1
1,0,-2,62,113,1
0,0,-2,64,113,1
--- ---DELTA MATERIALIZED
patch_start,patch_end,offset,limit,count-ms,lookup-mus,results
0,1,0,-2,113,54,0
0,2,0,-2,112,53,0
0,3,0,-2,112,52,0
0,4,0,-2,58,52,0
0,5,0,-2,113,102,0
0,6,0,-2,112,100,0
0,7,0,-2,113,100,0
1,2,0,-2,112,52,0
1,3,0,-2,112,52,0
1,4,0,-2,59,52,0
1,5,0,-2,113,103,0
1,6,0,-2,112,101,0
1,7,0,-2,111,99,0
2,3,0,-2,112,52,0
2,4,0,-2,58,51,0
2,5,0,-2,115,100,0
2,6,0,-2,111,99,0
2,7,0,-2,111,100,0
3,4,0,-2,58,51,0
3,5,0,-2,113,102,0
3,6,0,-2,111,100,0
3,7,0,-2,111,100,0
4,5,0,-2,57,49,0
4,6,0,-2,56,50,0
4,7,0,-2,59,51,0
5,6,0,-2,110,53,0
5,7,0,-2,110,54,0
6,7,0,-2,109,52,0
--- ---VERSION
offset,limit,count-ms,lookup-mus,results
0,-2,66,97,1
---PATTERN START: http://aigp.csres.utexas.edu/~aigp/researcher/show/1208 http://www.w3.org/2002/07/owl#sameAs  .
--- ---VERSION MATERIALIZED
patch,offset,limit,count-ms,lookup-mus,results
4,0,-2,9,8,1
5,0,-2,113,108,1
6,0,-2,65,113,1
7,0,-2,72,109,1
3,0,-2,88,104,1
2,0,-2,59,104,1
1,0,-2,60,104,1
0,0,-2,62,103,1
--- ---DELTA MATERIALIZED
patch_start,patch_end,offset,limit,count-ms,lookup-mus,results
0,1,0,-2,104,49,0
0,2,0,-2,105,47,0
0,3,0,-2,105,47,0
0,4,0,-2,55,47,0
0,5,0,-2,115,100,0
0,6,0,-2,113,98,0
0,7,0,-2,113,98,0
1,2,0,-2,105,48,0
1,3,0,-2,106,48,0
1,4,0,-2,55,47,0
1,5,0,-2,112,99,0
1,6,0,-2,113,97,0
1,7,0,-2,113,98,0
2,3,0,-2,105,47,0
2,4,0,-2,55,46,0
2,5,0,-2,114,98,0
2,6,0,-2,113,98,0
2,7,0,-2,115,100,0
3,4,0,-2,55,47,0
3,5,0,-2,113,98,0
3,6,0,-2,112,98,0
3,7,0,-2,113,101,0
4,5,0,-2,62,53,0
4,6,0,-2,62,54,0
4,7,0,-2,61,53,0
5,6,0,-2,118,54,0
5,7,0,-2,117,54,0
6,7,0,-2,119,54,0
--- ---VERSION
offset,limit,count-ms,lookup-mus,results
0,-2,64,95,1
---PATTERN START: http://bnb.data.bl.uk/doc/resource/006893251.html?_metadata=all,views,formats,execution,bindings&_view=publicationViewer http://www.w3.org/2000/01/rdf-schema#label  .
--- ---VERSION MATERIALIZED
patch,offset,limit,count-ms,lookup-mus,results
4,0,-2,6,7,1
5,0,-2,112,92,1
6,0,-2,52,99,1
7,0,-2,56,91,1
3,0,-2,107,87,1
2,0,-2,49,86,1
1,0,-2,50,86,1
0,0,-2,49,87,1
--- ---DELTA MATERIALIZED
patch_start,patch_end,offset,limit,count-ms,lookup-mus,results
0,1,0,-2,88,42,0
0,2,0,-2,86,41,0
0,3,0,-2,87,41,0
0,4,0,-2,46,41,0
0,5,0,-2,95,84,0
0,6,0,-2,93,82,0
0,7,0,-2,93,80,0
1,2,0,-2,84,41,0
1,3,0,-2,87,42,0
1,4,0,-2,46,40,0
1,5,0,-2,94,81,0
1,6,0,-2,92,81,0
1,7,0,-2,90,82,0
2,3,0,-2,86,42,0
2,4,0,-2,46,41,0
2,5,0,-2,93,80,0
2,6,0,-2,93,83,0
2,7,0,-2,93,81,0
3,4,0,-2,44,39,0
3,5,0,-2,91,80,0
3,6,0,-2,89,81,0
3,7,0,-2,91,81,0
4,5,0,-2,48,44,0
4,6,0,-2,50,43,0
4,7,0,-2,51,44,0
5,6,0,-2,98,45,0
5,7,0,-2,98,44,0
6,7,0,-2,97,47,0
--- ---VERSION
offset,limit,count-ms,lookup-mus,results
0,-2,51,77,1
