---PATTERN START: http://www.bbc.co.uk/nature/life/Vogelkop_Bowerbird#species http://purl.org/ontology/wo/adaptation http://www.bbc.co.uk/nature/adaptations/Hearing_(sense)#adaptation .
--- ---VERSION MATERIALIZED
patch,offset,limit,count-ms,lookup-mus,results
4,0,-2,9,6,1
5,0,-2,148,120,1
6,0,-2,70,109,1
7,0,-2,64,109,1
3,0,-2,161,145,1
2,0,-2,85,145,1
1,0,-2,84,143,1
0,0,-2,84,145,1
--- ---DELTA MATERIALIZED
patch_start,patch_end,offset,limit,count-ms,lookup-mus,results
0,1,0,-2,156,75,0
0,2,0,-2,155,70,0
0,3,0,-2,155,70,0
0,4,0,-2,80,70,0
0,5,0,-2,143,128,0
0,6,0,-2,141,127,0
0,7,0,-2,142,126,0
1,2,0,-2,158,75,0
1,3,0,-2,166,71,0
1,4,0,-2,85,73,0
1,5,0,-2,152,128,0
1,6,0,-2,145,126,0
1,7,0,-2,142,128,0
2,3,0,-2,156,73,0
2,4,0,-2,83,76,0
2,5,0,-2,150,127,0
2,6,0,-2,142,128,0
2,7,0,-2,143,126,0
3,4,0,-2,78,68,0
3,5,0,-2,142,125,0
3,6,0,-2,142,131,0
3,7,0,-2,144,126,0
4,5,0,-2,64,54,0
4,6,0,-2,64,55,0
4,7,0,-2,64,55,0
5,6,0,-2,128,56,0
5,7,0,-2,127,56,0
6,7,0,-2,127,58,0
--- ---VERSION
offset,limit,count-ms,lookup-mus,results
0,-2,80,123,1
---PATTERN START: http://identi.ca/user/299172 http://www.w3.org/1999/02/22-rdf-syntax-ns#type http://xmlns.com/foaf/0.1/Agent .
--- ---VERSION MATERIALIZED
patch,offset,limit,count-ms,lookup-mus,results
4,0,-2,9,6,1
5,0,-2,129,73,1
6,0,-2,43,64,1
7,0,-2,39,64,1
3,0,-2,136,88,1
2,0,-2,52,89,1
1,0,-2,54,87,1
0,0,-2,54,88,1
--- ---DELTA MATERIALIZED
patch_start,patch_end,offset,limit,count-ms,lookup-mus,results
0,1,0,-2,91,44,0
0,2,0,-2,91,43,0
0,3,0,-2,90,42,0
0,4,0,-2,48,42,0
0,5,0,-2,81,71,0
0,6,0,-2,82,71,0
0,7,0,-2,79,70,0
1,2,0,-2,89,43,0
1,3,0,-2,90,43,0
1,4,0,-2,48,42,0
1,5,0,-2,81,78,0
1,6,0,-2,86,70,0
1,7,0,-2,79,71,0
2,3,0,-2,89,42,0
2,4,0,-2,48,42,0
2,5,0,-2,81,71,0
2,6,0,-2,81,71,0
2,7,0,-2,79,70,0
3,4,0,-2,47,42,0
3,5,0,-2,81,70,0
3,6,0,-2,78,68,0
3,7,0,-2,78,68,0
4,5,0,-2,38,30,0
4,6,0,-2,35,30,0
4,7,0,-2,35,32,0
5,6,0,-2,65,30,0
5,7,0,-2,65,30,0
6,7,0,-2,65,30,0
--- ---VERSION
offset,limit,count-ms,lookup-mus,results
0,-2,47,66,1
---PATTERN START: http://identi.ca/user/11272 http://xmlns.com/foaf/0.1/account http://identi.ca/user/11272#acct .
--- ---VERSION MATERIALIZED
patch,offset,limit,count-ms,lookup-mus,results
4,0,-2,8,6,1
5,0,-2,131,92,1
6,0,-2,53,91,1
7,0,-2,52,91,1
3,0,-2,115,65,1
2,0,-2,49,67,1
1,0,-2,62,73,1
0,0,-2,43,66,1
--- ---DELTA MATERIALIZED
patch_start,patch_end,offset,limit,count-ms,lookup-mus,results
0,1,0,-2,72,36,0
0,2,0,-2,72,34,0
0,3,0,-2,73,34,0
0,4,0,-2,38,34,0
0,5,0,-2,89,75,0
0,6,0,-2,83,74,0
0,7,0,-2,83,74,0
1,2,0,-2,70,33,0
1,3,0,-2,72,35,0
1,4,0,-2,41,34,0
1,5,0,-2,90,75,0
1,6,0,-2,83,74,0
1,7,0,-2,83,76,0
2,3,0,-2,71,35,0
2,4,0,-2,37,34,0
2,5,0,-2,85,74,0
2,6,0,-2,85,77,0
2,7,0,-2,83,74,0
3,4,0,-2,38,33,0
3,5,0,-2,83,75,0
3,6,0,-2,83,76,0
3,7,0,-2,85,75,0
4,5,0,-2,49,43,0
4,6,0,-2,48,44,0
4,7,0,-2,50,44,0
5,6,0,-2,96,44,0
5,7,0,-2,96,45,0
6,7,0,-2,95,45,0
--- ---VERSION
offset,limit,count-ms,lookup-mus,results
0,-2,55,70,1
---PATTERN START: http://identi.ca/varuolo/foaf http://xmlns.com/foaf/0.1/maker http://identi.ca/user/6849 .
--- ---VERSION MATERIALIZED
patch,offset,limit,count-ms,lookup-mus,results
4,0,-2,8,5,1
5,0,-2,144,94,1
6,0,-2,62,93,1
7,0,-2,61,94,1
3,0,-2,145,84,1
2,0,-2,59,86,1
1,0,-2,57,86,1
0,0,-2,58,85,1
--- ---DELTA MATERIALIZED
patch_start,patch_end,offset,limit,count-ms,lookup-mus,results
0,1,0,-2,103,49,0
0,2,0,-2,104,48,0
0,3,0,-2,103,48,0
0,4,0,-2,54,47,0
0,5,0,-2,110,97,0
0,6,0,-2,107,98,0
0,7,0,-2,108,97,0
1,2,0,-2,101,48,0
1,3,0,-2,103,48,0
1,4,0,-2,54,48,0
1,5,0,-2,110,101,0
1,6,0,-2,108,97,0
1,7,0,-2,107,96,0
2,3,0,-2,102,48,0
2,4,0,-2,54,48,0
2,5,0,-2,115,96,0
2,6,0,-2,109,97,0
2,7,0,-2,108,97,0
3,4,0,-2,53,47,0
3,5,0,-2,109,98,0
3,6,0,-2,107,97,0
3,7,0,-2,108,98,0
4,5,0,-2,58,51,0
4,6,0,-2,58,52,0
4,7,0,-2,59,53,0
5,6,0,-2,113,52,0
5,7,0,-2,112,51,0
6,7,0,-2,112,52,0
--- ---VERSION
offset,limit,count-ms,lookup-mus,results
0,-2,73,95,1
---PATTERN START: http://identi.ca/user/65822 http://xmlns.com/foaf/0.1/account http://identi.ca/user/65822#acct .
--- ---VERSION MATERIALIZED
patch,offset,limit,count-ms,lookup-mus,results
4,0,-2,8,6,1
5,0,-2,138,82,1
6,0,-2,48,81,1
7,0,-2,48,80,1
3,0,-2,131,74,1
2,0,-2,46,85,1
1,0,-2,45,74,1
0,0,-2,45,73,1
--- ---DELTA MATERIALIZED
patch_start,patch_end,offset,limit,count-ms,lookup-mus,results
0,1,0,-2,78,37,0
0,2,0,-2,78,36,0
0,3,0,-2,77,35,0
0,4,0,-2,41,36,0
0,5,0,-2,85,71,0
0,6,0,-2,80,71,0
0,7,0,-2,81,73,0
1,2,0,-2,75,35,0
1,3,0,-2,77,36,0
1,4,0,-2,42,35,0
1,5,0,-2,85,72,0
1,6,0,-2,81,71,0
1,7,0,-2,80,71,0
2,3,0,-2,75,35,0
2,4,0,-2,40,35,0
2,5,0,-2,83,73,0
2,6,0,-2,81,71,0
2,7,0,-2,81,71,0
3,4,0,-2,40,34,0
3,5,0,-2,81,72,0
3,6,0,-2,80,72,0
3,7,0,-2,80,73,0
4,5,0,-2,45,38,0
4,6,0,-2,44,39,0
4,7,0,-2,45,39,0
5,6,0,-2,85,40,0
5,7,0,-2,85,39,0
6,7,0,-2,85,39,0
--- ---VERSION
offset,limit,count-ms,lookup-mus,results
0,-2,48,69,1
---PATTERN START: http://eprints.ecs.soton.ac.uk/id/document/8580 http://eprints.org/relation/hasVolatileVersion http://eprints.ecs.soton.ac.uk/id/document/22818 .
--- ---VERSION MATERIALIZED
patch,offset,limit,count-ms,lookup-mus,results
4,0,-2,8,6,1
5,0,-2,127,86,1
6,0,-2,51,84,1
7,0,-2,50,91,1
3,0,-2,135,67,1
2,0,-2,42,67,1
1,0,-2,41,67,1
0,0,-2,41,67,1
--- ---DELTA MATERIALIZED
patch_start,patch_end,offset,limit,count-ms,lookup-mus,results
0,1,0,-2,71,35,0
0,2,0,-2,71,37,0
0,3,0,-2,72,35,0
0,4,0,-2,39,35,0
0,5,0,-2,85,75,0
0,6,0,-2,82,75,0
0,7,0,-2,82,75,0
1,2,0,-2,71,35,0
1,3,0,-2,74,36,0
1,4,0,-2,39,34,0
1,5,0,-2,84,75,0
1,6,0,-2,82,74,0
1,7,0,-2,82,76,0
2,3,0,-2,71,34,0
2,4,0,-2,40,34,0
2,5,0,-2,84,74,0
2,6,0,-2,82,75,0
2,7,0,-2,82,75,0
3,4,0,-2,38,33,0
3,5,0,-2,82,75,0
3,6,0,-2,84,76,0
3,7,0,-2,82,74,0
4,5,0,-2,47,43,0
4,6,0,-2,47,43,0
4,7,0,-2,47,43,0
5,6,0,-2,90,45,0
5,7,0,-2,90,45,0
6,7,0,-2,90,45,0
--- ---VERSION
offset,limit,count-ms,lookup-mus,results
0,-2,52,74,1
---PATTERN START: http://identi.ca/emilio/foaf http://xmlns.com/foaf/0.1/maker http://identi.ca/user/13127 .
--- ---VERSION MATERIALIZED
patch,offset,limit,count-ms,lookup-mus,results
4,0,-2,8,6,1
5,0,-2,148,112,1
6,0,-2,79,114,1
7,0,-2,74,109,1
3,0,-2,162,122,1
2,0,-2,78,124,1
1,0,-2,80,122,1
0,0,-2,78,121,1
--- ---DELTA MATERIALIZED
patch_start,patch_end,offset,limit,count-ms,lookup-mus,results
0,1,0,-2,143,66,0
0,2,0,-2,143,68,0
0,3,0,-2,145,65,0
0,4,0,-2,75,64,0
0,5,0,-2,142,120,0
0,6,0,-2,141,120,0
0,7,0,-2,139,119,0
1,2,0,-2,143,65,0
1,3,0,-2,145,68,0
1,4,0,-2,76,65,0
1,5,0,-2,144,121,0
1,6,0,-2,141,120,0
1,7,0,-2,142,122,0
2,3,0,-2,144,65,0
2,4,0,-2,75,65,0
2,5,0,-2,142,121,0
2,6,0,-2,140,120,0
2,7,0,-2,140,121,0
3,4,0,-2,74,65,0
3,5,0,-2,144,120,0
3,6,0,-2,140,119,0
3,7,0,-2,141,122,0
4,5,0,-2,69,58,0
4,6,0,-2,70,58,0
4,7,0,-2,70,58,0
5,6,0,-2,134,59,0
5,7,0,-2,134,59,0
6,7,0,-2,134,60,0
--- ---VERSION
offset,limit,count-ms,lookup-mus,results
0,-2,88,115,1
---PATTERN START: http://data.linkedmdb.org/resource/director/10474 http://www.w3.org/1999/02/22-rdf-syntax-ns#type http://xmlns.com/foaf/0.1/Person .
--- ---VERSION MATERIALIZED
patch,offset,limit,count-ms,lookup-mus,results
4,0,-2,8,6,1
5,0,-2,151,154,1
6,0,-2,86,139,1
7,0,-2,81,139,1
3,0,-2,144,138,1
2,0,-2,90,136,1
1,0,-2,79,137,1
0,0,-2,80,136,1
--- ---DELTA MATERIALIZED
patch_start,patch_end,offset,limit,count-ms,lookup-mus,results
0,1,0,-2,146,69,0
0,2,0,-2,145,67,0
0,3,0,-2,145,68,0
0,4,0,-2,76,67,0
0,5,0,-2,154,137,0
0,6,0,-2,149,138,0
0,7,0,-2,149,136,0
1,2,0,-2,146,67,0
1,3,0,-2,144,67,0
1,4,0,-2,75,66,0
1,5,0,-2,151,138,0
1,6,0,-2,148,136,0
1,7,0,-2,149,135,0
2,3,0,-2,143,67,0
2,4,0,-2,76,66,0
2,5,0,-2,153,137,0
2,6,0,-2,147,135,0
2,7,0,-2,150,138,0
3,4,0,-2,75,66,0
3,5,0,-2,150,136,0
3,6,0,-2,148,138,0
3,7,0,-2,148,138,0
4,5,0,-2,78,72,0
4,6,0,-2,79,72,0
4,7,0,-2,80,72,0
5,6,0,-2,154,73,0
5,7,0,-2,152,73,0
6,7,0,-2,152,72,0
--- ---VERSION
offset,limit,count-ms,lookup-mus,results
0,-2,89,123,1
---PATTERN START: http://example.org/bnode/httpx3Ax2Fx2Fwwwx2Elegislationx2Egovx2Eukx2Fukpgax2F1985x2F67x2Fsectionx2F67xxdocument11 http://www.metalex.eu/metalex/2008-05-02#realizes http://www.legislation.gov.uk/id/ukpga/1985/67 .
--- ---VERSION MATERIALIZED
patch,offset,limit,count-ms,lookup-mus,results
4,0,-2,8,5,1
5,0,-2,154,132,1
6,0,-2,76,128,1
7,0,-2,76,140,1
3,0,-2,117,70,1
2,0,-2,44,69,1
1,0,-2,44,70,1
0,0,-2,43,68,1
--- ---DELTA MATERIALIZED
patch_start,patch_end,offset,limit,count-ms,lookup-mus,results
0,1,0,-2,76,39,0
0,2,0,-2,79,38,0
0,3,0,-2,79,37,0
0,4,0,-2,42,37,0
0,5,0,-2,113,100,0
0,6,0,-2,112,99,0
0,7,0,-2,114,99,0
1,2,0,-2,78,37,0
1,3,0,-2,79,37,0
1,4,0,-2,42,36,0
1,5,0,-2,111,98,0
1,6,0,-2,112,100,0
1,7,0,-2,111,98,0
2,3,0,-2,78,38,0
2,4,0,-2,42,36,0
2,5,0,-2,112,98,0
2,6,0,-2,122,108,0
2,7,0,-2,111,98,0
3,4,0,-2,42,37,0
3,5,0,-2,114,98,0
3,6,0,-2,112,100,0
3,7,0,-2,111,98,0
4,5,0,-2,74,65,0
4,6,0,-2,74,65,0
4,7,0,-2,74,65,0
5,6,0,-2,144,65,0
5,7,0,-2,142,65,0
6,7,0,-2,142,66,0
--- ---VERSION
offset,limit,count-ms,lookup-mus,results
0,-2,64,92,1
---PATTERN START: http://identi.ca/user/375840 http://xmlns.com/foaf/0.1/knows http://identi.ca/user/82035 .
--- ---VERSION MATERIALIZED
patch,offset,limit,count-ms,lookup-mus,results
4,0,-2,8,6,1
5,0,-2,141,83,1
6,0,-2,62,85,1
7,0,-2,55,81,1
3,0,-2,139,83,1
2,0,-2,58,87,1
1,0,-2,60,87,1
0,0,-2,60,86,1
--- ---DELTA MATERIALIZED
patch_start,patch_end,offset,limit,count-ms,lookup-mus,results
0,1,0,-2,104,52,0
0,2,0,-2,104,50,0
0,3,0,-2,104,50,0
0,4,0,-2,55,50,0
0,5,0,-2,108,96,0
0,6,0,-2,103,95,0
0,7,0,-2,102,95,0
1,2,0,-2,102,50,0
1,3,0,-2,104,52,0
1,4,0,-2,54,50,0
1,5,0,-2,105,95,0
1,6,0,-2,101,95,0
1,7,0,-2,101,97,0
2,3,0,-2,106,50,0
2,4,0,-2,54,49,0
2,5,0,-2,104,95,0
2,6,0,-2,101,96,0
2,7,0,-2,103,97,0
3,4,0,-2,54,49,0
3,5,0,-2,103,95,0
3,6,0,-2,102,96,0
3,7,0,-2,101,95,0
4,5,0,-2,52,49,0
4,6,0,-2,53,47,0
4,7,0,-2,53,48,0
5,6,0,-2,100,48,0
5,7,0,-2,100,48,0
6,7,0,-2,101,48,0
--- ---VERSION
offset,limit,count-ms,lookup-mus,results
0,-2,77,98,1
---PATTERN START: http://example.org/bnode/httpx3Ax2Fx2Fx78irclesx2Ecodehausx2Eorgx2Fusersx2Fscryanx2Ffoafxxbnode139 http://www.w3.org/1999/02/22-rdf-syntax-ns#type http://xmlns.com/foaf/0.1/Person .
--- ---VERSION MATERIALIZED
patch,offset,limit,count-ms,lookup-mus,results
4,0,-2,9,6,1
5,0,-2,116,65,1
6,0,-2,40,63,1
7,0,-2,40,64,1
3,0,-2,120,65,1
2,0,-2,47,69,1
1,0,-2,41,65,1
0,0,-2,40,65,1
--- ---DELTA MATERIALIZED
patch_start,patch_end,offset,limit,count-ms,lookup-mus,results
0,1,0,-2,68,34,0
0,2,0,-2,67,31,0
0,3,0,-2,66,32,0
0,4,0,-2,36,31,0
0,5,0,-2,69,70,0
0,6,0,-2,73,61,0
0,7,0,-2,69,60,0
1,2,0,-2,67,32,0
1,3,0,-2,67,32,0
1,4,0,-2,36,31,0
1,5,0,-2,69,61,0
1,6,0,-2,69,64,0
1,7,0,-2,69,60,0
2,3,0,-2,66,31,0
2,4,0,-2,36,31,0
2,5,0,-2,70,62,0
2,6,0,-2,69,60,0
2,7,0,-2,69,60,0
3,4,0,-2,37,31,0
3,5,0,-2,70,62,0
3,6,0,-2,70,61,0
3,7,0,-2,69,61,0
4,5,0,-2,37,32,0
4,6,0,-2,36,32,0
4,7,0,-2,37,32,0
5,6,0,-2,68,33,0
5,7,0,-2,70,34,0
6,7,0,-2,67,33,0
--- ---VERSION
offset,limit,count-ms,lookup-mus,results
0,-2,44,61,1
---PATTERN START: http://identi.ca/user/374059#acct http://rdfs.org/sioc/ns#follows http://identi.ca/user/300865#acct .
--- ---VERSION MATERIALIZED
patch,offset,limit,count-ms,lookup-mus,results
4,0,-2,8,5,1
5,0,-2,117,62,1
6,0,-2,37,61,1
7,0,-2,36,60,1
3,0,-2,118,67,1
2,0,-2,42,77,1
1,0,-2,41,67,1
0,0,-2,41,67,1
--- ---DELTA MATERIALIZED
patch_start,patch_end,offset,limit,count-ms,lookup-mus,results
0,1,0,-2,70,36,0
0,2,0,-2,70,33,0
0,3,0,-2,70,34,0
0,4,0,-2,37,33,0
0,5,0,-2,68,63,0
0,6,0,-2,66,59,0
0,7,0,-2,66,61,0
1,2,0,-2,68,34,0
1,3,0,-2,70,33,0
1,4,0,-2,37,32,0
1,5,0,-2,68,59,0
1,6,0,-2,67,61,0
1,7,0,-2,66,59,0
2,3,0,-2,68,33,0
2,4,0,-2,37,33,0
2,5,0,-2,68,61,0
2,6,0,-2,67,59,0
2,7,0,-2,66,59,0
3,4,0,-2,36,34,0
3,5,0,-2,67,60,0
3,6,0,-2,67,60,0
3,7,0,-2,66,59,0
4,5,0,-2,33,28,0
4,6,0,-2,34,29,0
4,7,0,-2,33,29,0
5,6,0,-2,64,31,0
5,7,0,-2,63,30,0
6,7,0,-2,65,30,0
--- ---VERSION
offset,limit,count-ms,lookup-mus,results
0,-2,42,59,1
---PATTERN START: http://identi.ca/user/291584#acct http://rdfs.org/sioc/ns#follows http://identi.ca/user/48404#acct .
--- ---VERSION MATERIALIZED
patch,offset,limit,count-ms,lookup-mus,results
4,0,-2,9,6,1
5,0,-2,130,73,1
6,0,-2,47,71,1
7,0,-2,47,71,1
3,0,-2,134,71,1
2,0,-2,42,70,1
1,0,-2,42,68,1
0,0,-2,42,69,1
--- ---DELTA MATERIALIZED
patch_start,patch_end,offset,limit,count-ms,lookup-mus,results
0,1,0,-2,71,36,0
0,2,0,-2,71,33,0
0,3,0,-2,70,35,0
0,4,0,-2,38,33,0
0,5,0,-2,79,70,0
0,6,0,-2,77,69,0
0,7,0,-2,77,68,0
1,2,0,-2,69,33,0
1,3,0,-2,70,33,0
1,4,0,-2,38,33,0
1,5,0,-2,78,70,0
1,6,0,-2,78,69,0
1,7,0,-2,76,68,0
2,3,0,-2,69,33,0
2,4,0,-2,38,33,0
2,5,0,-2,79,70,0
2,6,0,-2,76,66,0
2,7,0,-2,76,67,0
3,4,0,-2,36,31,0
3,5,0,-2,76,67,0
3,6,0,-2,75,66,0
3,7,0,-2,75,69,0
4,5,0,-2,43,37,0
4,6,0,-2,43,37,0
4,7,0,-2,42,37,0
5,6,0,-2,80,38,0
5,7,0,-2,79,38,0
6,7,0,-2,80,38,0
--- ---VERSION
offset,limit,count-ms,lookup-mus,results
0,-2,49,70,1
---PATTERN START: http://lod.geospecies.org/orders/D8gSC http://www.w3.org/2004/02/skos/core#narrowerTransitive http://lod.geospecies.org/families/tel4y .
--- ---VERSION MATERIALIZED
patch,offset,limit,count-ms,lookup-mus,results
4,0,-2,10,6,1
5,0,-2,143,109,1
6,0,-2,62,99,1
7,0,-2,59,99,1
3,0,-2,125,88,1
2,0,-2,50,87,1
1,0,-2,50,89,1
0,0,-2,50,88,1
--- ---DELTA MATERIALIZED
patch_start,patch_end,offset,limit,count-ms,lookup-mus,results
0,1,0,-2,88,42,0
0,2,0,-2,88,40,0
0,3,0,-2,87,39,0
0,4,0,-2,46,40,0
0,5,0,-2,98,85,0
0,6,0,-2,96,84,0
0,7,0,-2,97,86,0
1,2,0,-2,89,40,0
1,3,0,-2,90,40,0
1,4,0,-2,47,42,0
1,5,0,-2,100,85,0
1,6,0,-2,98,86,0
1,7,0,-2,98,85,0
2,3,0,-2,89,40,0
2,4,0,-2,48,40,0
2,5,0,-2,101,86,0
2,6,0,-2,97,85,0
2,7,0,-2,98,85,0
3,4,0,-2,47,39,0
3,5,0,-2,99,87,0
3,6,0,-2,98,84,0
3,7,0,-2,98,85,0
4,5,0,-2,54,47,0
4,6,0,-2,54,48,0
4,7,0,-2,55,48,0
5,6,0,-2,109,49,0
5,7,0,-2,107,49,0
6,7,0,-2,113,48,0
--- ---VERSION
offset,limit,count-ms,lookup-mus,results
0,-2,54,84,1
---PATTERN START: http://www.advogato.org/person/strlen/foaf.rdf#me http://xmlns.com/foaf/0.1/knows http://www.advogato.org/person/rms/foaf.rdf#me .
--- ---VERSION MATERIALIZED
patch,offset,limit,count-ms,lookup-mus,results
4,0,-2,15,6,1
5,0,-2,131,78,1
6,0,-2,45,76,1
7,0,-2,45,76,1
3,0,-2,119,80,1
2,0,-2,51,86,1
1,0,-2,54,78,1
0,0,-2,49,77,1
--- ---DELTA MATERIALIZED
patch_start,patch_end,offset,limit,count-ms,lookup-mus,results
0,1,0,-2,87,41,0
0,2,0,-2,87,39,0
0,3,0,-2,87,39,0
0,4,0,-2,46,39,0
0,5,0,-2,88,72,0
0,6,0,-2,83,72,0
0,7,0,-2,83,70,0
1,2,0,-2,85,38,0
1,3,0,-2,85,39,0
1,4,0,-2,47,38,0
1,5,0,-2,87,72,0
1,6,0,-2,83,70,0
1,7,0,-2,83,71,0
2,3,0,-2,84,38,0
2,4,0,-2,45,38,0
2,5,0,-2,84,74,0
2,6,0,-2,83,70,0
2,7,0,-2,82,72,0
3,4,0,-2,45,37,0
3,5,0,-2,83,70,0
3,6,0,-2,83,71,0
3,7,0,-2,83,71,0
4,5,0,-2,41,34,0
4,6,0,-2,41,35,0
4,7,0,-2,41,34,0
5,6,0,-2,78,36,0
5,7,0,-2,79,36,0
6,7,0,-2,79,36,0
--- ---VERSION
offset,limit,count-ms,lookup-mus,results
0,-2,48,72,1
---PATTERN START: http://www.ebusiness-unibw.org/ontologies/eclass/5.1.4/#C_AKH240002-tax http://www.w3.org/1999/02/22-rdf-syntax-ns#type http://www.w3.org/2002/07/owl#Class .
--- ---VERSION MATERIALIZED
patch,offset,limit,count-ms,lookup-mus,results
4,0,-2,10,6,1
5,0,-2,154,105,1
6,0,-2,72,108,1
7,0,-2,70,101,1
3,0,-2,143,116,1
2,0,-2,70,116,1
1,0,-2,74,121,1
0,0,-2,70,119,1
--- ---DELTA MATERIALIZED
patch_start,patch_end,offset,limit,count-ms,lookup-mus,results
0,1,0,-2,129,62,0
0,2,0,-2,129,59,0
0,3,0,-2,129,59,0
0,4,0,-2,66,59,0
0,5,0,-2,135,118,0
0,6,0,-2,134,117,0
0,7,0,-2,136,118,0
1,2,0,-2,128,60,0
1,3,0,-2,128,60,0
1,4,0,-2,66,59,0
1,5,0,-2,139,119,0
1,6,0,-2,135,116,0
1,7,0,-2,132,116,0
2,3,0,-2,128,62,0
2,4,0,-2,67,59,0
2,5,0,-2,134,117,0
2,6,0,-2,133,116,0
2,7,0,-2,133,116,0
3,4,0,-2,68,60,0
3,5,0,-2,133,116,0
3,6,0,-2,132,116,0
3,7,0,-2,133,117,0
4,5,0,-2,67,57,0
4,6,0,-2,68,58,0
4,7,0,-2,69,58,0
5,6,0,-2,133,63,0
5,7,0,-2,134,60,0
6,7,0,-2,133,60,0
--- ---VERSION
offset,limit,count-ms,lookup-mus,results
0,-2,85,115,1
---PATTERN START: http://identi.ca/user/11256 http://xmlns.com/foaf/0.1/knows http://identi.ca/user/160 .
--- ---VERSION MATERIALIZED
patch,offset,limit,count-ms,lookup-mus,results
4,0,-2,9,6,1
5,0,-2,125,73,1
6,0,-2,43,69,1
7,0,-2,44,68,1
3,0,-2,109,67,1
2,0,-2,42,67,1
1,0,-2,44,71,1
0,0,-2,52,74,1
--- ---DELTA MATERIALIZED
patch_start,patch_end,offset,limit,count-ms,lookup-mus,results
0,1,0,-2,75,36,0
0,2,0,-2,75,35,0
0,3,0,-2,74,35,0
0,4,0,-2,40,34,0
0,5,0,-2,76,65,0
0,6,0,-2,74,67,0
0,7,0,-2,76,66,0
1,2,0,-2,72,34,0
1,3,0,-2,73,35,0
1,4,0,-2,39,34,0
1,5,0,-2,75,65,0
1,6,0,-2,73,65,0
1,7,0,-2,75,64,0
2,3,0,-2,73,34,0
2,4,0,-2,39,33,0
2,5,0,-2,75,66,0
2,6,0,-2,73,64,0
2,7,0,-2,74,65,0
3,4,0,-2,39,34,0
3,5,0,-2,76,65,0
3,6,0,-2,74,64,0
3,7,0,-2,74,64,0
4,5,0,-2,39,34,0
4,6,0,-2,38,34,0
4,7,0,-2,40,34,0
5,6,0,-2,73,35,0
5,7,0,-2,76,35,0
6,7,0,-2,75,34,0
--- ---VERSION
offset,limit,count-ms,lookup-mus,results
0,-2,46,65,1
---PATTERN START: http://identi.ca/mattcen/foaf http://xmlns.com/foaf/0.1/maker http://identi.ca/user/68167 .
--- ---VERSION MATERIALIZED
patch,offset,limit,count-ms,lookup-mus,results
4,0,-2,9,6,1
5,0,-2,138,98,1
6,0,-2,62,107,1
7,0,-2,61,95,1
3,0,-2,143,102,1
2,0,-2,68,101,1
1,0,-2,68,103,1
0,0,-2,68,102,1
--- ---DELTA MATERIALIZED
patch_start,patch_end,offset,limit,count-ms,lookup-mus,results
0,1,0,-2,123,61,0
0,2,0,-2,123,60,0
0,3,0,-2,125,61,0
0,4,0,-2,67,60,0
0,5,0,-2,123,107,0
0,6,0,-2,120,106,0
0,7,0,-2,120,108,0
1,2,0,-2,125,60,0
1,3,0,-2,127,60,0
1,4,0,-2,66,60,0
1,5,0,-2,124,108,0
1,6,0,-2,121,106,0
1,7,0,-2,120,107,0
2,3,0,-2,125,61,0
2,4,0,-2,66,60,0
2,5,0,-2,124,106,0
2,6,0,-2,120,106,0
2,7,0,-2,120,107,0
3,4,0,-2,65,58,0
3,5,0,-2,123,106,0
3,6,0,-2,119,106,0
3,7,0,-2,120,107,0
4,5,0,-2,58,48,0
4,6,0,-2,59,49,0
4,7,0,-2,58,49,0
5,6,0,-2,114,50,0
5,7,0,-2,113,49,0
6,7,0,-2,113,50,0
--- ---VERSION
offset,limit,count-ms,lookup-mus,results
0,-2,81,108,1
---PATTERN START: http://lod.geospecies.org/orders/uySxe.rdf http://xmlns.com/foaf/0.1/primaryTopic http://lod.geospecies.org/orders/uySxe .
--- ---VERSION MATERIALIZED
patch,offset,limit,count-ms,lookup-mus,results
4,0,-2,9,6,1
5,0,-2,146,98,1
6,0,-2,57,95,1
7,0,-2,55,95,1
3,0,-2,135,89,1
2,0,-2,51,86,1
1,0,-2,49,84,1
0,0,-2,49,85,1
--- ---DELTA MATERIALIZED
patch_start,patch_end,offset,limit,count-ms,lookup-mus,results
0,1,0,-2,85,43,0
0,2,0,-2,86,40,0
0,3,0,-2,89,40,0
0,4,0,-2,45,40,0
0,5,0,-2,94,84,0
0,6,0,-2,94,83,0
0,7,0,-2,94,84,0
1,2,0,-2,89,41,0
1,3,0,-2,88,41,0
1,4,0,-2,46,41,0
1,5,0,-2,97,86,0
1,6,0,-2,95,85,0
1,7,0,-2,94,88,0
2,3,0,-2,88,41,0
2,4,0,-2,47,40,0
2,5,0,-2,98,86,0
2,6,0,-2,96,85,0
2,7,0,-2,95,86,0
3,4,0,-2,46,40,0
3,5,0,-2,95,84,0
3,6,0,-2,94,84,0
3,7,0,-2,95,84,0
4,5,0,-2,53,45,0
4,6,0,-2,53,46,0
4,7,0,-2,52,47,0
5,6,0,-2,101,48,0
5,7,0,-2,102,47,0
6,7,0,-2,101,47,0
--- ---VERSION
offset,limit,count-ms,lookup-mus,results
0,-2,55,84,1
---PATTERN START: http://identi.ca/user/16938#acct http://rdfs.org/sioc/ns#follows http://identi.ca/user/3081#acct .
--- ---VERSION MATERIALIZED
patch,offset,limit,count-ms,lookup-mus,results
4,0,-2,10,6,1
5,0,-2,121,68,1
6,0,-2,45,66,1
7,0,-2,45,67,1
3,0,-2,123,81,1
2,0,-2,50,72,1
1,0,-2,48,76,1
0,0,-2,48,75,1
--- ---DELTA MATERIALIZED
patch_start,patch_end,offset,limit,count-ms,lookup-mus,results
0,1,0,-2,85,42,0
0,2,0,-2,84,40,0
0,3,0,-2,84,41,0
0,4,0,-2,44,40,0
0,5,0,-2,84,75,0
0,6,0,-2,82,74,0
0,7,0,-2,82,73,0
1,2,0,-2,84,40,0
1,3,0,-2,84,44,0
1,4,0,-2,45,40,0
1,5,0,-2,83,74,0
1,6,0,-2,82,74,0
1,7,0,-2,82,73,0
2,3,0,-2,84,40,0
2,4,0,-2,44,40,0
2,5,0,-2,83,74,0
2,6,0,-2,81,74,0
2,7,0,-2,81,74,0
3,4,0,-2,44,39,0
3,5,0,-2,83,73,0
3,6,0,-2,83,74,0
3,7,0,-2,82,73,0
4,5,0,-2,41,36,0
4,6,0,-2,41,37,0
4,7,0,-2,42,37,0
5,6,0,-2,79,38,0
5,7,0,-2,78,37,0
6,7,0,-2,80,38,0
--- ---VERSION
offset,limit,count-ms,lookup-mus,results
0,-2,58,75,1
---PATTERN START: http://example.org/bnode/httpx3Ax2Fx2Flegislationx2Edatax2Egovx2Eukx2Fukpgax2F1985x2F67x2Fdatax2Erdfxxdocument58 http://www.w3.org/1999/02/22-rdf-syntax-ns#type http://www.metalex.eu/metalex/2008-05-02#BibliographicExpression .
--- ---VERSION MATERIALIZED
patch,offset,limit,count-ms,lookup-mus,results
4,0,-2,9,6,1
5,0,-2,138,110,1
6,0,-2,75,110,1
7,0,-2,67,109,1
3,0,-2,143,114,1
2,0,-2,71,117,1
1,0,-2,74,118,1
0,0,-2,75,119,1
--- ---DELTA MATERIALIZED
patch_start,patch_end,offset,limit,count-ms,lookup-mus,results
0,1,0,-2,136,61,0
0,2,0,-2,135,58,0
0,3,0,-2,135,58,0
0,4,0,-2,72,58,0
0,5,0,-2,135,111,0
0,6,0,-2,131,111,0
0,7,0,-2,133,110,0
1,2,0,-2,134,57,0
1,3,0,-2,136,57,0
1,4,0,-2,70,57,0
1,5,0,-2,135,111,0
1,6,0,-2,130,110,0
1,7,0,-2,130,109,0
2,3,0,-2,135,58,0
2,4,0,-2,71,57,0
2,5,0,-2,135,111,0
2,6,0,-2,130,110,0
2,7,0,-2,134,110,0
3,4,0,-2,70,57,0
3,5,0,-2,133,111,0
3,6,0,-2,130,111,0
3,7,0,-2,131,111,0
4,5,0,-2,64,51,0
4,6,0,-2,62,55,0
4,7,0,-2,65,55,0
5,6,0,-2,127,56,0
5,7,0,-2,129,55,0
6,7,0,-2,127,56,0
--- ---VERSION
offset,limit,count-ms,lookup-mus,results
0,-2,73,106,1
---PATTERN START: http://www.legislation.gov.uk/id/ukpga/1985/67 http://www.metalex.eu/metalex/2008-05-02#realizedBy http://example.org/bnode/httpx3Ax2Fx2Fwwwx2Elegislationx2Egovx2Eukx2Fukpgax2F1985x2F67x2Fsectionx2F123xxdocument18 .
--- ---VERSION MATERIALIZED
patch,offset,limit,count-ms,lookup-mus,results
4,0,-2,11,6,1
5,0,-2,111,61,1
6,0,-2,38,58,1
7,0,-2,38,59,1
3,0,-2,115,95,1
2,0,-2,54,84,1
1,0,-2,54,85,1
0,0,-2,56,87,1
--- ---DELTA MATERIALIZED
patch_start,patch_end,offset,limit,count-ms,lookup-mus,results
0,1,0,-2,99,39,0
0,2,0,-2,98,39,0
0,3,0,-2,99,37,0
0,4,0,-2,52,36,0
0,5,0,-2,84,64,0
0,6,0,-2,78,64,0
0,7,0,-2,79,63,0
1,2,0,-2,93,38,0
1,3,0,-2,98,37,0
1,4,0,-2,52,36,0
1,5,0,-2,83,64,0
1,6,0,-2,79,63,0
1,7,0,-2,78,63,0
2,3,0,-2,93,37,0
2,4,0,-2,50,37,0
2,5,0,-2,82,63,0
2,6,0,-2,79,63,0
2,7,0,-2,78,64,0
3,4,0,-2,49,34,0
3,5,0,-2,79,63,0
3,6,0,-2,81,63,0
3,7,0,-2,78,64,0
4,5,0,-2,33,29,0
4,6,0,-2,33,29,0
4,7,0,-2,33,29,0
5,6,0,-2,62,30,0
5,7,0,-2,62,30,0
6,7,0,-2,62,30,0
--- ---VERSION
offset,limit,count-ms,lookup-mus,results
0,-2,46,64,1
---PATTERN START: http://www.ebusiness-unibw.org/ontologies/eclass/5.1.4/#C_AKH593002-tax http://www.w3.org/2000/01/rdf-schema#subClassOf http://www.ebusiness-unibw.org/ontologies/eclass/5.1.4/#C_AKH590002-tax .
--- ---VERSION MATERIALIZED
patch,offset,limit,count-ms,lookup-mus,results
4,0,-2,10,6,1
5,0,-2,168,124,1
6,0,-2,85,131,1
7,0,-2,84,121,1
3,0,-2,157,142,1
2,0,-2,84,145,1
1,0,-2,84,142,1
0,0,-2,84,145,1
--- ---DELTA MATERIALIZED
patch_start,patch_end,offset,limit,count-ms,lookup-mus,results
0,1,0,-2,157,76,0
0,2,0,-2,159,73,0
0,3,0,-2,157,73,0
0,4,0,-2,81,73,0
0,5,0,-2,162,146,0
0,6,0,-2,161,143,0
0,7,0,-2,161,145,0
1,2,0,-2,160,74,0
1,3,0,-2,157,73,0
1,4,0,-2,81,72,0
1,5,0,-2,161,145,0
1,6,0,-2,162,143,0
1,7,0,-2,160,143,0
2,3,0,-2,158,75,0
2,4,0,-2,82,73,0
2,5,0,-2,161,144,0
2,6,0,-2,160,146,0
2,7,0,-2,158,144,0
3,4,0,-2,82,73,0
3,5,0,-2,162,144,0
3,6,0,-2,160,146,0
3,7,0,-2,162,143,0
4,5,0,-2,81,70,0
4,6,0,-2,82,72,0
4,7,0,-2,82,71,0
5,6,0,-2,158,73,0
5,7,0,-2,160,73,0
6,7,0,-2,162,73,0
--- ---VERSION
offset,limit,count-ms,lookup-mus,results
0,-2,102,141,1
---PATTERN START: http://identi.ca/user/499245#acct http://rdfs.org/sioc/ns#follows http://identi.ca/user/123306#acct .
--- ---VERSION MATERIALIZED
patch,offset,limit,count-ms,lookup-mus,results
4,0,-2,9,6,1
5,0,-2,123,79,1
6,0,-2,41,65,1
7,0,-2,40,65,1
3,0,-2,116,69,1
2,0,-2,43,68,1
1,0,-2,43,68,1
0,0,-2,45,80,1
--- ---DELTA MATERIALIZED
patch_start,patch_end,offset,limit,count-ms,lookup-mus,results
0,1,0,-2,81,38,0
0,2,0,-2,77,36,0
0,3,0,-2,76,36,0
0,4,0,-2,41,35,0
0,5,0,-2,77,66,0
0,6,0,-2,75,65,0
0,7,0,-2,77,65,0
1,2,0,-2,74,36,0
1,3,0,-2,75,36,0
1,4,0,-2,41,36,0
1,5,0,-2,76,66,0
1,6,0,-2,73,65,0
1,7,0,-2,72,67,0
2,3,0,-2,73,35,0
2,4,0,-2,39,35,0
2,5,0,-2,75,65,0
2,6,0,-2,73,66,0
2,7,0,-2,73,65,0
3,4,0,-2,39,34,0
3,5,0,-2,74,65,0
3,6,0,-2,73,65,0
3,7,0,-2,73,65,0
4,5,0,-2,38,32,0
4,6,0,-2,36,31,0
4,7,0,-2,37,33,0
5,6,0,-2,71,34,0
5,7,0,-2,72,34,0
6,7,0,-2,74,35,0
--- ---VERSION
offset,limit,count-ms,lookup-mus,results
0,-2,48,67,1
---PATTERN START: http://www.ebusiness-unibw.org/ontologies/eclass/5.1.4/#C_BAF294001-gen http://www.w3.org/2000/01/rdf-schema#subClassOf http://www.ebusiness-unibw.org/ontologies/eclass/5.1.4/#C_BAF294001-tax .
--- ---VERSION MATERIALIZED
patch,offset,limit,count-ms,lookup-mus,results
4,0,-2,10,6,1
5,0,-2,193,191,1
6,0,-2,113,185,1
7,0,-2,106,185,1
3,0,-2,173,166,1
2,0,-2,94,164,1
1,0,-2,93,164,1
0,0,-2,94,170,1
--- ---DELTA MATERIALIZED
patch_start,patch_end,offset,limit,count-ms,lookup-mus,results
0,1,0,-2,178,87,0
0,2,0,-2,178,83,0
0,3,0,-2,177,86,0
0,4,0,-2,92,83,0
0,5,0,-2,197,177,0
0,6,0,-2,194,176,0
0,7,0,-2,194,177,0
1,2,0,-2,176,85,0
1,3,0,-2,177,83,0
1,4,0,-2,91,83,0
1,5,0,-2,196,179,0
1,6,0,-2,194,176,0
1,7,0,-2,193,176,0
2,3,0,-2,177,84,0
2,4,0,-2,91,83,0
2,5,0,-2,196,177,0
2,6,0,-2,193,175,0
2,7,0,-2,192,175,0
3,4,0,-2,94,86,0
3,5,0,-2,198,177,0
3,6,0,-2,193,176,0
3,7,0,-2,193,175,0
4,5,0,-2,103,92,0
4,6,0,-2,104,97,0
4,7,0,-2,107,93,0
5,6,0,-2,206,95,0
5,7,0,-2,207,97,0
6,7,0,-2,206,95,0
--- ---VERSION
offset,limit,count-ms,lookup-mus,results
0,-2,108,174,1
---PATTERN START: http://identi.ca/user/92720 http://xmlns.com/foaf/0.1/knows http://identi.ca/user/329561 .
--- ---VERSION MATERIALIZED
patch,offset,limit,count-ms,lookup-mus,results
4,0,-2,10,7,1
5,0,-2,120,83,1
6,0,-2,47,71,1
7,0,-2,43,71,1
3,0,-2,115,73,1
2,0,-2,44,73,1
1,0,-2,45,73,1
0,0,-2,46,84,1
--- ---DELTA MATERIALIZED
patch_start,patch_end,offset,limit,count-ms,lookup-mus,results
0,1,0,-2,84,40,0
0,2,0,-2,80,37,0
0,3,0,-2,79,37,0
0,4,0,-2,43,36,0
0,5,0,-2,80,68,0
0,6,0,-2,78,68,0
0,7,0,-2,80,68,0
1,2,0,-2,78,36,0
1,3,0,-2,79,37,0
1,4,0,-2,42,36,0
1,5,0,-2,80,67,0
1,6,0,-2,77,68,0
1,7,0,-2,79,68,0
2,3,0,-2,78,37,0
2,4,0,-2,41,36,0
2,5,0,-2,78,68,0
2,6,0,-2,77,67,0
2,7,0,-2,77,68,0
3,4,0,-2,41,37,0
3,5,0,-2,78,68,0
3,6,0,-2,77,67,0
3,7,0,-2,77,68,0
4,5,0,-2,40,34,0
4,6,0,-2,39,33,0
4,7,0,-2,39,33,0
5,6,0,-2,76,36,0
5,7,0,-2,76,35,0
6,7,0,-2,75,35,0
--- ---VERSION
offset,limit,count-ms,lookup-mus,results
0,-2,47,69,1
---PATTERN START: http://identi.ca/user/4522#acct http://rdfs.org/sioc/ns#follows http://identi.ca/user/217258#acct .
--- ---VERSION MATERIALIZED
patch,offset,limit,count-ms,lookup-mus,results
4,0,-2,10,6,1
5,0,-2,124,70,1
6,0,-2,47,72,1
7,0,-2,40,66,1
3,0,-2,124,91,1
2,0,-2,56,94,1
1,0,-2,56,93,1
0,0,-2,56,95,1
--- ---DELTA MATERIALIZED
patch_start,patch_end,offset,limit,count-ms,lookup-mus,results
0,1,0,-2,99,47,0
0,2,0,-2,99,45,0
0,3,0,-2,98,44,0
0,4,0,-2,52,44,0
0,5,0,-2,87,77,0
0,6,0,-2,87,74,0
0,7,0,-2,83,74,0
1,2,0,-2,95,44,0
1,3,0,-2,97,44,0
1,4,0,-2,52,44,0
1,5,0,-2,88,77,0
1,6,0,-2,84,73,0
1,7,0,-2,84,74,0
2,3,0,-2,96,45,0
2,4,0,-2,51,44,0
2,5,0,-2,86,75,0
2,6,0,-2,85,75,0
2,7,0,-2,83,75,0
3,4,0,-2,50,43,0
3,5,0,-2,85,74,0
3,6,0,-2,83,73,0
3,7,0,-2,86,74,0
4,5,0,-2,37,31,0
4,6,0,-2,36,31,0
4,7,0,-2,36,31,0
5,6,0,-2,69,33,0
5,7,0,-2,71,33,0
6,7,0,-2,70,33,0
--- ---VERSION
offset,limit,count-ms,lookup-mus,results
0,-2,53,75,1
---PATTERN START: http://identi.ca/user/39669 http://xmlns.com/foaf/0.1/knows http://identi.ca/user/74 .
--- ---VERSION MATERIALIZED
patch,offset,limit,count-ms,lookup-mus,results
4,0,-2,9,6,1
5,0,-2,134,70,1
6,0,-2,44,67,1
7,0,-2,43,67,1
3,0,-2,109,67,1
2,0,-2,42,67,1
1,0,-2,42,67,1
0,0,-2,45,80,1
--- ---DELTA MATERIALIZED
patch_start,patch_end,offset,limit,count-ms,lookup-mus,results
0,1,0,-2,74,37,0
0,2,0,-2,74,35,0
0,3,0,-2,74,34,0
0,4,0,-2,40,35,0
0,5,0,-2,78,68,0
0,6,0,-2,76,67,0
0,7,0,-2,79,68,0
1,2,0,-2,74,35,0
1,3,0,-2,74,35,0
1,4,0,-2,40,34,0
1,5,0,-2,77,67,0
1,6,0,-2,76,68,0
1,7,0,-2,77,67,0
2,3,0,-2,73,35,0
2,4,0,-2,39,34,0
2,5,0,-2,76,69,0
2,6,0,-2,75,66,0
2,7,0,-2,76,67,0
3,4,0,-2,39,34,0
3,5,0,-2,79,68,0
3,6,0,-2,75,67,0
3,7,0,-2,76,67,0
4,5,0,-2,40,35,0
4,6,0,-2,41,35,0
4,7,0,-2,40,35,0
5,6,0,-2,76,36,0
5,7,0,-2,78,36,0
6,7,0,-2,76,36,0
--- ---VERSION
offset,limit,count-ms,lookup-mus,results
0,-2,49,68,1
---PATTERN START: http://xircles.codehaus.org/users/xagnetti/foaf#me http://xmlns.com/foaf/0.1/knows http://example.org/bnode/httpx3Ax2Fx2Fx78irclesx2Ecodehausx2Eorgx2Fusersx2Fx78agnettix2Ffoafxxbnode64 .
--- ---VERSION MATERIALIZED
patch,offset,limit,count-ms,lookup-mus,results
4,0,-2,9,6,1
5,0,-2,173,139,1
6,0,-2,86,132,1
7,0,-2,84,133,1
3,0,-2,146,117,1
2,0,-2,71,106,1
1,0,-2,71,106,1
0,0,-2,70,105,1
--- ---DELTA MATERIALIZED
patch_start,patch_end,offset,limit,count-ms,lookup-mus,results
0,1,0,-2,129,58,0
0,2,0,-2,128,54,0
0,3,0,-2,130,55,0
0,4,0,-2,68,55,0
0,5,0,-2,148,127,0
0,6,0,-2,146,125,0
0,7,0,-2,145,124,0
1,2,0,-2,129,55,0
1,3,0,-2,134,55,0
1,4,0,-2,69,54,0
1,5,0,-2,147,125,0
1,6,0,-2,144,125,0
1,7,0,-2,145,125,0
2,3,0,-2,130,54,0
2,4,0,-2,68,54,0
2,5,0,-2,147,126,0
2,6,0,-2,146,126,0
2,7,0,-2,144,125,0
3,4,0,-2,68,54,0
3,5,0,-2,148,124,0
3,6,0,-2,144,126,0
3,7,0,-2,146,125,0
4,5,0,-2,82,71,0
4,6,0,-2,81,72,0
4,7,0,-2,82,72,0
5,6,0,-2,159,72,0
5,7,0,-2,159,74,0
6,7,0,-2,159,73,0
--- ---VERSION
offset,limit,count-ms,lookup-mus,results
0,-2,88,121,1
---PATTERN START: http://www.uniprot.org/taxonomy/41016 http://www.w3.org/1999/02/22-rdf-syntax-ns#type http://rdf.geospecies.org/ont/geospecies#UniprotTaxon .
--- ---VERSION MATERIALIZED
patch,offset,limit,count-ms,lookup-mus,results
4,0,-2,10,6,1
5,0,-2,178,147,1
6,0,-2,84,144,1
7,0,-2,84,144,1
3,0,-2,168,138,1
2,0,-2,80,138,1
1,0,-2,79,137,1
0,0,-2,80,139,1
--- ---DELTA MATERIALIZED
patch_start,patch_end,offset,limit,count-ms,lookup-mus,results
0,1,0,-2,146,72,0
0,2,0,-2,146,69,0
0,3,0,-2,145,72,0
0,4,0,-2,78,71,0
0,5,0,-2,158,143,0
0,6,0,-2,156,142,0
0,7,0,-2,158,143,0
1,2,0,-2,148,72,0
1,3,0,-2,151,72,0
1,4,0,-2,79,72,0
1,5,0,-2,157,141,0
1,6,0,-2,154,142,0
1,7,0,-2,155,142,0
2,3,0,-2,148,72,0
2,4,0,-2,79,71,0
2,5,0,-2,157,145,0
2,6,0,-2,154,141,0
2,7,0,-2,154,140,0
3,4,0,-2,76,70,0
3,5,0,-2,158,142,0
3,6,0,-2,156,141,0
3,7,0,-2,154,142,0
4,5,0,-2,81,71,0
4,6,0,-2,81,72,0
4,7,0,-2,82,71,0
5,6,0,-2,157,72,0
5,7,0,-2,159,73,0
6,7,0,-2,156,72,0
--- ---VERSION
offset,limit,count-ms,lookup-mus,results
0,-2,91,142,1
---PATTERN START: http://identi.ca/user/55697#acct http://rdfs.org/sioc/ns#follows http://identi.ca/user/5850#acct .
--- ---VERSION MATERIALIZED
patch,offset,limit,count-ms,lookup-mus,results
4,0,-2,10,7,1
5,0,-2,121,68,1
6,0,-2,40,66,1
7,0,-2,40,66,1
3,0,-2,123,90,1
2,0,-2,56,86,1
1,0,-2,55,86,1
0,0,-2,54,85,1
--- ---DELTA MATERIALIZED
patch_start,patch_end,offset,limit,count-ms,lookup-mus,results
0,1,0,-2,95,47,0
0,2,0,-2,95,45,0
0,3,0,-2,99,45,0
0,4,0,-2,51,45,0
0,5,0,-2,84,74,0
0,6,0,-2,82,74,0
0,7,0,-2,82,74,0
1,2,0,-2,94,46,0
1,3,0,-2,95,44,0
1,4,0,-2,50,44,0
1,5,0,-2,83,73,0
1,6,0,-2,81,74,0
1,7,0,-2,82,73,0
2,3,0,-2,95,46,0
2,4,0,-2,50,44,0
2,5,0,-2,84,75,0
2,6,0,-2,82,73,0
2,7,0,-2,82,74,0
3,4,0,-2,49,44,0
3,5,0,-2,86,74,0
3,6,0,-2,83,73,0
3,7,0,-2,82,74,0
4,5,0,-2,36,31,0
4,6,0,-2,37,31,0
4,7,0,-2,37,32,0
5,6,0,-2,69,32,0
5,7,0,-2,70,33,0
6,7,0,-2,68,32,0
--- ---VERSION
offset,limit,count-ms,lookup-mus,results
0,-2,54,74,1
---PATTERN START: http://legislation.data.gov.uk/ukpga/1985/67/section/45/england/data.htm http://www.w3.org/1999/02/22-rdf-syntax-ns#type http://www.metalex.eu/metalex/2008-05-02#BibliographicManifestation .
--- ---VERSION MATERIALIZED
patch,offset,limit,count-ms,lookup-mus,results
4,0,-2,9,6,1
5,0,-2,129,86,1
6,0,-2,49,85,1
7,0,-2,56,89,1
3,0,-2,129,80,1
2,0,-2,47,79,1
1,0,-2,47,79,1
0,0,-2,47,78,1
--- ---DELTA MATERIALIZED
patch_start,patch_end,offset,limit,count-ms,lookup-mus,results
0,1,0,-2,80,46,0
0,2,0,-2,79,36,0
0,3,0,-2,79,36,0
0,4,0,-2,42,36,0
0,5,0,-2,85,75,0
0,6,0,-2,84,74,0
0,7,0,-2,85,80,0
1,2,0,-2,79,36,0
1,3,0,-2,81,36,0
1,4,0,-2,43,35,0
1,5,0,-2,86,75,0
1,6,0,-2,84,73,0
1,7,0,-2,84,75,0
2,3,0,-2,79,36,0
2,4,0,-2,43,36,0
2,5,0,-2,87,74,0
2,6,0,-2,84,73,0
2,7,0,-2,85,75,0
3,4,0,-2,43,37,0
3,5,0,-2,86,73,0
3,6,0,-2,84,74,0
3,7,0,-2,84,76,0
4,5,0,-2,45,40,0
4,6,0,-2,46,41,0
4,7,0,-2,45,41,0
5,6,0,-2,88,42,0
5,7,0,-2,87,41,0
6,7,0,-2,87,41,0
--- ---VERSION
offset,limit,count-ms,lookup-mus,results
0,-2,48,75,1
---PATTERN START: http://identi.ca/user/42646 http://xmlns.com/foaf/0.1/account http://identi.ca/user/42646#acct .
--- ---VERSION MATERIALIZED
patch,offset,limit,count-ms,lookup-mus,results
4,0,-2,9,6,1
5,0,-2,116,66,1
6,0,-2,40,65,1
7,0,-2,40,65,1
3,0,-2,121,78,1
2,0,-2,53,78,1
1,0,-2,48,77,1
0,0,-2,47,77,1
--- ---DELTA MATERIALIZED
patch_start,patch_end,offset,limit,count-ms,lookup-mus,results
0,1,0,-2,82,40,0
0,2,0,-2,81,37,0
0,3,0,-2,81,38,0
0,4,0,-2,43,38,0
0,5,0,-2,77,68,0
0,6,0,-2,74,66,0
0,7,0,-2,74,67,0
1,2,0,-2,79,38,0
1,3,0,-2,80,38,0
1,4,0,-2,43,38,0
1,5,0,-2,80,67,0
1,6,0,-2,75,67,0
1,7,0,-2,74,67,0
2,3,0,-2,78,37,0
2,4,0,-2,42,38,0
2,5,0,-2,76,67,0
2,6,0,-2,76,66,0
2,7,0,-2,74,66,0
3,4,0,-2,42,36,0
3,5,0,-2,75,67,0
3,6,0,-2,73,66,0
3,7,0,-2,75,66,0
4,5,0,-2,36,33,0
4,6,0,-2,35,32,0
4,7,0,-2,35,33,0
5,6,0,-2,68,34,0
5,7,0,-2,70,34,0
6,7,0,-2,69,34,0
--- ---VERSION
offset,limit,count-ms,lookup-mus,results
0,-2,50,68,1
---PATTERN START: http://identi.ca/user/77141#acct http://rdfs.org/sioc/ns#follows http://identi.ca/user/64841#acct .
--- ---VERSION MATERIALIZED
patch,offset,limit,count-ms,lookup-mus,results
4,0,-2,10,6,1
5,0,-2,158,109,1
6,0,-2,66,106,1
7,0,-2,66,106,1
3,0,-2,122,80,1
2,0,-2,58,83,1
1,0,-2,51,84,1
0,0,-2,53,82,1
--- ---DELTA MATERIALIZED
patch_start,patch_end,offset,limit,count-ms,lookup-mus,results
0,1,0,-2,92,46,0
0,2,0,-2,92,44,0
0,3,0,-2,92,46,0
0,4,0,-2,48,44,0
0,5,0,-2,111,98,0
0,6,0,-2,107,98,0
0,7,0,-2,107,97,0
1,2,0,-2,93,44,0
1,3,0,-2,92,44,0
1,4,0,-2,48,43,0
1,5,0,-2,110,99,0
1,6,0,-2,107,98,0
1,7,0,-2,108,98,0
2,3,0,-2,90,44,0
2,4,0,-2,48,43,0
2,5,0,-2,110,99,0
2,6,0,-2,107,101,0
2,7,0,-2,111,97,0
3,4,0,-2,48,43,0
3,5,0,-2,109,97,0
3,6,0,-2,108,97,0
3,7,0,-2,110,98,0
4,5,0,-2,63,56,0
4,6,0,-2,63,56,0
4,7,0,-2,64,56,0
5,6,0,-2,123,57,0
5,7,0,-2,124,58,0
6,7,0,-2,123,57,0
--- ---VERSION
offset,limit,count-ms,lookup-mus,results
0,-2,70,96,1
---PATTERN START: http://trust.mindswap.org/cgi-bin/FilmTrust/foaf.cgi?user=TechTalk#tt0038650-TechTalk http://www.purl.org/stuff/rev#reviewer http://trust.mindswap.org/cgi-bin/FilmTrust/foaf.cgi?user=TechTalk#TechTalk .
--- ---VERSION MATERIALIZED
patch,offset,limit,count-ms,lookup-mus,results
4,0,-2,9,6,1
5,0,-2,125,75,1
6,0,-2,52,77,1
7,0,-2,46,72,1
3,0,-2,135,97,1
2,0,-2,57,97,1
1,0,-2,57,96,1
0,0,-2,59,96,1
--- ---DELTA MATERIALIZED
patch_start,patch_end,offset,limit,count-ms,lookup-mus,results
0,1,0,-2,100,48,0
0,2,0,-2,99,46,0
0,3,0,-2,99,46,0
0,4,0,-2,53,46,0
0,5,0,-2,93,81,0
0,6,0,-2,91,80,0
0,7,0,-2,92,81,0
1,2,0,-2,101,45,0
1,3,0,-2,101,46,0
1,4,0,-2,54,48,0
1,5,0,-2,98,81,0
1,6,0,-2,92,82,0
1,7,0,-2,92,80,0
2,3,0,-2,101,47,0
2,4,0,-2,53,46,0
2,5,0,-2,101,81,0
2,6,0,-2,92,81,0
2,7,0,-2,91,80,0
3,4,0,-2,53,46,0
3,5,0,-2,94,82,0
3,6,0,-2,92,85,0
3,7,0,-2,94,80,0
4,5,0,-2,43,36,0
4,6,0,-2,42,37,0
4,7,0,-2,42,37,0
5,6,0,-2,82,38,0
5,7,0,-2,87,39,0
6,7,0,-2,84,38,0
--- ---VERSION
offset,limit,count-ms,lookup-mus,results
0,-2,56,82,1
---PATTERN START: http://identi.ca/user/41706#acct http://xmlns.com/foaf/0.1/accountServiceHomepage http://identi.ca/ .
--- ---VERSION MATERIALIZED
patch,offset,limit,count-ms,lookup-mus,results
4,0,-2,10,7,1
5,0,-2,121,64,1
6,0,-2,38,62,1
7,0,-2,38,63,1
3,0,-2,117,69,1
2,0,-2,43,68,1
1,0,-2,40,67,1
0,0,-2,38,66,1
--- ---DELTA MATERIALIZED
patch_start,patch_end,offset,limit,count-ms,lookup-mus,results
0,1,0,-2,65,32,0
0,2,0,-2,64,30,0
0,3,0,-2,65,30,0
0,4,0,-2,34,29,0
0,5,0,-2,69,58,0
0,6,0,-2,64,56,0
0,7,0,-2,65,56,0
1,2,0,-2,63,30,0
1,3,0,-2,65,30,0
1,4,0,-2,35,30,0
1,5,0,-2,67,56,0
1,6,0,-2,65,58,0
1,7,0,-2,66,57,0
2,3,0,-2,64,30,0
2,4,0,-2,35,29,0
2,5,0,-2,67,57,0
2,6,0,-2,65,58,0
2,7,0,-2,65,57,0
3,4,0,-2,35,30,0
3,5,0,-2,68,56,0
3,6,0,-2,64,56,0
3,7,0,-2,64,56,0
4,5,0,-2,34,29,0
4,6,0,-2,34,30,0
4,7,0,-2,34,29,0
5,6,0,-2,64,30,0
5,7,0,-2,63,30,0
6,7,0,-2,66,32,0
--- ---VERSION
offset,limit,count-ms,lookup-mus,results
0,-2,40,59,1
---PATTERN START: http://liblists.sussex.ac.uk/people/DC8EE8AB-EACC-223B-E519-226091271237.rdf http://purl.org/dc/terms/hasFormat http://liblists.sussex.ac.uk/people/DC8EE8AB-EACC-223B-E519-226091271237.html .
--- ---VERSION MATERIALIZED
patch,offset,limit,count-ms,lookup-mus,results
4,0,-2,10,6,1
5,0,-2,191,172,1
6,0,-2,96,169,1
7,0,-2,97,178,1
3,0,-2,153,141,1
2,0,-2,83,139,1
1,0,-2,82,140,1
0,0,-2,84,140,1
--- ---DELTA MATERIALIZED
patch_start,patch_end,offset,limit,count-ms,lookup-mus,results
0,1,0,-2,154,73,0
0,2,0,-2,162,75,0
0,3,0,-2,170,75,0
0,4,0,-2,87,75,0
0,5,0,-2,185,160,0
0,6,0,-2,183,161,0
0,7,0,-2,175,161,0
1,2,0,-2,160,74,0
1,3,0,-2,166,74,0
1,4,0,-2,86,74,0
1,5,0,-2,183,161,0
1,6,0,-2,177,159,0
1,7,0,-2,180,161,0
2,3,0,-2,162,77,0
2,4,0,-2,85,74,0
2,5,0,-2,185,160,0
2,6,0,-2,177,160,0
2,7,0,-2,178,163,0
3,4,0,-2,82,74,0
3,5,0,-2,181,160,0
3,6,0,-2,177,158,0
3,7,0,-2,176,162,0
4,5,0,-2,96,89,0
4,6,0,-2,101,88,0
4,7,0,-2,101,88,0
5,6,0,-2,198,90,0
5,7,0,-2,194,90,0
6,7,0,-2,198,90,0
--- ---VERSION
offset,limit,count-ms,lookup-mus,results
0,-2,98,158,1
---PATTERN START: http://lod.gesis.org/thesoz/concept/10041105 http://www.w3.org/2008/05/skos-xl#prefLabel http://lod.gesis.org/thesoz/term/10041105-fr .
--- ---VERSION MATERIALIZED
patch,offset,limit,count-ms,lookup-mus,results
4,0,-2,10,6,1
5,0,-2,120,73,1
6,0,-2,40,71,1
7,0,-2,40,71,1
3,0,-2,123,70,1
2,0,-2,39,66,1
1,0,-2,39,66,1
0,0,-2,39,67,1
--- ---DELTA MATERIALIZED
patch_start,patch_end,offset,limit,count-ms,lookup-mus,results
0,1,0,-2,66,34,0
0,2,0,-2,65,32,0
0,3,0,-2,66,31,0
0,4,0,-2,35,33,0
0,5,0,-2,68,59,0
0,6,0,-2,66,61,0
0,7,0,-2,68,62,0
1,2,0,-2,67,32,0
1,3,0,-2,67,32,0
1,4,0,-2,36,31,0
1,5,0,-2,70,62,0
1,6,0,-2,68,62,0
1,7,0,-2,68,61,0
2,3,0,-2,66,32,0
2,4,0,-2,36,31,0
2,5,0,-2,70,62,0
2,6,0,-2,68,61,0
2,7,0,-2,68,63,0
3,4,0,-2,36,31,0
3,5,0,-2,68,62,0
3,6,0,-2,68,60,0
3,7,0,-2,68,60,0
4,5,0,-2,36,31,0
4,6,0,-2,36,32,0
4,7,0,-2,36,31,0
5,6,0,-2,72,33,0
5,7,0,-2,70,33,0
6,7,0,-2,69,33,0
--- ---VERSION
offset,limit,count-ms,lookup-mus,results
0,-2,39,62,1
---PATTERN START: http://identi.ca/user/1565 http://xmlns.com/foaf/0.1/knows http://identi.ca/user/1203 .
--- ---VERSION MATERIALIZED
patch,offset,limit,count-ms,lookup-mus,results
4,0,-2,10,6,1
5,0,-2,116,75,1
6,0,-2,47,65,1
7,0,-2,43,64,1
3,0,-2,132,88,1
2,0,-2,54,88,1
1,0,-2,53,87,1
0,0,-2,59,91,1
--- ---DELTA MATERIALIZED
patch_start,patch_end,offset,limit,count-ms,lookup-mus,results
0,1,0,-2,94,45,0
0,2,0,-2,92,42,0
0,3,0,-2,93,43,0
0,4,0,-2,49,42,0
0,5,0,-2,84,74,0
0,6,0,-2,86,75,0
0,7,0,-2,85,75,0
1,2,0,-2,93,44,0
1,3,0,-2,95,44,0
1,4,0,-2,51,44,0
1,5,0,-2,86,78,0
1,6,0,-2,85,76,0
1,7,0,-2,84,75,0
2,3,0,-2,94,44,0
2,4,0,-2,50,44,0
2,5,0,-2,86,76,0
2,6,0,-2,85,75,0
2,7,0,-2,85,74,0
3,4,0,-2,49,43,0
3,5,0,-2,85,75,0
3,6,0,-2,84,75,0
3,7,0,-2,86,75,0
4,5,0,-2,39,34,0
4,6,0,-2,39,35,0
4,7,0,-2,39,34,0
5,6,0,-2,75,35,0
5,7,0,-2,74,35,0
6,7,0,-2,74,36,0
--- ---VERSION
offset,limit,count-ms,lookup-mus,results
0,-2,54,77,1
---PATTERN START: http://edgarwrap.ontologycentral.com/vocab/us-gaap-2011-01-31#ContractTerminationClaimsDescription http://www.w3.org/1999/02/22-rdf-syntax-ns#type http://www.w3.org/2004/02/skos/core#Concept .
--- ---VERSION MATERIALIZED
patch,offset,limit,count-ms,lookup-mus,results
4,0,-2,10,6,1
5,0,-2,161,140,1
6,0,-2,87,132,1
7,0,-2,81,130,1
3,0,-2,170,155,1
2,0,-2,91,154,1
1,0,-2,90,156,1
0,0,-2,91,156,1
--- ---DELTA MATERIALIZED
patch_start,patch_end,offset,limit,count-ms,lookup-mus,results
0,1,0,-2,171,76,0
0,2,0,-2,169,72,0
0,3,0,-2,159,72,0
0,4,0,-2,88,75,0
0,5,0,-2,168,146,0
0,6,0,-2,156,144,0
0,7,0,-2,159,146,0
1,2,0,-2,157,74,0
1,3,0,-2,160,75,0
1,4,0,-2,85,74,0
1,5,0,-2,173,146,0
1,6,0,-2,159,144,0
1,7,0,-2,156,147,0
2,3,0,-2,157,75,0
2,4,0,-2,86,74,0
2,5,0,-2,169,148,0
2,6,0,-2,157,145,0
2,7,0,-2,156,147,0
3,4,0,-2,81,71,0
3,5,0,-2,164,142,0
3,6,0,-2,159,145,0
3,7,0,-2,159,144,0
4,5,0,-2,79,67,0
4,6,0,-2,78,70,0
4,7,0,-2,80,73,0
5,6,0,-2,164,77,0
5,7,0,-2,165,74,0
6,7,0,-2,161,74,0
--- ---VERSION
offset,limit,count-ms,lookup-mus,results
0,-2,94,142,1
---PATTERN START: http://estatwrap.ontologycentral.com/dic/geo#CH02 http://www.w3.org/2002/07/owl#sameAs http://nuts.psi.enakting.org/id/CH02 .
--- ---VERSION MATERIALIZED
patch,offset,limit,count-ms,lookup-mus,results
4,0,-2,10,6,1
5,0,-2,169,141,1
6,0,-2,81,135,1
7,0,-2,80,135,1
3,0,-2,148,119,1
2,0,-2,70,114,1
1,0,-2,71,113,1
0,0,-2,68,112,1
--- ---DELTA MATERIALIZED
patch_start,patch_end,offset,limit,count-ms,lookup-mus,results
0,1,0,-2,125,62,0
0,2,0,-2,130,54,0
0,3,0,-2,124,54,0
0,4,0,-2,65,54,0
0,5,0,-2,144,126,0
0,6,0,-2,148,123,0
0,7,0,-2,142,123,0
1,2,0,-2,125,54,0
1,3,0,-2,127,54,0
1,4,0,-2,65,53,0
1,5,0,-2,145,123,0
1,6,0,-2,140,123,0
1,7,0,-2,141,122,0
2,3,0,-2,124,55,0
2,4,0,-2,65,53,0
2,5,0,-2,144,124,0
2,6,0,-2,141,123,0
2,7,0,-2,140,123,0
3,4,0,-2,64,54,0
3,5,0,-2,142,126,0
3,6,0,-2,139,122,0
3,7,0,-2,139,123,0
4,5,0,-2,78,69,0
4,6,0,-2,80,71,0
4,7,0,-2,80,71,0
5,6,0,-2,155,73,0
5,7,0,-2,157,72,0
6,7,0,-2,156,72,0
--- ---VERSION
offset,limit,count-ms,lookup-mus,results
0,-2,80,117,1
---PATTERN START: http://identi.ca/xfasafer/foaf http://www.w3.org/1999/02/22-rdf-syntax-ns#type http://xmlns.com/foaf/0.1/PersonalProfileDocument .
--- ---VERSION MATERIALIZED
patch,offset,limit,count-ms,lookup-mus,results
4,0,-2,10,6,1
5,0,-2,148,116,1
6,0,-2,67,113,1
7,0,-2,67,124,1
3,0,-2,130,97,1
2,0,-2,58,96,1
1,0,-2,59,99,1
0,0,-2,59,99,1
--- ---DELTA MATERIALIZED
patch_start,patch_end,offset,limit,count-ms,lookup-mus,results
0,1,0,-2,107,53,0
0,2,0,-2,107,50,0
0,3,0,-2,106,49,0
0,4,0,-2,56,49,0
0,5,0,-2,118,105,0
0,6,0,-2,117,103,0
0,7,0,-2,115,103,0
1,2,0,-2,105,49,0
1,3,0,-2,106,52,0
1,4,0,-2,57,49,0
1,5,0,-2,117,104,0
1,6,0,-2,117,103,0
1,7,0,-2,116,104,0
2,3,0,-2,106,49,0
2,4,0,-2,55,49,0
2,5,0,-2,117,102,0
2,6,0,-2,115,104,0
2,7,0,-2,117,104,0
3,4,0,-2,55,48,0
3,5,0,-2,116,102,0
3,6,0,-2,115,103,0
3,7,0,-2,115,105,0
4,5,0,-2,64,56,0
4,6,0,-2,64,58,0
4,7,0,-2,65,56,0
5,6,0,-2,123,57,0
5,7,0,-2,122,59,0
6,7,0,-2,122,57,0
--- ---VERSION
offset,limit,count-ms,lookup-mus,results
0,-2,69,99,1
---PATTERN START: http://identi.ca/user/233847 http://xmlns.com/foaf/0.1/knows http://identi.ca/user/260560 .
--- ---VERSION MATERIALIZED
patch,offset,limit,count-ms,lookup-mus,results
4,0,-2,9,6,1
5,0,-2,149,92,1
6,0,-2,60,89,1
7,0,-2,59,102,1
3,0,-2,130,76,1
2,0,-2,50,75,1
1,0,-2,49,75,1
0,0,-2,49,75,1
--- ---DELTA MATERIALIZED
patch_start,patch_end,offset,limit,count-ms,lookup-mus,results
0,1,0,-2,87,51,0
0,2,0,-2,90,41,0
0,3,0,-2,86,41,0
0,4,0,-2,46,41,0
0,5,0,-2,99,85,0
0,6,0,-2,97,84,0
0,7,0,-2,98,84,0
1,2,0,-2,86,42,0
1,3,0,-2,86,41,0
1,4,0,-2,45,42,0
1,5,0,-2,99,84,0
1,6,0,-2,98,86,0
1,7,0,-2,97,84,0
2,3,0,-2,84,40,0
2,4,0,-2,44,39,0
2,5,0,-2,96,82,0
2,6,0,-2,96,84,0
2,7,0,-2,95,81,0
3,4,0,-2,44,39,0
3,5,0,-2,96,81,0
3,6,0,-2,96,83,0
3,7,0,-2,96,83,0
4,5,0,-2,55,45,0
4,6,0,-2,55,45,0
4,7,0,-2,55,45,0
5,6,0,-2,106,46,0
5,7,0,-2,105,50,0
6,7,0,-2,109,49,0
--- ---VERSION
offset,limit,count-ms,lookup-mus,results
0,-2,63,81,1
---PATTERN START: http://identi.ca/thewhite/foaf http://xmlns.com/foaf/0.1/primaryTopic http://identi.ca/user/240198 .
--- ---VERSION MATERIALIZED
patch,offset,limit,count-ms,lookup-mus,results
4,0,-2,9,6,1
5,0,-2,141,93,1
6,0,-2,61,90,1
7,0,-2,63,90,1
3,0,-2,137,82,1
2,0,-2,56,85,1
1,0,-2,59,84,1
0,0,-2,58,85,1
--- ---DELTA MATERIALIZED
patch_start,patch_end,offset,limit,count-ms,lookup-mus,results
0,1,0,-2,104,51,0
0,2,0,-2,106,49,0
0,3,0,-2,103,48,0
0,4,0,-2,54,49,0
0,5,0,-2,110,92,0
0,6,0,-2,107,93,0
0,7,0,-2,109,92,0
1,2,0,-2,101,49,0
1,3,0,-2,102,49,0
1,4,0,-2,54,48,0
1,5,0,-2,110,93,0
1,6,0,-2,107,91,0
1,7,0,-2,108,92,0
2,3,0,-2,101,49,0
2,4,0,-2,54,49,0
2,5,0,-2,113,92,0
2,6,0,-2,107,91,0
2,7,0,-2,107,91,0
3,4,0,-2,52,48,0
3,5,0,-2,109,93,0
3,6,0,-2,106,91,0
3,7,0,-2,108,92,0
4,5,0,-2,58,46,0
4,6,0,-2,58,45,0
4,7,0,-2,60,45,0
5,6,0,-2,114,47,0
5,7,0,-2,112,47,0
6,7,0,-2,113,46,0
--- ---VERSION
offset,limit,count-ms,lookup-mus,results
0,-2,71,90,1
---PATTERN START: http://identi.ca/user/3239#acct http://rdfs.org/sioc/ns#follows http://identi.ca/user/245165#acct .
--- ---VERSION MATERIALIZED
patch,offset,limit,count-ms,lookup-mus,results
4,0,-2,9,5,1
5,0,-2,121,71,1
6,0,-2,43,69,1
7,0,-2,43,69,1
3,0,-2,115,64,1
2,0,-2,39,72,1
1,0,-2,41,64,1
0,0,-2,39,63,1
--- ---DELTA MATERIALIZED
patch_start,patch_end,offset,limit,count-ms,lookup-mus,results
0,1,0,-2,64,32,0
0,2,0,-2,64,30,0
0,3,0,-2,64,31,0
0,4,0,-2,35,30,0
0,5,0,-2,72,62,0
0,6,0,-2,71,61,0
0,7,0,-2,69,62,0
1,2,0,-2,62,30,0
1,3,0,-2,64,31,0
1,4,0,-2,35,30,0
1,5,0,-2,71,61,0
1,6,0,-2,70,62,0
1,7,0,-2,71,61,0
2,3,0,-2,62,31,0
2,4,0,-2,34,30,0
2,5,0,-2,71,62,0
2,6,0,-2,69,61,0
2,7,0,-2,70,60,0
3,4,0,-2,34,29,0
3,5,0,-2,73,62,0
3,6,0,-2,76,61,0
3,7,0,-2,69,61,0
4,5,0,-2,39,33,0
4,6,0,-2,39,34,0
4,7,0,-2,39,34,0
5,6,0,-2,75,34,0
5,7,0,-2,74,37,0
6,7,0,-2,75,35,0
--- ---VERSION
offset,limit,count-ms,lookup-mus,results
0,-2,43,62,1
---PATTERN START: http://identi.ca/besttoy/foaf http://xmlns.com/foaf/0.1/maker http://identi.ca/user/316280 .
--- ---VERSION MATERIALIZED
patch,offset,limit,count-ms,lookup-mus,results
4,0,-2,10,6,1
5,0,-2,159,117,1
6,0,-2,71,113,1
7,0,-2,71,113,1
3,0,-2,140,107,1
2,0,-2,70,99,1
1,0,-2,65,99,1
0,0,-2,64,100,1
--- ---DELTA MATERIALIZED
patch_start,patch_end,offset,limit,count-ms,lookup-mus,results
0,1,0,-2,116,58,0
0,2,0,-2,117,55,0
0,3,0,-2,115,55,0
0,4,0,-2,60,55,0
0,5,0,-2,126,110,0
0,6,0,-2,123,110,0
0,7,0,-2,124,108,0
1,2,0,-2,113,55,0
1,3,0,-2,115,55,0
1,4,0,-2,60,55,0
1,5,0,-2,126,108,0
1,6,0,-2,123,106,0
1,7,0,-2,123,108,0
2,3,0,-2,113,55,0
2,4,0,-2,60,54,0
2,5,0,-2,125,107,0
2,6,0,-2,122,106,0
2,7,0,-2,122,110,0
3,4,0,-2,59,53,0
3,5,0,-2,124,107,0
3,6,0,-2,122,108,0
3,7,0,-2,123,108,0
4,5,0,-2,68,56,0
4,6,0,-2,67,56,0
4,7,0,-2,68,56,0
5,6,0,-2,131,57,0
5,7,0,-2,130,59,0
6,7,0,-2,132,57,0
--- ---VERSION
offset,limit,count-ms,lookup-mus,results
0,-2,79,104,1
---PATTERN START: http://trust.mindswap.org/cgi-bin/FilmTrust/foaf.cgi?user=seshat6#seshat6 http://xmlns.com/foaf/spec/made http://trust.mindswap.org/cgi-bin/FilmTrust/foaf.cgi?user=seshat6#tt0120907-seshat6 .
--- ---VERSION MATERIALIZED
patch,offset,limit,count-ms,lookup-mus,results
4,0,-2,9,6,1
5,0,-2,119,70,1
6,0,-2,42,69,1
7,0,-2,42,68,1
3,0,-2,128,92,1
2,0,-2,50,88,1
1,0,-2,51,88,1
0,0,-2,50,88,1
--- ---DELTA MATERIALIZED
patch_start,patch_end,offset,limit,count-ms,lookup-mus,results
0,1,0,-2,88,44,0
0,2,0,-2,88,43,0
0,3,0,-2,88,42,0
0,4,0,-2,46,41,0
0,5,0,-2,82,72,0
0,6,0,-2,81,71,0
0,7,0,-2,81,73,0
1,2,0,-2,91,42,0
1,3,0,-2,89,43,0
1,4,0,-2,48,42,0
1,5,0,-2,83,73,0
1,6,0,-2,81,71,0
1,7,0,-2,81,72,0
2,3,0,-2,90,42,0
2,4,0,-2,46,42,0
2,5,0,-2,83,72,0
2,6,0,-2,81,71,0
2,7,0,-2,80,71,0
3,4,0,-2,46,41,0
3,5,0,-2,82,73,0
3,6,0,-2,81,71,0
3,7,0,-2,81,71,0
4,5,0,-2,38,32,0
4,6,0,-2,37,32,0
4,7,0,-2,38,32,0
5,6,0,-2,73,34,0
5,7,0,-2,76,34,0
6,7,0,-2,73,33,0
--- ---VERSION
offset,limit,count-ms,lookup-mus,results
0,-2,48,74,1
---PATTERN START: http://www.legislation.gov.uk/ukpga/1985/67/england http://www.metalex.eu/metalex/2008-05-02#variant http://www.legislation.gov.uk/ukpga/1985/67/2001-08-01 .
--- ---VERSION MATERIALIZED
patch,offset,limit,count-ms,lookup-mus,results
4,0,-2,10,6,1
5,0,-2,110,62,1
6,0,-2,36,61,1
7,0,-2,37,65,1
3,0,-2,109,69,1
2,0,-2,42,69,1
1,0,-2,41,68,1
0,0,-2,41,69,1
--- ---DELTA MATERIALIZED
patch_start,patch_end,offset,limit,count-ms,lookup-mus,results
0,1,0,-2,72,34,0
0,2,0,-2,71,33,0
0,3,0,-2,76,34,0
0,4,0,-2,39,33,0
0,5,0,-2,71,62,0
0,6,0,-2,69,60,0
0,7,0,-2,69,59,0
1,2,0,-2,73,34,0
1,3,0,-2,74,33,0
1,4,0,-2,41,32,0
1,5,0,-2,71,60,0
1,6,0,-2,69,60,0
1,7,0,-2,68,58,0
2,3,0,-2,73,33,0
2,4,0,-2,39,32,0
2,5,0,-2,70,60,0
2,6,0,-2,71,60,0
2,7,0,-2,68,59,0
3,4,0,-2,40,32,0
3,5,0,-2,69,60,0
3,6,0,-2,67,59,0
3,7,0,-2,68,59,0
4,5,0,-2,33,27,0
4,6,0,-2,33,28,0
4,7,0,-2,32,28,0
5,6,0,-2,61,30,0
5,7,0,-2,62,31,0
6,7,0,-2,62,30,0
--- ---VERSION
offset,limit,count-ms,lookup-mus,results
0,-2,41,60,1
---PATTERN START: http://identi.ca/user/115802#acct http://rdfs.org/sioc/ns#follows http://identi.ca/user/33697#acct .
--- ---VERSION MATERIALIZED
patch,offset,limit,count-ms,lookup-mus,results
4,0,-2,10,6,1
5,0,-2,116,64,1
6,0,-2,41,63,1
7,0,-2,41,63,1
3,0,-2,120,66,1
2,0,-2,43,67,1
1,0,-2,45,69,1
0,0,-2,44,68,1
--- ---DELTA MATERIALIZED
patch_start,patch_end,offset,limit,count-ms,lookup-mus,results
0,1,0,-2,75,37,0
0,2,0,-2,75,35,0
0,3,0,-2,75,35,0
0,4,0,-2,40,35,0
0,5,0,-2,75,65,0
0,6,0,-2,73,63,0
0,7,0,-2,73,64,0
1,2,0,-2,75,36,0
1,3,0,-2,74,38,0
1,4,0,-2,40,34,0
1,5,0,-2,74,64,0
1,6,0,-2,73,64,0
1,7,0,-2,73,64,0
2,3,0,-2,74,36,0
2,4,0,-2,40,34,0
2,5,0,-2,75,66,0
2,6,0,-2,73,65,0
2,7,0,-2,73,64,0
3,4,0,-2,40,34,0
3,5,0,-2,74,64,0
3,6,0,-2,72,65,0
3,7,0,-2,73,65,0
4,5,0,-2,37,31,0
4,6,0,-2,37,33,0
4,7,0,-2,36,33,0
5,6,0,-2,70,34,0
5,7,0,-2,70,34,0
6,7,0,-2,70,34,0
--- ---VERSION
offset,limit,count-ms,lookup-mus,results
0,-2,51,66,1
---PATTERN START: http://identi.ca/user/413169#acct http://rdfs.org/sioc/ns#follows http://identi.ca/user/31996#acct .
--- ---VERSION MATERIALIZED
patch,offset,limit,count-ms,lookup-mus,results
4,0,-2,9,6,1
5,0,-2,124,73,1
6,0,-2,44,70,1
7,0,-2,51,73,1
3,0,-2,121,77,1
2,0,-2,50,78,1
1,0,-2,49,76,1
0,0,-2,49,76,1
--- ---DELTA MATERIALIZED
patch_start,patch_end,offset,limit,count-ms,lookup-mus,results
0,1,0,-2,86,44,0
0,2,0,-2,86,41,0
0,3,0,-2,86,40,0
0,4,0,-2,47,41,0
0,5,0,-2,84,75,0
0,6,0,-2,84,75,0
0,7,0,-2,83,77,0
1,2,0,-2,84,41,0
1,3,0,-2,86,41,0
1,4,0,-2,45,41,0
1,5,0,-2,85,75,0
1,6,0,-2,83,74,0
1,7,0,-2,84,75,0
2,3,0,-2,85,41,0
2,4,0,-2,45,41,0
2,5,0,-2,85,74,0
2,6,0,-2,83,75,0
2,7,0,-2,83,77,0
3,4,0,-2,46,40,0
3,5,0,-2,83,74,0
3,6,0,-2,82,75,0
3,7,0,-2,82,75,0
4,5,0,-2,41,36,0
4,6,0,-2,42,36,0
4,7,0,-2,41,39,0
5,6,0,-2,79,38,0
5,7,0,-2,79,37,0
6,7,0,-2,79,37,0
--- ---VERSION
offset,limit,count-ms,lookup-mus,results
0,-2,56,78,1
