##ver, min, mean, max, stddev, count
0 1.0 4.387755102040819 89.0 12.838445399350688 49 215.0
1 0.0 1.3469387755102045 17.0 2.4795078511014004 49 66.0
2 0.0 1.5102040816326525 20.0 3.0008502196571447 49 74.0
3 0.0 1.0612244897959182 7.0 1.2484684494963239 49 52.0
4 0.0 1.1632653061224487 5.0 0.9207546446509294 49 57.0
5 0.0 0.979591836734694 6.0 1.216035154343261 49 48.0
6 0.0 1.0612244897959182 6.0 1.1256139670069345 49 52.0
7 0.0 1.0816326530612246 5.0 0.8859254740542408 49 53.0
8 0.0 0.9795918367346937 5.0 0.9893136492531774 49 48.0
9 0.0 1.0612244897959182 5.0 0.9662678041763344 49 52.0
10 0.0 0.9795918367346936 5.0 1.0305701479918639 49 48.0
11 0.0 1.0204081632653064 6.0 1.1084861282842648 49 50.0
12 0.0 1.0 5.0 0.9354143466934853 49 49.0
13 0.0 0.9591836734693874 5.0 1.0400156984686455 49 47.0
14 0.0 1.3265306122448977 6.0 1.2647093721161264 49 65.0
15 0.0 1.183673469387755 6.0 0.9931739816482957 49 58.0
16 0.0 1.387755102040816 14.0 2.1096635447646275 49 68.0
17 0.0 1.2040816326530615 6.0 0.9569829290695904 49 59.0
18 0.0 1.183673469387755 6.0 1.0342765061415942 49 58.0
19 0.0 1.183673469387755 6.0 1.0542269953966885 49 58.0
20 0.0 1.183673469387755 7.0 1.0542269953966885 49 58.0
21 0.0 1.1632653061224487 6.0 1.0276781835670117 49 57.0
22 0.0 1.306122448979592 7.0 1.2282114644313262 49 64.0
23 0.0 1.306122448979592 6.0 0.8945222568651997 49 64.0
24 0.0 1.2448979591836733 6.0 1.0109939878839116 49 61.0
25 0.0 1.285714285714286 7.0 1.0992421631894103 49 63.0
26 0.0 1.2653061224489797 6.0 0.9304011277419006 49 62.0
27 1.0 1.4693877551020411 6.0 0.9151967187515512 49 72.0
28 0.0 1.2857142857142858 6.0 1.0000000000000002 49 63.0
29 0.0 1.2653061224489797 6.0 1.0562415720389917 49 62.0
30 0.0 1.3469387755102038 6.0 1.0114144470361637 49 66.0
31 0.0 1.3673469387755102 6.0 0.9285714285714279 49 67.0
32 0.0 1.2653061224489797 7.0 1.0160280139691362 49 62.0
33 0.0 1.2653061224489797 6.0 0.907733216224202 49 62.0
34 0.0 1.2244897959183672 6.0 0.9631827907699417 49 60.0
35 0.0 1.306122448979592 6.0 1.0449099170234137 49 64.0
36 0.0 1.3877551020408165 7.0 1.1146061810233736 49 68.0
37 0.0 1.3265306122448979 6.0 0.9440108381713808 49 65.0
38 0.0 1.306122448979592 6.0 0.9175166127617945 49 64.0
39 0.0 1.2040816326530615 7.0 1.040424429354328 49 59.0
40 0.0 1.3265306122448979 6.0 0.8987898137227076 49 65.0
41 0.0 1.2040816326530615 6.0 0.9569829290695904 49 59.0
42 0.0 1.1224489795918369 6.0 0.9710958814063387 49 55.0
43 0.0 1.1224489795918369 7.0 0.9923174278178432 49 55.0
44 0.0 1.2244897959183674 6.0 0.9189057378763296 49 60.0
45 0.0 1.2653061224489797 6.0 0.9953121412418321 49 62.0
46 1.0 1.3877551020408165 7.0 0.9750283442592032 49 68.0
47 0.0 1.2040816326530615 7.0 0.9995747395087304 49 59.0
48 0.0 1.306122448979592 6.0 0.9175166127617946 49 64.0
49 1.0 1.4489795918367347 7.0 1.0012746977768703 49 71.0
50 1.0 1.3673469387755102 7.0 0.9724084693648631 49 67.0
51 1.0 1.469387755102041 7.0 0.9811141799065012 49 72.0
52 1.0 1.4489795918367347 7.0 1.0012746977768703 49 71.0
53 0.0 1.3469387755102038 6.0 0.9025662581440411 49 66.0
54 1.0 1.469387755102041 7.0 0.9811141799065012 49 72.0
55 1.0 1.4489795918367347 7.0 1.0012746977768703 49 71.0
56 0.0 1.5714285714285716 7.0 1.040832999733066 49 77.0
57 1.0 1.857142857142857 26.0 3.6514837167011054 49 91.0
58 1.0 1.4081632653061225 7.0 1.0189530441205072 49 69.0
59 1.0 1.6326530612244898 8.0 1.1671524741691564 49 80.0
60 1.0 1.4285714285714284 7.0 1.0206207261596576 49 70.0
61 1.0 1.4897959183673468 7.0 1.0231171523745428 49 73.0
62 0.0 1.469387755102041 7.0 1.002123595511189 49 72.0
63 1.0 1.5102040816326532 8.0 1.1569076774529852 49 74.0
64 1.0 1.5918367346938773 7.0 1.2062056096657474 49 78.0
65 1.0 1.5510204081632653 7.0 1.00127469777687 49 76.0
66 1.0 1.5510204081632653 8.0 1.1558046347638065 49 76.0
67 1.0 1.5102040816326532 7.0 1.0432810619146027 49 74.0
68 1.0 1.8979591836734693 22.0 3.097343606215815 49 93.0
69 1.0 1.7346938775510203 8.0 1.303449113635333 49 85.0
70 1.0 1.5102040816326532 8.0 1.1203133672398662 49 74.0
71 1.0 1.5918367346938775 8.0 1.1532267655535555 49 78.0
72 1.0 2.551020408163265 49.0 6.843674769722887 49 125.0
73 1.0 1.8367346938775513 15.0 2.2299751378986836 49 90.0
74 1.0 1.6122448979591835 8.0 1.1693361102674928 49 79.0
75 1.0 1.5510204081632653 7.0 1.061862053379893 49 76.0
76 1.0 1.5918367346938775 8.0 1.1350177558621928 49 78.0
77 1.0 1.5918367346938775 8.0 1.1532267655535555 49 78.0
78 1.0 1.6122448979591835 8.0 1.1146061810233738 49 79.0
79 1.0 1.5714285714285716 7.0 1.060660171779821 49 77.0
80 1.0 1.530612244897959 8.0 1.1011743885568743 49 75.0
81 1.0 1.6122448979591835 8.0 1.1513818967262093 49 79.0
82 1.0 1.6734693877551021 8.0 1.1252361808016282 49 82.0
83 1.0 1.5918367346938775 8.0 1.1350177558621928 49 78.0
84 1.0 1.469387755102041 7.0 1.0227015045197398 49 72.0
85 1.0 1.4897959183673468 8.0 1.120313367239866 49 73.0
86 1.0 1.4489795918367347 8.0 1.1004019055515564 49 71.0
87 1.0 1.530612244897959 8.0 1.1199337929896898 49 75.0
88 0.0 1.4285714285714284 8.0 1.0992421631894098 49 70.0
