##bucket, min, mean, max, stddev, count,total
0 1.0 3.83673469387755 57.0 8.350017312296194 49 188.0
1 1.0 2.387755102040816 19.0 3.134594116007498 49 117.0
2 1.0 2.1428571428571432 11.0 2.010389680302469 49 105.0
3 1.0 2.0408163265306127 11.0 1.92526171027765 49 100.0
4 1.0 1.9795918367346939 11.0 1.8762750766519565 49 97.0
5 1.0 2.0204081632653064 10.0 1.7015898927959425 49 99.0
6 1.0 2.0 11.0 2.169869427715256 49 98.0
7 1.0 2.0816326530612246 12.0 1.880123385732498 49 102.0
8 1.0 1.9387755102040818 10.0 1.6254251144611638 49 95.0
9 1.0 2.0 10.0 1.5545631755148024 49 98.0
10 1.0 1.8775510204081631 11.0 1.7155253454508785 49 92.0
11 1.0 2.0 11.0 1.6708281379802852 49 98.0
12 1.0 1.9183673469387754 11.0 1.6436333570005501 49 94.0
13 1.0 2.0816326530612246 12.0 1.7776006147552468 49 102.0
14 1.0 2.1224489795918364 11.0 1.8778606296042544 49 104.0
15 1.0 2.2244897959183674 17.0 2.38279690457147 49 109.0
16 1.0 2.2448979591836737 17.0 2.419802094566979 49 110.0
17 1.0 2.2653061224489797 17.0 2.369735482813091 49 111.0
18 1.0 2.2653061224489797 17.0 2.369735482813091 49 111.0
19 1.0 2.183673469387755 17.0 2.368838229559615 49 107.0
20 1.0 2.2857142857142856 16.0 2.263846284534355 49 112.0
21 1.0 2.1428571428571432 17.0 2.4065881796989412 49 105.0
22 1.0 2.2448979591836737 14.0 1.952889016356045 49 110.0
23 1.0 2.9591836734693877 19.0 3.674003173614292 49 145.0
24 1.0 2.1224489795918364 16.0 2.241954625815984 49 104.0
25 1.0 2.387755102040816 17.0 2.3435756737889872 49 117.0
26 1.0 2.3469387755102042 17.0 2.341216033818069 49 115.0
27 1.0 2.387755102040816 17.0 2.3346691997173474 49 117.0
28 1.0 2.36734693877551 17.0 2.3424869045437977 49 116.0
29 1.0 2.306122448979592 17.0 2.4083542239519535 49 113.0
30 1.0 2.4285714285714284 17.0 2.318404623873926 49 119.0
31 1.0 2.326530612244898 17.0 2.375111884224622 49 114.0
32 1.0 2.36734693877551 17.0 2.3246314900701686 49 116.0
33 1.0 2.2857142857142856 17.0 2.3363076281460304 49 112.0
34 1.0 2.2653061224489797 17.0 2.387253566724056 49 111.0
35 1.0 2.326530612244898 17.0 2.3308417211925185 49 114.0
36 1.0 2.2448979591836737 17.0 2.349916773746978 49 110.0
37 1.0 2.4285714285714284 18.0 2.5 49 119.0
38 1.0 2.2653061224489797 18.0 2.5064542535562184 49 111.0
39 1.0 2.2653061224489797 17.0 2.3520869297647273 49 111.0
40 1.0 2.326530612244898 18.0 2.494892742367569 49 114.0
41 1.0 2.163265306122449 17.0 2.3747538361507967 49 106.0
42 1.0 2.2857142857142856 18.0 2.423839928708164 49 112.0
43 1.0 2.163265306122449 17.0 2.339399306584119 49 106.0
44 1.0 2.326530612244898 18.0 2.4527854497662522 49 114.0
45 1.0 2.306122448979592 17.0 2.3202377898311517 49 113.0
46 1.0 2.4081632653061225 18.0 2.423138180016933 49 118.0
47 1.0 2.4081632653061225 18.0 2.465751806810473 49 118.0
48 1.0 2.5306122448979593 18.0 2.407471363764673 49 124.0
49 1.0 2.5510204081632653 18.0 2.441492239131941 49 125.0
50 1.0 2.4489795918367347 18.0 2.424366106925305 49 120.0
51 1.0 2.4693877551020407 18.0 2.441840501345984 49 121.0
52 1.0 2.612244897959184 18.0 2.4049976310678924 49 128.0
53 1.0 2.4285714285714284 17.0 2.309401076758502 49 119.0
54 1.0 2.4489795918367347 18.0 2.4243661069253055 49 120.0
55 1.0 2.5714285714285716 18.0 2.4409697526461342 49 126.0
56 1.0 2.4489795918367347 18.0 2.43294424249197 49 120.0
57 1.0 2.4285714285714284 18.0 2.4409697526461356 49 119.0
58 1.0 2.4897959183673466 18.0 2.4248921709668516 49 122.0
59 1.0 2.5306122448979593 19.0 2.5747333261291874 49 124.0
60 1.0 2.5510204081632653 19.0 2.5744030415628725 49 125.0
61 1.0 2.4489795918367347 18.0 2.41575751137019 49 120.0
62 1.0 2.612244897959184 18.0 2.44792706974197 49 128.0
63 1.0 2.5510204081632653 18.0 2.432944242491972 49 125.0
64 1.0 2.5510204081632653 19.0 2.5253813613805276 49 125.0
65 1.0 2.7142857142857144 18.0 2.557668208870467 49 133.0
66 1.0 2.5510204081632653 18.0 2.39844762719726 49 125.0
67 1.0 2.5918367346938775 19.0 2.5651378077579206 49 127.0
68 1.0 2.5306122448979593 18.0 2.39010146939698 49 124.0
69 1.0 2.5918367346938775 19.0 2.5324425573194045 49 127.0
70 1.0 3.224489795918368 39.0 5.7273659817088145 49 158.0
71 1.0 2.673469387755102 19.0 2.511538000758041 49 131.0
72 1.0 2.5510204081632653 19.0 2.5088279508716482 49 125.0
73 1.0 2.693877551020408 19.0 2.5183003662577423 49 132.0
74 1.0 3.0204081632653064 19.0 3.325969757819812 49 148.0
75 1.0 2.5918367346938775 19.0 2.557003188524106 49 127.0
76 1.0 2.63265306122449 19.0 2.5057756413186407 49 129.0
77 1.0 2.6530612244897958 19.0 2.4962556994440313 49 130.0
78 1.0 2.63265306122449 19.0 2.522349083287081 49 129.0
79 1.0 2.673469387755102 19.0 2.560824697095 49 131.0
80 1.0 2.795918367346939 20.0 3.2079302246979458 49 137.0
81 1.0 2.6530612244897958 19.0 2.529418744232254 49 130.0
82 1.0 2.4693877551020407 18.0 2.3988021387101255 49 121.0
83 1.0 2.5306122448979593 19.0 2.542161488578883 49 124.0
84 1.0 2.5510204081632653 19.0 2.5336175100189915 49 125.0
85 1.0 2.4489795918367347 19.0 2.5253813613805263 49 120.0
86 1.0 2.4693877551020407 19.0 2.5174560639688637 49 121.0
87 1.0 2.5306122448979593 19.0 2.5174560639688637 49 124.0
88 1.0 2.3469387755102042 19.0 2.545838273929986 49 115.0
tot,1.0,2.4106856225636433,57.0,2.592219394189537,4361
