##ver, min, mean, max, stddev, count
0 1.0 3.615384615384615 23.0 5.909575020513484 13 47.0
1 1.0 2.076923076923077 12.0 3.040327242845702 13 27.0
2 1.0 1.7692307692307692 8.0 1.921537845661045 13 23.0
3 0.0 1.3846153846153846 5.0 1.1929278784054476 13 18.0
4 0.0 1.4615384615384615 4.0 0.9674179220468452 13 19.0
5 1.0 1.3076923076923077 4.0 0.8548504142651105 13 17.0
6 1.0 1.4615384615384615 4.0 0.9674179220468453 13 19.0
7 0.0 1.3076923076923077 3.0 0.7510676161988106 13 17.0
8 1.0 1.3076923076923077 4.0 0.8548504142651105 13 17.0
9 0.0 1.1538461538461537 3.0 0.8006407690254358 13 15.0
10 0.0 1.2307692307692308 4.0 0.9268086959962986 13 16.0
11 0.0 1.2307692307692308 3.0 0.725011052081984 13 16.0
12 1.0 1.3076923076923077 3.0 0.630425171956115 13 17.0
13 0.0 1.076923076923077 4.0 1.0377490433255416 13 14.0
14 1.0 1.3076923076923077 3.0 0.6304251719561151 13 17.0
15 1.0 1.6153846153846154 4.0 0.869718492622904 13 21.0
16 0.0 1.1538461538461537 3.0 0.6887372317211946 13 15.0
17 1.0 1.4615384615384615 4.0 0.8770580193070292 13 19.0
18 0.0 1.2307692307692308 3.0 0.7250110520819841 13 16.0
19 1.0 1.5384615384615385 3.0 0.6602252917735246 13 20.0
20 0.0 1.2307692307692308 3.0 0.7250110520819841 13 16.0
21 1.0 1.3846153846153846 3.0 0.650443635587991 13 18.0
22 1.0 1.692307692307692 7.0 1.6525039276108335 13 22.0
23 1.0 1.6153846153846154 3.0 0.6504436355879909 13 21.0
24 1.0 1.4615384615384615 4.0 0.8770580193070292 13 19.0
25 1.0 1.3846153846153846 3.0 0.650443635587991 13 18.0
26 1.0 1.4615384615384615 3.0 0.6602252917735247 13 19.0
27 1.0 1.3846153846153846 3.0 0.650443635587991 13 18.0
28 1.0 1.4615384615384615 3.0 0.6602252917735247 13 19.0
29 1.0 1.6153846153846154 3.0 0.6504436355879909 13 21.0
30 1.0 1.5384615384615385 3.0 0.6602252917735246 13 20.0
31 1.0 1.4615384615384615 3.0 0.6602252917735247 13 19.0
32 1.0 1.4615384615384615 3.0 0.6602252917735247 13 19.0
33 1.0 1.6923076923076923 3.0 0.6304251719561151 13 22.0
34 1.0 1.5384615384615385 3.0 0.6602252917735246 13 20.0
35 1.0 1.3076923076923077 3.0 0.630425171956115 13 17.0
36 1.0 1.5384615384615385 2.0 0.5188745216627708 13 20.0
37 1.0 1.3846153846153846 3.0 0.650443635587991 13 18.0
38 1.0 1.4615384615384615 3.0 0.776250025806185 13 19.0
39 1.0 1.6153846153846154 3.0 0.6504436355879909 13 21.0
40 1.0 1.2307692307692308 3.0 0.599144689515278 13 16.0
41 1.0 1.2307692307692308 2.0 0.4385290096535146 13 16.0
42 1.0 1.2307692307692308 3.0 0.599144689515278 13 16.0
43 1.0 1.5384615384615385 3.0 0.6602252917735246 13 20.0
44 1.0 1.1538461538461537 2.0 0.37553380809940545 13 15.0
45 1.0 1.2307692307692308 2.0 0.4385290096535146 13 16.0
46 1.0 1.3076923076923077 2.0 0.48038446141526137 13 17.0
47 1.0 1.5384615384615385 3.0 0.6602252917735246 13 20.0
48 1.0 1.3846153846153846 2.0 0.5063696835418334 13 18.0
49 1.0 1.5384615384615385 3.0 0.6602252917735246 13 20.0
50 1.0 1.4615384615384615 2.0 0.5188745216627707 13 19.0
51 1.0 1.5384615384615385 3.0 0.6602252917735247 13 20.0
52 1.0 1.6153846153846154 3.0 0.6504436355879909 13 21.0
53 1.0 1.6153846153846154 2.0 0.5063696835418333 13 21.0
54 1.0 1.3076923076923077 3.0 0.6304251719561151 13 17.0
55 1.0 1.7692307692307692 3.0 0.5991446895152781 13 23.0
56 1.0 1.4615384615384615 2.0 0.5188745216627707 13 19.0
57 1.0 1.3076923076923077 2.0 0.48038446141526137 13 17.0
58 1.0 1.6153846153846154 3.0 0.6504436355879909 13 21.0
59 1.0 1.6923076923076923 3.0 0.6304251719561152 13 22.0
60 1.0 1.4615384615384615 3.0 0.6602252917735246 13 19.0
61 1.0 1.5384615384615385 2.0 0.5188745216627708 13 20.0
62 1.0 1.6923076923076923 3.0 0.6304251719561152 13 22.0
63 1.0 1.6923076923076923 2.0 0.48038446141526137 13 22.0
64 1.0 1.3846153846153846 3.0 0.650443635587991 13 18.0
65 1.0 1.7692307692307692 2.0 0.4385290096535146 13 23.0
66 1.0 1.5384615384615385 2.0 0.5188745216627708 13 20.0
67 1.0 1.4615384615384615 2.0 0.5188745216627708 13 19.0
68 1.0 1.6153846153846154 2.0 0.5063696835418333 13 21.0
69 1.0 1.6923076923076923 2.0 0.48038446141526137 13 22.0
70 1.0 1.5384615384615385 3.0 0.6602252917735246 13 20.0
71 1.0 1.7692307692307692 2.0 0.4385290096535146 13 23.0
72 1.0 1.3846153846153846 2.0 0.5063696835418334 13 18.0
73 1.0 1.8461538461538463 3.0 0.6887372317211946 13 24.0
74 1.0 1.6153846153846154 2.0 0.5063696835418333 13 21.0
75 1.0 1.5384615384615385 2.0 0.5188745216627708 13 20.0
76 1.0 1.7692307692307692 3.0 0.5991446895152781 13 23.0
77 1.0 1.6153846153846154 3.0 0.6504436355879909 13 21.0
78 1.0 1.6153846153846154 2.0 0.5063696835418333 13 21.0
79 1.0 1.6923076923076923 3.0 0.6304251719561151 13 22.0
80 1.0 1.6153846153846154 2.0 0.5063696835418333 13 21.0
81 1.0 1.4615384615384615 2.0 0.5188745216627707 13 19.0
82 1.0 1.6923076923076923 2.0 0.48038446141526137 13 22.0
83 1.0 1.3846153846153846 3.0 0.650443635587991 13 18.0
84 1.0 1.5384615384615385 2.0 0.5188745216627708 13 20.0
85 1.0 1.5384615384615385 2.0 0.5188745216627708 13 20.0
86 1.0 1.6153846153846154 2.0 0.5063696835418333 13 21.0
87 1.0 1.5384615384615385 2.0 0.5188745216627708 13 20.0
88 1.0 3.923076923076923 32.0 8.50942162607168 13 51.0
