##bucket, min, mean, max, stddev, count,total
0 0.0 0.9387755102040818 12.0 2.0146149680243512 49 46.0
1 0.0 0.7142857142857142 11.0 1.7911821050170567 49 35.0
2 0.0 0.7551020408163267 11.0 1.7503643935489779 49 37.0
3 0.0 0.5918367346938773 11.0 1.7310686408850977 49 29.0
4 0.0 0.5510204081632654 11.0 1.7207220443004427 49 27.0
5 0.0 0.6734693877551021 11.0 1.7486632406646236 49 33.0
6 0.0 0.7142857142857142 11.0 1.7559422921421235 49 35.0
7 0.0 0.6530612244897959 12.0 1.920839881494585 49 32.0
8 0.0 0.6734693877551021 11.0 1.760536791980892 49 33.0
9 0.0 0.5918367346938773 12.0 1.8920708160079827 49 29.0
10 0.0 0.693877551020408 11.0 1.7224507931124986 49 34.0
11 0.0 0.693877551020408 11.0 1.7224507931124986 49 34.0
12 0.0 0.6122448979591836 11.0 1.7177544271835956 49 30.0
13 0.0 0.6734693877551021 11.0 1.712548723175987 49 33.0
14 0.0 0.6326530612244898 11.0 1.7283648046518383 49 31.0
15 0.0 0.5714285714285716 11.0 1.7199806200458585 49 28.0
16 0.0 0.7142857142857142 11.0 1.7320508075688776 49 35.0
17 0.0 0.6122448979591836 11.0 1.6809759879631958 49 30.0
18 0.0 0.6326530612244898 11.0 1.7283648046518383 49 31.0
19 0.0 0.6326530612244898 11.0 1.7162686943752485 49 31.0
20 0.0 0.7142857142857142 12.0 1.8484227510682365 49 35.0
21 0.0 0.6122448979591836 12.0 1.8463514306442788 49 30.0
22 0.0 0.6122448979591836 11.0 1.6933242273042421 49 30.0
23 0.0 0.7142857142857142 12.0 1.9148542155126762 49 35.0
24 0.0 0.6326530612244898 11.0 1.7162686943752485 49 31.0
25 0.0 0.7142857142857142 12.0 1.8257418583505538 49 35.0
26 0.0 0.6326530612244898 11.0 1.7162686943752485 49 31.0
27 0.0 0.6938775510204082 12.0 1.828069127438532 49 34.0
28 0.0 0.6734693877551021 12.0 1.8527879342363236 49 33.0
29 0.0 0.653061224489796 12.0 1.78595236508148 49 32.0
30 0.0 0.6122448979591836 12.0 1.857600676170431 49 30.0
31 0.0 0.7346938775510204 12.0 1.8117154647377902 49 36.0
32 0.0 0.5918367346938774 12.0 1.8699194205782717 49 29.0
33 0.0 0.6326530612244898 11.0 1.691817040332431 49 31.0
34 0.0 0.6326530612244898 11.0 1.691817040332431 49 31.0
35 0.0 0.6734693877551021 11.0 1.7003401020340128 49 33.0
36 0.0 0.6326530612244898 11.0 1.7403768455785242 49 31.0
37 0.0 0.693877551020408 11.0 1.7103128567683776 49 34.0
38 0.0 0.8367346938775512 21.0 3.030036707530058 49 41.0
39 0.0 0.6326530612244898 11.0 1.691817040332431 49 31.0
40 0.0 0.653061224489796 12.0 1.832018699961002 49 32.0
41 0.0 0.6734693877551021 12.0 1.807251079010616 49 33.0
42 0.0 0.7142857142857142 12.0 1.8484227510682365 49 35.0
43 0.0 0.6734693877551021 12.0 1.8415092893018588 49 33.0
44 0.0 0.653061224489796 12.0 1.843355414366276 49 32.0
45 0.0 0.6326530612244898 12.0 1.810776508745862 49 31.0
46 0.0 0.653061224489796 12.0 1.8206113946529425 49 32.0
47 0.0 0.7551020408163267 12.0 1.8543935693924527 49 37.0
48 0.0 0.6734693877551021 12.0 1.8072510790106164 49 33.0
49 0.0 0.673469387755102 12.0 1.8072510790106164 49 33.0
50 0.0 0.6734693877551021 13.0 1.9831346724949628 49 33.0
51 0.0 0.653061224489796 12.0 1.8320186999610015 49 32.0
52 0.0 0.653061224489796 12.0 1.8091321631305617 49 32.0
53 0.0 0.6734693877551021 12.0 1.8415092893018588 49 33.0
54 0.0 0.7346938775510204 12.0 1.8001795073001474 49 36.0
55 0.0 0.653061224489796 12.0 1.8320186999610015 49 32.0
56 0.0 0.653061224489796 12.0 1.8433554143662763 49 32.0
57 0.0 0.7142857142857143 12.0 1.8142950880897701 49 35.0
58 0.0 0.6734693877551021 12.0 1.8415092893018588 49 33.0
59 0.0 0.693877551020408 12.0 1.828069127438532 49 34.0
60 0.0 0.7551020408163266 12.0 1.9421917628126772 49 37.0
61 0.0 0.7551020408163266 13.0 1.974109633109928 49 37.0
62 0.0 0.653061224489796 13.0 1.953106717601507 49 32.0
63 0.0 0.7346938775510204 12.0 1.823178431157174 49 36.0
64 0.0 0.5918367346938774 12.0 1.8018320230964315 49 29.0
65 0.0 0.6734693877551021 12.0 1.8415092893018588 49 33.0
66 0.0 0.6326530612244898 13.0 1.9546299474050122 49 31.0
67 0.0 0.6122448979591836 12.0 1.857600676170431 49 30.0
68 0.0 0.7551020408163266 13.0 1.9421917628126772 49 37.0
69 0.0 0.7346938775510206 12.0 1.8345697747710223 49 36.0
70 0.0 0.653061224489796 13.0 1.9424106629838773 49 32.0
71 0.0 0.673469387755102 12.0 1.8072510790106164 49 33.0
72 0.0 0.6326530612244898 13.0 1.9223886785175677 49 31.0
73 0.0 0.6938775510204082 12.0 1.8166370215393082 49 34.0
74 0.0 0.6734693877551021 12.0 1.8415092893018588 49 33.0
75 0.0 0.693877551020408 13.0 1.9494024900023108 49 34.0
76 0.0 0.5918367346938774 12.0 1.8018320230964318 49 29.0
77 0.0 0.653061224489796 12.0 1.8206113946529425 49 32.0
78 0.0 0.653061224489796 12.0 1.8320186999610015 49 32.0
79 0.0 0.6326530612244898 12.0 1.833642521856206 49 31.0
80 0.0 0.653061224489796 12.0 1.832018699961002 49 32.0
81 0.0 0.7755102040816327 13.0 1.950056688518407 49 38.0
82 0.0 0.7346938775510204 12.0 1.8117154647377904 49 36.0
83 0.0 0.653061224489796 13.0 1.953106717601507 49 32.0
84 0.0 0.6938775510204082 13.0 1.960060390573177 49 34.0
85 0.0 1.081632653061225 18.0 3.0539369037759907 49 53.0
86 0.0 0.9387755102040818 25.0 3.602129944359923 49 46.0
87 0.0 0.7551020408163266 14.0 2.0869696157037714 49 37.0
tot,0.0,0.6808905380333949,25.0,1.8719693905853685,4312
