##bucket, min, mean, max, stddev, count,total
0 1.0 5.0 32.0 8.225975119502044 13 65.0
1 1.0 2.7692307692307687 11.0 2.5869494955077283 13 36.0
2 1.0 3.0 16.0 3.958114029012639 13 39.0
3 1.0 2.384615384615384 10.0 2.433737233777904 13 31.0
4 1.0 2.615384615384616 11.0 2.631174057921087 13 34.0
5 1.0 2.307692307692308 10.0 2.4625398604088753 13 30.0
6 1.0 2.6923076923076925 9.0 2.0159619451027746 13 35.0
7 1.0 2.230769230769231 10.0 2.4205318339105473 13 29.0
8 1.0 2.3846153846153846 9.0 2.02231144726612 13 31.0
9 1.0 2.230769230769231 7.0 1.5892265495016829 13 29.0
10 1.0 2.230769230769231 7.0 1.4806443503784732 13 29.0
11 1.0 2.076923076923077 5.0 1.1151635501529555 13 27.0
12 1.0 1.923076923076923 5.0 1.1151635501529555 13 25.0
13 1.0 2.1538461538461537 5.0 0.9870962335856489 13 28.0
14 1.0 2.3846153846153846 7.0 1.4455945454184547 13 31.0
15 1.0 2.1538461538461537 5.0 1.0681880176381127 13 28.0
16 1.0 2.1538461538461537 4.0 0.8006407690254358 13 28.0
17 1.0 2.3076923076923075 5.0 0.947330933431342 13 30.0
18 1.0 2.076923076923077 4.0 0.8623164985025763 13 27.0
19 1.0 2.1538461538461537 5.0 0.9870962335856489 13 28.0
20 2.0 2.3846153846153846 5.0 0.8697184926229038 13 31.0
21 1.0 2.076923076923077 4.0 0.9540735874430285 13 27.0
22 1.0 2.0 4.0 0.816496580927726 13 26.0
23 2.0 2.3076923076923075 4.0 0.6304251719561152 13 30.0
24 2.0 2.3076923076923075 5.0 0.8548504142651105 13 30.0
25 1.0 2.0 4.0 0.816496580927726 13 26.0
26 1.0 2.230769230769231 4.0 0.8320502943378437 13 29.0
27 2.0 2.3076923076923075 4.0 0.6304251719561151 13 30.0
28 1.0 2.3076923076923075 4.0 0.8548504142651104 13 30.0
29 1.0 2.1538461538461537 4.0 0.8006407690254358 13 28.0
30 1.0 2.3846153846153846 4.0 0.869718492622904 13 31.0
31 1.0 2.230769230769231 5.0 0.9268086959962986 13 29.0
32 1.0 2.3076923076923075 4.0 0.7510676161988107 13 30.0
33 1.0 2.0 3.0 0.5773502691896257 13 26.0
34 1.0 2.230769230769231 3.0 0.5991446895152781 13 29.0
35 1.0 2.3076923076923075 4.0 0.7510676161988107 13 30.0
36 2.0 2.3076923076923075 4.0 0.6304251719561152 13 30.0
37 1.0 2.230769230769231 4.0 0.8320502943378436 13 29.0
38 1.0 2.0 4.0 0.816496580927726 13 26.0
39 2.0 2.3846153846153846 4.0 0.650443635587991 13 31.0
40 1.0 2.0 3.0 0.5773502691896257 13 26.0
41 1.0 2.1538461538461537 3.0 0.6887372317211946 13 28.0
42 1.0 2.076923076923077 4.0 0.75955452531275 13 27.0
43 1.0 1.8461538461538463 3.0 0.5547001962252291 13 24.0
44 1.0 2.1538461538461537 3.0 0.5547001962252291 13 28.0
45 1.0 2.3076923076923075 4.0 0.7510676161988107 13 30.0
46 1.0 2.076923076923077 3.0 0.6405126152203485 13 27.0
47 1.0 3.3846153846153846 17.0 4.1540835639657345 13 44.0
48 2.0 2.1538461538461537 3.0 0.3755338080994054 13 28.0
49 1.0 2.3076923076923075 4.0 0.8548504142651104 13 30.0
50 2.0 2.230769230769231 3.0 0.4385290096535146 13 29.0
51 1.0 2.0 3.0 0.7071067811865476 13 26.0
52 1.0 4.153846153846154 30.0 7.776526150818176 13 54.0
53 2.0 2.1538461538461537 3.0 0.3755338080994053 13 28.0
54 1.0 2.3076923076923075 3.0 0.6304251719561152 13 30.0
55 2.0 2.3846153846153846 4.0 0.650443635587991 13 31.0
56 2.0 2.3846153846153846 3.0 0.5063696835418334 13 31.0
57 2.0 2.4615384615384617 3.0 0.5188745216627708 13 32.0
58 1.0 2.076923076923077 4.0 0.75955452531275 13 27.0
59 1.0 2.230769230769231 3.0 0.5991446895152781 13 29.0
60 2.0 2.230769230769231 4.0 0.599144689515278 13 29.0
61 2.0 2.3076923076923075 3.0 0.4803844614152615 13 30.0
62 2.0 2.3846153846153846 5.0 0.8697184926229038 13 31.0
63 2.0 2.4615384615384617 4.0 0.6602252917735248 13 32.0
64 2.0 2.3076923076923075 4.0 0.6304251719561151 13 30.0
65 2.0 2.3076923076923075 3.0 0.4803844614152615 13 30.0
66 2.0 2.3846153846153846 4.0 0.650443635587991 13 31.0
67 2.0 2.230769230769231 3.0 0.4385290096535146 13 29.0
68 2.0 2.4615384615384617 3.0 0.5188745216627708 13 32.0
69 2.0 2.5384615384615383 4.0 0.6602252917735248 13 33.0
70 2.0 2.3846153846153846 3.0 0.5063696835418334 13 31.0
71 2.0 2.3846153846153846 3.0 0.5063696835418334 13 31.0
72 2.0 2.3846153846153846 3.0 0.5063696835418334 13 31.0
73 2.0 2.4615384615384617 3.0 0.5188745216627708 13 32.0
74 2.0 2.4615384615384617 4.0 0.6602252917735248 13 32.0
75 2.0 2.4615384615384617 4.0 0.6602252917735248 13 32.0
76 2.0 2.5384615384615383 4.0 0.6602252917735248 13 33.0
77 2.0 2.3076923076923075 3.0 0.4803844614152615 13 30.0
78 2.0 2.5384615384615383 4.0 0.6602252917735248 13 33.0
79 2.0 2.1538461538461537 3.0 0.3755338080994053 13 28.0
80 2.0 2.6153846153846154 4.0 0.6504436355879909 13 34.0
81 2.0 2.3846153846153846 3.0 0.5063696835418334 13 31.0
82 2.0 2.3846153846153846 3.0 0.5063696835418334 13 31.0
83 1.0 2.1538461538461537 4.0 0.6887372317211946 13 28.0
84 1.0 2.076923076923077 3.0 0.6405126152203484 13 27.0
85 1.0 2.3846153846153846 5.0 0.9607689228305226 13 31.0
86 1.0 2.1538461538461537 3.0 0.5547001962252291 13 28.0
87 2.0 2.1538461538461537 3.0 0.3755338080994053 13 28.0
88 1.0 2.230769230769231 3.0 0.5991446895152781 13 29.0
tot,1.0,2.3457216940362997,32.0,1.645932209853664,1157
