##ver, min, mean, max, stddev, count,total
0 0.0 2.5306122448979593 22.0 5.099436410102616 49 124.0
1 0.0 0.7959183673469387 16.0 2.4236645105839107 49 39.0
2 0.0 0.6734693877551021 12.0 1.8415092893018588 49 33.0
3 0.0 0.7755102040816328 14.0 2.238538456620459 49 38.0
4 0.0 0.7959183673469385 13.0 2.508149980868491 49 39.0
5 0.0 0.7346938775510206 12.0 2.3073750436018696 49 36.0
6 0.0 0.7959183673469385 13.0 2.5979125581635625 49 39.0
7 0.0 0.8163265306122454 12.0 2.4037598100662634 49 40.0
8 0.0 0.8775510204081634 12.0 2.3860065404110586 49 43.0
9 0.0 0.7346938775510206 12.0 2.3959645778899556 49 36.0
10 0.0 0.8775510204081634 13.0 2.4969368989926473 49 43.0
11 0.0 0.775510204081633 12.0 2.400219661149518 49 38.0
12 0.0 0.775510204081633 12.0 2.3117931903831797 49 38.0
13 0.0 0.653061224489796 12.0 1.9099631367315615 49 32.0
14 0.0 0.5918367346938774 11.0 1.801832023096432 49 29.0
15 0.0 0.653061224489796 12.0 1.843355414366276 49 32.0
16 0.0 0.693877551020408 11.0 1.8051325162880822 49 34.0
17 0.0 0.6734693877551021 12.0 1.8639983358142704 49 33.0
18 0.0 0.5102040816326531 11.0 1.6970863386452466 49 25.0
19 0.0 0.653061224489796 12.0 1.774248906910602 49 32.0
20 0.0 0.5714285714285715 11.0 1.6955824957813175 49 28.0
21 0.0 1.1428571428571432 29.0 4.439406867289071 49 56.0
22 0.0 0.6326530612244898 12.0 1.810776508745862 49 31.0
23 0.0 0.7142857142857142 12.0 1.8819316317727026 49 35.0
24 0.0 0.6734693877551021 11.0 1.7003401020340128 49 33.0
25 0.0 0.673469387755102 12.0 1.784046840543068 49 33.0
26 0.0 0.5918367346938774 12.0 1.8133574678265858 49 29.0
27 0.0 0.5918367346938774 12.0 1.8361913406439372 49 29.0
28 0.0 0.5918367346938774 12.0 1.7902323795499604 49 29.0
29 0.0 0.6938775510204082 12.0 1.8166370215393082 49 34.0
30 0.0 0.653061224489796 13.0 1.9316553825687435 49 32.0
31 0.0 0.6938775510204082 12.0 1.8394301838777525 49 34.0
32 0.0 0.5918367346938774 12.0 1.8018320230964318 49 29.0
33 0.0 0.6326530612244898 12.0 1.810776508745862 49 31.0
34 0.0 0.653061224489796 12.0 1.8546228323678462 49 32.0
35 0.0 0.6326530612244898 12.0 1.7759255515437165 49 31.0
36 0.0 0.6326530612244898 12.0 1.8222453817454223 49 31.0
37 0.0 0.6734693877551021 12.0 1.8187421832826398 49 33.0
38 0.0 0.7142857142857142 13.0 1.957890020745122 49 35.0
39 0.0 0.653061224489796 12.0 1.8320186999610015 49 32.0
40 0.0 0.5714285714285716 13.0 1.9257033347152244 49 28.0
41 0.0 0.673469387755102 13.0 1.9513644275869393 49 33.0
42 0.0 0.6938775510204082 14.0 2.063614160001947 49 34.0
43 0.0 0.6938775510204082 14.0 2.1036088201058694 49 34.0
44 0.0 0.6938775510204082 12.0 1.793554218498531 49 34.0
45 0.0 0.6734693877551021 12.0 1.807251079010616 49 33.0
46 0.0 0.653061224489796 13.0 1.963744514188849 49 32.0
47 0.0 0.6938775510204082 12.0 1.8166370215393082 49 34.0
48 0.0 0.5918367346938774 13.0 1.9463466562055298 49 29.0
49 0.0 0.6734693877551021 12.0 1.8187421832826398 49 33.0
50 0.0 0.7551020408163266 13.0 1.9421917628126772 49 37.0
51 0.0 0.7346938775510204 12.0 1.8117154647377904 49 36.0
52 0.0 0.6122448979591836 13.0 1.9452541236152607 49 30.0
53 0.0 1.0408163265306123 31.0 4.42981933262835 49 51.0
54 0.0 0.6938775510204082 15.0 2.228640108831813 49 34.0
55 0.0 0.6122448979591836 13.0 1.9237152263546815 49 30.0
56 0.0 0.7551020408163267 12.0 1.8203778481963797 49 37.0
57 0.0 0.673469387755102 13.0 1.9406587702594797 49 33.0
58 0.0 0.6326530612244898 13.0 1.954629947405012 49 31.0
59 0.0 0.7142857142857142 12.0 1.7795130420052188 49 35.0
60 0.0 0.6326530612244898 13.0 1.975831866487089 49 31.0
61 0.0 0.653061224489796 12.0 1.7975796274454157 49 32.0
62 0.0 0.7346938775510204 13.0 1.966124680304736 49 36.0
63 0.0 0.6326530612244898 13.0 1.9331955146749091 49 31.0
64 0.0 0.653061224489796 12.0 1.8206113946529427 49 32.0
65 0.0 0.7346938775510206 13.0 1.9554998317148313 49 36.0
66 0.0 0.6938775510204082 13.0 1.9279099394665395 49 34.0
67 0.0 0.653061224489796 12.0 1.8433554143662763 49 32.0
68 0.0 0.653061224489796 13.0 1.9316553825687435 49 32.0
69 0.0 0.7551020408163267 13.0 1.9741096331099282 49 37.0
70 0.0 0.5714285714285715 12.0 1.7795130420052192 49 28.0
71 0.0 0.693877551020408 13.0 1.9706606509900537 49 34.0
72 0.0 0.7142857142857142 13.0 1.9364916731037087 49 35.0
73 0.0 0.6122448979591836 13.0 1.9128548312514926 49 30.0
74 0.0 0.7551020408163267 13.0 1.984634855635686 49 37.0
75 0.0 0.653061224489796 13.0 1.9208398814945853 49 32.0
76 0.0 0.6326530612244898 13.0 1.9652594988853729 49 31.0
77 0.0 0.6938775510204082 12.0 1.7819006897207288 49 34.0
78 0.0 0.7142857142857142 13.0 1.9790570145063198 49 35.0
79 0.0 0.6734693877551021 13.0 2.024719683294053 49 33.0
80 0.0 0.653061224489796 13.0 1.9743249944407495 49 32.0
81 0.0 0.7755102040816327 13.0 1.9068441000167553 49 38.0
82 0.0 0.5918367346938774 13.0 1.9570211988604296 49 29.0
83 0.0 0.7346938775510204 13.0 1.9340750395223552 49 36.0
84 0.0 0.5918367346938774 13.0 1.94634665620553 49 29.0
85 0.0 0.6938775510204082 13.0 1.9494024900023108 49 34.0
86 0.0 0.6938775510204082 13.0 1.9494024900023108 49 34.0
87 0.0 0.6938775510204082 13.0 1.9386859986497407 49 34.0
