---PATTERN START:  http://data.ordnancesurvey.co.uk/ontology/admingeo/hasAreaCode .
--- ---VERSION MATERIALIZED
patch,offset,limit,count-ms,lookup-mus,results
0,0,-2,9,3749,1554
1,0,-2,5776,38269,1639
2,0,-2,4311,34530,1462
3,0,-2,3216,32775,1268
4,0,-2,2381,36316,1639
5,0,-2,2467,36565,1772
6,0,-2,4331,34722,1434
7,0,-2,2380,36651,1656
--- ---DELTA MATERIALIZED
patch_start,patch_end,offset,limit,count-ms,lookup-mus,results
0,1,0,-2,5567,6552,101
0,2,0,-2,4304,6506,94
0,3,0,-2,3221,10343,360
0,4,0,-2,2389,6722,121
0,5,0,-2,2570,6957,224
0,6,0,-2,4321,6750,122
0,7,0,-2,2370,6731,124
1,2,0,-2,9860,6744,187
1,3,0,-2,8769,10722,531
1,4,0,-2,7969,6670,30
1,5,0,-2,8059,6943,137
1,6,0,-2,9884,7176,221
1,7,0,-2,7928,6766,43
2,3,0,-2,7546,10203,273
2,4,0,-2,6688,7066,209
2,5,0,-2,6782,7344,314
2,6,0,-2,8641,6776,38
2,7,0,-2,6694,7235,224
3,4,0,-2,5759,7864,463
3,5,0,-2,5854,8127,570
3,6,0,-2,7773,7436,246
3,7,0,-2,5781,7951,480
4,5,0,-2,4994,7155,135
4,6,0,-2,6920,7409,241
4,7,0,-2,4915,6965,39
5,6,0,-2,7019,7667,344
5,7,0,-2,4978,7162,120
6,7,0,-2,6935,7242,248
--- ---VERSION
offset,limit,count-ms,lookup-mus,results
0,-2,5,34885,1806
---PATTERN START:  http://d-nb.info/standards/elementset/gnd#preferredNameForTheSubjectHeading .
--- ---VERSION MATERIALIZED
patch,offset,limit,count-ms,lookup-mus,results
0,0,-2,6,4431,1702
1,0,-2,2600,43870,1847
2,0,-2,8302,40401,1673
3,0,-2,8291,39469,1415
4,0,-2,7219,46973,1849
5,0,-2,7148,47080,1984
6,0,-2,8076,40234,1644
7,0,-2,7350,47852,1866
--- ---DELTA MATERIALIZED
patch_start,patch_end,offset,limit,count-ms,lookup-mus,results
0,1,0,-2,2555,16888,155
0,2,0,-2,8016,17817,85
0,3,0,-2,8165,18406,294
0,4,0,-2,7154,17281,229
0,5,0,-2,7314,20314,581
0,6,0,-2,8012,17801,153
0,7,0,-2,7343,17931,236
1,2,0,-2,10457,17810,274
1,3,0,-2,10777,18657,459
1,4,0,-2,9592,17740,76
1,5,0,-2,9933,20333,430
1,6,0,-2,10847,18297,297
1,7,0,-2,9948,18000,100
2,3,0,-2,16411,18196,266
2,4,0,-2,15089,18121,267
2,5,0,-2,15568,20666,729
2,6,0,-2,15997,18028,106
2,7,0,-2,15510,18233,291
3,4,0,-2,15625,18366,527
3,5,0,-2,15451,21192,1015
3,6,0,-2,16430,18307,312
3,7,0,-2,15696,18825,551
4,5,0,-2,14254,19627,139
4,6,0,-2,15462,18229,244
4,7,0,-2,14266,18010,35
5,6,0,-2,15110,18402,383
5,7,0,-2,14620,17951,140
6,7,0,-2,15574,18138,245
--- ---VERSION
offset,limit,count-ms,lookup-mus,results
0,-2,5,42119,1993
---PATTERN START:  http://purl.org/dc/elements/1.1/language .
--- ---VERSION MATERIALIZED
patch,offset,limit,count-ms,lookup-mus,results
0,0,-2,7,3437,1373
1,0,-2,15484,70581,1370
2,0,-2,13022,65447,1446
3,0,-2,10456,61846,1477
4,0,-2,7772,59217,1465
5,0,-2,5141,55768,1439
6,0,-2,2405,53100,1438
7,0,-2,231,51003,1430
--- ---DELTA MATERIALIZED
patch_start,patch_end,offset,limit,count-ms,lookup-mus,results
0,1,0,-2,15223,40509,469
0,2,0,-2,12990,41480,629
0,3,0,-2,10388,42400,734
0,4,0,-2,7712,43088,811
0,5,0,-2,5128,43885,850
0,6,0,-2,2382,44662,948
0,7,0,-2,217,45367,1003
1,2,0,-2,28088,41411,594
1,3,0,-2,25499,42756,933
1,4,0,-2,22875,44820,1085
1,5,0,-2,20258,44556,1198
1,6,0,-2,17497,45499,1368
1,7,0,-2,15386,46236,1457
2,3,0,-2,23336,42579,801
2,4,0,-2,20734,43704,1097
2,5,0,-2,18033,44566,1210
2,6,0,-2,15353,45489,1384
2,7,0,-2,13155,46247,1473
3,4,0,-2,18186,43329,784
3,5,0,-2,15415,44436,1085
3,6,0,-2,12777,45391,1259
3,7,0,-2,10569,46100,1348
4,5,0,-2,12829,44172,819
4,6,0,-2,10138,45207,1119
4,7,0,-2,7943,45998,1208
5,6,0,-2,7454,44726,692
5,7,0,-2,5320,45863,983
6,7,0,-2,2589,45649,761
--- ---VERSION
offset,limit,count-ms,lookup-mus,results
0,-2,7,86115,2992
---PATTERN START:  http://data.ordnancesurvey.co.uk/ontology/admingeo/gssCode .
--- ---VERSION MATERIALIZED
patch,offset,limit,count-ms,lookup-mus,results
0,0,-2,4,2950,1446
1,0,-2,9279,36755,1529
2,0,-2,5547,32666,1368
3,0,-2,4789,31468,1223
4,0,-2,9192,37170,1539
5,0,-2,4414,37278,1627
6,0,-2,5566,32971,1339
7,0,-2,9245,37157,1545
--- ---DELTA MATERIALIZED
patch_start,patch_end,offset,limit,count-ms,lookup-mus,results
0,1,0,-2,9201,9605,83
0,2,0,-2,5541,9669,78
0,3,0,-2,4785,10013,295
0,4,0,-2,9472,10104,334
0,5,0,-2,4362,10230,422
0,6,0,-2,5529,9924,107
0,7,0,-2,9195,9766,99
1,2,0,-2,14684,9827,161
1,3,0,-2,13938,10259,458
1,4,0,-2,18324,10130,251
1,5,0,-2,13502,10327,339
1,6,0,-2,14639,10170,190
1,7,0,-2,18328,9926,16
2,3,0,-2,10343,9963,218
2,4,0,-2,14807,10488,495
2,5,0,-2,9924,10680,583
2,6,0,-2,11045,9994,29
2,7,0,-2,14714,10138,177
3,4,0,-2,13990,10868,709
3,5,0,-2,9137,10981,789
3,6,0,-2,10274,10181,188
3,7,0,-2,13995,10467,392
4,5,0,-2,13528,9885,91
4,6,0,-2,14675,10189,200
4,7,0,-2,18469,9881,6
5,6,0,-2,9865,10287,288
5,7,0,-2,13538,9965,82
6,7,0,-2,14662,10179,206
--- ---VERSION
offset,limit,count-ms,lookup-mus,results
0,-2,7,32276,1658
---PATTERN START:  http://d-nb.info/standards/elementset/gnd#relatedDdcWithDegreeOfDeterminacy2 .
--- ---VERSION MATERIALIZED
patch,offset,limit,count-ms,lookup-mus,results
0,0,-2,3,2955,1524
1,0,-2,6074,40847,1656
2,0,-2,7079,34929,1487
3,0,-2,6848,33684,1269
4,0,-2,6004,40746,1658
5,0,-2,419,35311,1797
6,0,-2,7090,34450,1463
7,0,-2,6022,40844,1671
--- ---DELTA MATERIALIZED
patch_start,patch_end,offset,limit,count-ms,lookup-mus,results
0,1,0,-2,6009,13782,142
0,2,0,-2,7069,14929,83
0,3,0,-2,6867,14427,259
0,4,0,-2,6010,14033,193
0,5,0,-2,413,18897,541
0,6,0,-2,7061,14183,133
0,7,0,-2,6033,14200,199
1,2,0,-2,13068,15199,296
1,3,0,-2,12839,14716,431
1,4,0,-2,12006,14155,51
1,5,0,-2,6418,19123,399
1,6,0,-2,13086,14650,276
1,7,0,-2,12017,14384,73
2,3,0,-2,13895,14444,225
2,4,0,-2,13076,14373,245
2,5,0,-2,7488,19435,692
2,6,0,-2,14149,14417,84
2,7,0,-2,13072,15047,265
3,4,0,-2,12872,14721,461
3,5,0,-2,7268,19738,928
3,6,0,-2,13929,14648,246
3,7,0,-2,12846,14985,481
4,5,0,-2,6410,18643,145
4,6,0,-2,13086,14588,250
4,7,0,-2,12013,14292,29
5,6,0,-2,7499,14712,387
5,7,0,-2,6431,14410,148
6,7,0,-2,13108,14579,239
--- ---VERSION
offset,limit,count-ms,lookup-mus,results
0,-2,5,36620,1806
---PATTERN START:  http://data.ordnancesurvey.co.uk/ontology/admingeo/inCounty .
--- ---VERSION MATERIALIZED
patch,offset,limit,count-ms,lookup-mus,results
0,0,-2,4,2541,1236
1,0,-2,2137,25422,1321
2,0,-2,2089,25207,1174
3,0,-2,2046,25217,1150
4,0,-2,108,25659,1321
5,0,-2,183,25745,1454
6,0,-2,2163,25146,1175
7,0,-2,84,25407,1338
--- ---DELTA MATERIALIZED
patch_start,patch_end,offset,limit,count-ms,lookup-mus,results
0,1,0,-2,2104,4189,101
0,2,0,-2,2075,4097,64
0,3,0,-2,2033,4299,161
0,4,0,-2,101,4266,121
0,5,0,-2,178,4456,224
0,6,0,-2,2164,4210,63
0,7,0,-2,80,4321,124
1,2,0,-2,4172,4333,157
1,3,0,-2,4126,4691,341
1,4,0,-2,2189,4189,30
1,5,0,-2,2267,4437,137
1,6,0,-2,4276,4542,162
1,7,0,-2,2162,4280,43
2,3,0,-2,4133,4310,102
2,4,0,-2,2193,4497,179
2,5,0,-2,2258,4742,284
2,6,0,-2,4244,4220,9
2,7,0,-2,2161,4601,194
3,4,0,-2,2134,4650,259
3,5,0,-2,2204,4889,366
3,6,0,-2,4188,4405,101
3,7,0,-2,2115,4751,276
4,5,0,-2,278,4413,135
4,6,0,-2,2270,4581,182
4,7,0,-2,178,4696,39
5,6,0,-2,2356,4781,285
5,7,0,-2,251,4439,120
6,7,0,-2,2241,4585,189
--- ---VERSION
offset,limit,count-ms,lookup-mus,results
0,-2,5,26560,1486
---PATTERN START:  http://d-nb.info/standards/elementset/gnd#gndIdentifier .
--- ---VERSION MATERIALIZED
patch,offset,limit,count-ms,lookup-mus,results
0,0,-2,4,3874,1738
1,0,-2,70,38829,1891
2,0,-2,6457,38267,1717
3,0,-2,6442,37504,1459
4,0,-2,57,38617,1893
5,0,-2,57,38763,2028
6,0,-2,6480,38264,1688
7,0,-2,56,38852,1910
--- ---DELTA MATERIALIZED
patch_start,patch_end,offset,limit,count-ms,lookup-mus,results
0,1,0,-2,52,12575,163
0,2,0,-2,6467,12547,91
0,3,0,-2,6454,13059,301
0,4,0,-2,53,12645,163
0,5,0,-2,52,12950,302
0,6,0,-2,6472,12878,102
0,7,0,-2,52,12787,179
1,2,0,-2,6512,12664,180
1,3,0,-2,6508,13308,438
1,4,0,-2,106,12836,2
1,5,0,-2,99,13075,141
1,6,0,-2,6524,13200,207
1,7,0,-2,98,12976,19
2,3,0,-2,12916,13064,262
2,4,0,-2,6517,12941,180
2,5,0,-2,6507,13273,319
2,6,0,-2,12923,13004,29
2,7,0,-2,6506,13180,197
3,4,0,-2,6492,13743,440
3,5,0,-2,6501,13752,579
3,6,0,-2,12947,13385,235
3,7,0,-2,6533,13660,457
4,5,0,-2,98,13100,139
4,6,0,-2,6524,13245,207
4,7,0,-2,99,12983,17
5,6,0,-2,6520,13308,346
5,7,0,-2,97,13038,122
6,7,0,-2,6525,13181,224
--- ---VERSION
offset,limit,count-ms,lookup-mus,results
0,-2,7,40157,2037
---PATTERN START:  http://data.ordnancesurvey.co.uk/ontology/admingeo/inEuropeanRegion .
--- ---VERSION MATERIALIZED
patch,offset,limit,count-ms,lookup-mus,results
0,0,-2,4,3229,1550
1,0,-2,3323,33693,1635
2,0,-2,3227,32938,1458
3,0,-2,3188,32498,1264
4,0,-2,66,33220,1635
5,0,-2,153,33523,1768
6,0,-2,3374,32714,1430
7,0,-2,46,33163,1652
--- ---DELTA MATERIALIZED
patch_start,patch_end,offset,limit,count-ms,lookup-mus,results
0,1,0,-2,3244,6526,101
0,2,0,-2,3234,6482,94
0,3,0,-2,3197,7094,365
0,4,0,-2,62,6712,121
0,5,0,-2,136,6916,224
0,6,0,-2,3372,6749,122
0,7,0,-2,40,6728,124
1,2,0,-2,6447,6726,187
1,3,0,-2,6446,7515,545
1,4,0,-2,3280,6676,30
1,5,0,-2,3378,6938,137
1,6,0,-2,6568,7152,221
1,7,0,-2,3270,6767,43
2,3,0,-2,6405,7012,276
2,4,0,-2,3281,7061,209
2,5,0,-2,3359,7366,314
2,6,0,-2,6611,6766,38
2,7,0,-2,3264,7162,224
3,4,0,-2,3252,7586,463
3,5,0,-2,3678,7839,570
3,6,0,-2,6564,7216,246
3,7,0,-2,3246,7687,480
4,5,0,-2,196,6945,135
4,6,0,-2,3425,7202,241
4,7,0,-2,98,6769,39
5,6,0,-2,3500,7407,344
5,7,0,-2,172,6935,120
6,7,0,-2,3390,7194,248
--- ---VERSION
offset,limit,count-ms,lookup-mus,results
0,-2,5,33343,1802
---PATTERN START:  http://data.ordnancesurvey.co.uk/ontology/admingeo/inDistrict .
--- ---VERSION MATERIALIZED
patch,offset,limit,count-ms,lookup-mus,results
0,0,-2,3,2707,1361
1,0,-2,4652,30489,1444
2,0,-2,2405,27878,1283
3,0,-2,2414,27490,1142
4,0,-2,4632,30462,1454
5,0,-2,2217,30642,1542
6,0,-2,2414,27750,1254
7,0,-2,4633,30465,1460
--- ---DELTA MATERIALIZED
patch_start,patch_end,offset,limit,count-ms,lookup-mus,results
0,1,0,-2,4588,5020,83
0,2,0,-2,2403,5029,78
0,3,0,-2,2403,7080,289
0,4,0,-2,4625,5726,286
0,5,0,-2,2205,5909,374
0,6,0,-2,2405,5101,107
0,7,0,-2,4616,5048,99
1,2,0,-2,6980,5252,161
1,3,0,-2,6999,7449,452
1,4,0,-2,9209,5710,203
1,5,0,-2,6790,5929,291
1,6,0,-2,6986,5412,190
1,7,0,-2,9193,5050,16
2,3,0,-2,4795,6996,212
2,4,0,-2,7011,6070,364
2,5,0,-2,4596,6243,452
2,6,0,-2,4806,5078,29
2,7,0,-2,7024,5367,177
3,4,0,-2,7034,6416,573
3,5,0,-2,4627,6605,653
3,6,0,-2,4807,5391,182
3,7,0,-2,7030,5817,386
4,5,0,-2,6823,5536,88
4,6,0,-2,7027,5444,200
4,7,0,-2,9249,5038,6
5,6,0,-2,4624,5612,288
5,7,0,-2,6845,5187,82
6,7,0,-2,7327,5431,206
--- ---VERSION
offset,limit,count-ms,lookup-mus,results
0,-2,4,28278,1572
---PATTERN START:  http://data.ordnancesurvey.co.uk/ontology/admingeo/hasUnitID .
--- ---VERSION MATERIALIZED
patch,offset,limit,count-ms,lookup-mus,results
0,0,-2,4,3561,1554
1,0,-2,5497,35613,1639
2,0,-2,4278,34065,1462
3,0,-2,4298,33389,1268
4,0,-2,1936,35668,1639
5,0,-2,1997,35997,1772
6,0,-2,4295,34013,1434
7,0,-2,1898,35687,1656
--- ---DELTA MATERIALIZED
patch_start,patch_end,offset,limit,count-ms,lookup-mus,results
0,1,0,-2,5393,6996,101
0,2,0,-2,4290,7112,94
0,3,0,-2,4320,9252,360
0,4,0,-2,1930,7226,121
0,5,0,-2,2009,7455,224
0,6,0,-2,4333,7286,122
0,7,0,-2,1906,7238,124
1,2,0,-2,9719,7285,187
1,3,0,-2,9761,9542,512
1,4,0,-2,7364,7259,30
1,5,0,-2,7392,7528,137
1,6,0,-2,9729,7662,221
1,7,0,-2,7344,7343,43
2,3,0,-2,8651,9211,272
2,4,0,-2,6211,7549,209
2,5,0,-2,6296,7843,314
2,6,0,-2,8553,7346,38
2,7,0,-2,6170,7685,224
3,4,0,-2,6248,8109,463
3,5,0,-2,6293,8397,570
3,6,0,-2,8563,7792,246
3,7,0,-2,6237,8209,480
4,5,0,-2,3932,7505,135
4,6,0,-2,6204,7729,241
4,7,0,-2,3827,7363,39
5,6,0,-2,6324,8239,344
5,7,0,-2,3927,7522,120
6,7,0,-2,6195,7721,248
--- ---VERSION
offset,limit,count-ms,lookup-mus,results
0,-2,10,34066,1806
