---PATTERN START:   http://www.loa-cnr.it/ontologies/DUL.owl#Entity.
--- ---VERSION MATERIALIZED
patch,offset,limit,count-ms,lookup-mus,results
0,0,-2,4,96,66
1,0,-2,841,2331,66
2,0,-2,756,2156,67
3,0,-2,694,2218,67
4,0,-2,639,2175,67
5,0,-2,581,1966,67
6,0,-2,534,1919,67
7,0,-2,487,1869,67
--- ---DELTA MATERIALIZED
patch_start,patch_end,offset,limit,count-ms,lookup-mus,results
0,1,0,-2,706,783,12
0,2,0,-2,716,788,13
0,3,0,-2,650,799,13
0,4,0,-2,598,804,13
0,5,0,-2,542,810,13
0,6,0,-2,489,816,13
0,7,0,-2,447,827,13
1,2,0,-2,1404,793,11
1,3,0,-2,1351,804,13
1,4,0,-2,1297,812,13
1,5,0,-2,1241,824,13
1,6,0,-2,1196,833,13
1,7,0,-2,1150,842,13
2,3,0,-2,1360,810,12
2,4,0,-2,1307,818,14
2,5,0,-2,1247,829,14
2,6,0,-2,1197,837,14
2,7,0,-2,1156,842,14
3,4,0,-2,1248,817,12
3,5,0,-2,1194,822,14
3,6,0,-2,1137,831,14
3,7,0,-2,1092,839,14
4,5,0,-2,1136,823,12
4,6,0,-2,1081,831,14
4,7,0,-2,1040,839,14
5,6,0,-2,1029,829,12
5,7,0,-2,984,844,14
6,7,0,-2,935,847,12
--- ---VERSION
offset,limit,count-ms,lookup-mus,results
0,-2,390,2548,108
---PATTERN START:   http://swrc.ontoware.org/ontology#Project.
--- ---VERSION MATERIALIZED
patch,offset,limit,count-ms,lookup-mus,results
0,0,-2,4,93,62
1,0,-2,7621,8218,60
2,0,-2,2799,7210,72
3,0,-2,2212,6641,72
4,0,-2,5706,6042,72
5,0,-2,1032,5452,72
6,0,-2,4509,4820,52
7,0,-2,4131,4475,72
--- ---DELTA MATERIALIZED
patch_start,patch_end,offset,limit,count-ms,lookup-mus,results
0,1,0,-2,7445,8209,110
0,2,0,-2,2774,8300,153
0,3,0,-2,2186,8350,153
0,4,0,-2,5663,8405,136
0,5,0,-2,1006,8493,153
0,6,0,-2,4487,8448,133
0,7,0,-2,4112,8555,143
1,2,0,-2,10198,8248,77
1,3,0,-2,9610,8435,163
1,4,0,-2,13087,8497,146
1,5,0,-2,8426,8615,163
1,6,0,-2,11964,8624,143
1,7,0,-2,11576,8729,153
2,3,0,-2,4958,8393,120
2,4,0,-2,8436,8579,189
2,5,0,-2,3780,8666,206
2,6,0,-2,7262,8656,186
2,7,0,-2,6862,8757,196
3,4,0,-2,7851,8476,137
3,5,0,-2,3186,8640,206
3,6,0,-2,6671,8646,186
3,7,0,-2,6292,8766,196
4,5,0,-2,6671,8520,103
4,6,0,-2,10146,8642,169
4,7,0,-2,9772,8748,179
5,6,0,-2,5487,8954,100
5,7,0,-2,5121,8786,196
6,7,0,-2,8582,8652,110
--- ---VERSION
offset,limit,count-ms,lookup-mus,results
0,-2,4,15316,462
---PATTERN START:   http://aigp.csres.utexas.edu/~aigp/school/show/149.
--- ---VERSION MATERIALIZED
patch,offset,limit,count-ms,lookup-mus,results
0,0,-2,3,159,87
1,0,-2,11773,13664,87
2,0,-2,4244,11588,87
3,0,-2,3390,10715,87
4,0,-2,2547,9863,87
5,0,-2,1693,9016,87
6,0,-2,879,8181,87
7,0,-2,65,7381,87
--- ---DELTA MATERIALIZED
patch_start,patch_end,offset,limit,count-ms,lookup-mus,results
0,1,0,-2,11437,12860,174
0,2,0,-2,4228,12990,232
0,3,0,-2,3358,13080,232
0,4,0,-2,2518,13119,203
0,5,0,-2,1675,13228,232
0,6,0,-2,851,13299,232
0,7,0,-2,41,13418,232
1,2,0,-2,15656,12887,116
1,3,0,-2,14840,13175,232
1,4,0,-2,14057,13245,203
1,5,0,-2,13125,13396,232
1,6,0,-2,12339,13517,232
1,7,0,-2,11491,13639,232
2,3,0,-2,7593,13073,174
2,4,0,-2,6738,13329,261
2,5,0,-2,5877,13497,290
2,6,0,-2,5065,13619,290
2,7,0,-2,4248,13687,290
3,4,0,-2,5887,13241,203
3,5,0,-2,5036,13473,290
3,6,0,-2,4220,13634,290
3,7,0,-2,3408,13744,290
4,5,0,-2,4200,13276,145
4,6,0,-2,3373,13574,261
4,7,0,-2,2569,13725,261
5,6,0,-2,2528,13436,174
5,7,0,-2,1713,13690,290
6,7,0,-2,893,13544,174
--- ---VERSION
offset,limit,count-ms,lookup-mus,results
0,-2,4,24912,696
---PATTERN START:   http://xmlns.com/foaf/0.1/knows.
--- ---VERSION MATERIALIZED
patch,offset,limit,count-ms,lookup-mus,results
0,0,-2,4,123,60
1,0,-2,585,2754,60
2,0,-2,486,2111,63
3,0,-2,445,2167,63
4,0,-2,472,2182,62
5,0,-2,396,2047,64
6,0,-2,360,2021,64
7,0,-2,357,2070,65
--- ---DELTA MATERIALIZED
patch_start,patch_end,offset,limit,count-ms,lookup-mus,results
0,1,0,-2,462,637,5
0,2,0,-2,453,653,9
0,3,0,-2,424,662,9
0,4,0,-2,466,657,8
0,5,0,-2,372,673,11
0,6,0,-2,342,676,11
0,7,0,-2,329,684,10
1,2,0,-2,904,654,6
1,3,0,-2,879,662,7
1,4,0,-2,920,664,6
1,5,0,-2,825,681,9
1,6,0,-2,793,683,8
1,7,0,-2,785,689,7
2,3,0,-2,869,661,5
2,4,0,-2,913,666,10
2,5,0,-2,822,685,13
2,6,0,-2,789,691,12
2,7,0,-2,784,696,11
3,4,0,-2,876,635,9
3,5,0,-2,760,645,12
3,6,0,-2,728,650,11
3,7,0,-2,719,655,10
4,5,0,-2,821,640,7
4,6,0,-2,790,650,10
4,7,0,-2,780,653,9
5,6,0,-2,680,646,9
5,7,0,-2,679,657,12
6,7,0,-2,639,645,5
--- ---VERSION
offset,limit,count-ms,lookup-mus,results
0,-2,274,2205,84
---PATTERN START:   http://lod.geospecies.org/bioclasses/hzc3j.
--- ---VERSION MATERIALIZED
patch,offset,limit,count-ms,lookup-mus,results
0,0,-2,3,145,81
1,0,-2,504,2270,81
2,0,-2,415,1910,82
3,0,-2,364,1876,82
4,0,-2,399,1934,81
5,0,-2,314,1814,82
6,0,-2,275,1838,82
7,0,-2,246,1745,82
--- ---DELTA MATERIALIZED
patch_start,patch_end,offset,limit,count-ms,lookup-mus,results
0,1,0,-2,395,437,6
0,2,0,-2,374,442,7
0,3,0,-2,342,446,7
0,4,0,-2,396,448,6
0,5,0,-2,284,452,7
0,6,0,-2,250,456,7
0,7,0,-2,218,460,7
1,2,0,-2,764,442,5
1,3,0,-2,731,451,7
1,4,0,-2,785,454,6
1,5,0,-2,669,459,7
1,6,0,-2,645,468,7
1,7,0,-2,610,472,7
2,3,0,-2,714,449,6
2,4,0,-2,766,457,7
2,5,0,-2,654,460,8
2,6,0,-2,619,466,8
2,7,0,-2,588,471,8
3,4,0,-2,734,454,7
3,5,0,-2,645,469,8
3,6,0,-2,588,468,8
3,7,0,-2,560,470,8
4,5,0,-2,675,460,5
4,6,0,-2,641,462,7
4,7,0,-2,612,468,7
5,6,0,-2,526,463,6
5,7,0,-2,496,485,8
6,7,0,-2,464,465,6
--- ---VERSION
offset,limit,count-ms,lookup-mus,results
0,-2,185,2022,102
---PATTERN START:   http://d.opencalais.com/er/company/ralg-tr1r/4ee13d20-b44f-3bce-98bc-49a303e72db5.
--- ---VERSION MATERIALIZED
patch,offset,limit,count-ms,lookup-mus,results
0,0,-2,2,112,61
1,0,-2,5150,6894,111
2,0,-2,77,6991,167
3,0,-2,81,6859,112
4,0,-2,69,6966,114
5,0,-2,80,6928,173
6,0,-2,78,6919,177
7,0,-2,62,6952,126
--- ---DELTA MATERIALIZED
patch_start,patch_end,offset,limit,count-ms,lookup-mus,results
0,1,0,-2,4989,9599,103
0,2,0,-2,73,9534,163
0,3,0,-2,68,9784,164
0,4,0,-2,57,9800,165
0,5,0,-2,48,9754,169
0,6,0,-2,73,9962,175
0,7,0,-2,48,9879,173
1,2,0,-2,5041,9652,60
1,3,0,-2,5006,9879,153
1,4,0,-2,5044,9738,160
1,5,0,-2,5019,9965,164
1,6,0,-2,5006,10028,170
1,7,0,-2,5018,10092,166
2,3,0,-2,136,9743,99
2,4,0,-2,125,9807,208
2,5,0,-2,118,10080,220
2,6,0,-2,143,10052,226
2,7,0,-2,116,10202,222
3,4,0,-2,120,9763,111
3,5,0,-2,106,9931,211
3,6,0,-2,139,10162,225
3,7,0,-2,103,10152,221
4,5,0,-2,105,9949,104
4,6,0,-2,126,10013,220
4,7,0,-2,103,10263,222
5,6,0,-2,120,9869,118
5,7,0,-2,95,10249,224
6,7,0,-2,116,9996,112
--- ---VERSION
offset,limit,count-ms,lookup-mus,results
0,-2,4,17102,446
---PATTERN START:   http://www.salon.com/.
--- ---VERSION MATERIALIZED
patch,offset,limit,count-ms,lookup-mus,results
0,0,-2,3,101,53
1,0,-2,6949,8440,51
2,0,-2,6740,8026,55
3,0,-2,6733,7978,52
4,0,-2,6749,7978,49
5,0,-2,6772,7999,52
6,0,-2,6778,7990,50
7,0,-2,6737,7975,53
--- ---DELTA MATERIALIZED
patch_start,patch_end,offset,limit,count-ms,lookup-mus,results
0,1,0,-2,6677,7982,88
0,2,0,-2,6710,7983,92
0,3,0,-2,6712,8007,89
0,4,0,-2,6738,8427,86
0,5,0,-2,6777,8367,89
0,6,0,-2,6767,8128,87
0,7,0,-2,6753,8886,90
1,2,0,-2,13442,8121,90
1,3,0,-2,13454,8084,87
1,4,0,-2,13450,8363,84
1,5,0,-2,13471,8483,87
1,6,0,-2,13433,8215,85
1,7,0,-2,13477,8708,88
2,3,0,-2,13409,8088,91
2,4,0,-2,13445,8120,88
2,5,0,-2,13441,8594,91
2,6,0,-2,13462,8332,89
2,7,0,-2,13439,8551,92
3,4,0,-2,13432,8364,85
3,5,0,-2,13474,8183,88
3,6,0,-2,13448,8585,86
3,7,0,-2,13476,8441,89
4,5,0,-2,13467,8357,85
4,6,0,-2,13542,8536,83
4,7,0,-2,13489,8358,86
5,6,0,-2,13598,8602,86
5,7,0,-2,13461,8349,89
6,7,0,-2,13490,8681,87
--- ---VERSION
offset,limit,count-ms,lookup-mus,results
0,-2,4,12632,359
---PATTERN START:   http://purl.org/net/nknouf/ns/bibtex#hasTitle.
--- ---VERSION MATERIALIZED
patch,offset,limit,count-ms,lookup-mus,results
0,0,-2,3,85,48
1,0,-2,6480,7449,48
2,0,-2,5817,6330,48
3,0,-2,5363,5879,48
4,0,-2,4891,5404,48
5,0,-2,4426,4944,48
6,0,-2,3968,4482,48
7,0,-2,3496,4031,48
--- ---DELTA MATERIALIZED
patch_start,patch_end,offset,limit,count-ms,lookup-mus,results
0,1,0,-2,6293,7045,96
0,2,0,-2,5798,7150,132
0,3,0,-2,5333,7201,132
0,4,0,-2,4867,7266,120
0,5,0,-2,4402,7301,132
0,6,0,-2,3940,7339,132
0,7,0,-2,3475,7378,132
1,2,0,-2,12067,7088,60
1,3,0,-2,11611,7269,132
1,4,0,-2,11159,7292,120
1,5,0,-2,11017,7381,132
1,6,0,-2,10250,7449,132
1,7,0,-2,9764,7510,132
2,3,0,-2,11110,7250,96
2,4,0,-2,10665,7372,156
2,5,0,-2,10197,7430,168
2,6,0,-2,9723,7521,168
2,7,0,-2,9284,7561,168
3,4,0,-2,10200,7283,108
3,5,0,-2,9734,7443,168
3,6,0,-2,9281,7502,168
3,7,0,-2,8797,7567,168
4,5,0,-2,9272,7367,84
4,6,0,-2,8798,7489,156
4,7,0,-2,8348,7543,156
5,6,0,-2,8355,7385,96
5,7,0,-2,7887,7554,168
6,7,0,-2,7415,7456,96
--- ---VERSION
offset,limit,count-ms,lookup-mus,results
0,-2,5,12181,384
---PATTERN START:   http://iandavis.com/id/me.
--- ---VERSION MATERIALIZED
patch,offset,limit,count-ms,lookup-mus,results
0,0,-2,3,138,70
1,0,-2,4052,5940,92
2,0,-2,3806,5271,116
3,0,-2,3615,5147,116
4,0,-2,3947,5441,110
5,0,-2,3258,4700,100
6,0,-2,3171,4604,101
7,0,-2,2988,4535,112
--- ---DELTA MATERIALIZED
patch_start,patch_end,offset,limit,count-ms,lookup-mus,results
0,1,0,-2,3934,5952,76
0,2,0,-2,3775,5993,100
0,3,0,-2,3591,6031,100
0,4,0,-2,3943,6062,94
0,5,0,-2,3222,6079,88
0,6,0,-2,3147,6140,93
0,7,0,-2,2970,6195,106
1,2,0,-2,7704,5956,48
1,3,0,-2,7549,6078,96
1,4,0,-2,7889,6126,90
1,5,0,-2,7147,6154,84
1,6,0,-2,7068,6220,97
1,7,0,-2,6893,6296,100
2,3,0,-2,7336,6037,72
2,4,0,-2,7734,6148,114
2,5,0,-2,7008,6172,108
2,6,0,-2,6911,6290,121
2,7,0,-2,6740,6323,124
3,4,0,-2,7543,6102,78
3,5,0,-2,6809,6171,108
3,6,0,-2,6724,6264,121
3,7,0,-2,6533,6314,124
4,5,0,-2,7164,6112,54
4,6,0,-2,7091,6254,115
4,7,0,-2,6912,6307,118
5,6,0,-2,6361,6192,73
5,7,0,-2,6188,6341,112
6,7,0,-2,6475,6245,71
--- ---VERSION
offset,limit,count-ms,lookup-mus,results
0,-2,4,9211,314
---PATTERN START:   http://www.london-gazette.co.uk/styles/Print.css.
--- ---VERSION MATERIALIZED
patch,offset,limit,count-ms,lookup-mus,results
0,0,-2,4,87,65
1,0,-2,2053,3986,62
2,0,-2,1898,3463,58
3,0,-2,1954,3500,60
4,0,-2,1878,3428,66
5,0,-2,1866,3397,65
6,0,-2,1814,3338,54
7,0,-2,1778,3322,56
--- ---DELTA MATERIALIZED
patch_start,patch_end,offset,limit,count-ms,lookup-mus,results
0,1,0,-2,1929,3488,45
0,2,0,-2,1886,3600,93
0,3,0,-2,1924,3624,101
0,4,0,-2,1859,3639,108
0,5,0,-2,1833,3661,102
0,6,0,-2,1800,3715,118
0,7,0,-2,1761,3707,95
1,2,0,-2,3806,3549,48
1,3,0,-2,3850,3601,70
1,4,0,-2,3798,3672,103
1,5,0,-2,3765,3715,99
1,6,0,-2,3721,3765,115
1,7,0,-2,3696,3742,92
2,3,0,-2,3820,3546,22
2,4,0,-2,3741,3663,65
2,5,0,-2,3719,3714,93
2,6,0,-2,3683,3774,111
2,7,0,-2,3671,3750,88
3,4,0,-2,3788,3602,43
3,5,0,-2,3759,3660,75
3,6,0,-2,3716,3757,111
3,7,0,-2,3672,3761,94
4,5,0,-2,3704,3629,32
4,6,0,-2,3666,3693,68
4,7,0,-2,3624,3767,101
5,6,0,-2,3641,3666,36
5,7,0,-2,3600,3761,95
6,7,0,-2,3555,3698,59
--- ---VERSION
offset,limit,count-ms,lookup-mus,results
0,-2,4,6487,204
---PATTERN START:   http://www.belfast-gazette.co.uk/styles/Print.css.
--- ---VERSION MATERIALIZED
patch,offset,limit,count-ms,lookup-mus,results
0,0,-2,2,97,69
1,0,-2,1567,3856,64
2,0,-2,1404,3405,61
3,0,-2,1360,3375,61
4,0,-2,934,2800,47
5,0,-2,896,2720,47
6,0,-2,875,2679,49
7,0,-2,998,2779,53
--- ---DELTA MATERIALIZED
patch_start,patch_end,offset,limit,count-ms,lookup-mus,results
0,1,0,-2,1447,1655,17
0,2,0,-2,1396,1691,26
0,3,0,-2,1340,1792,40
0,4,0,-2,916,1754,65
0,5,0,-2,872,1895,82
0,6,0,-2,905,2006,99
0,7,0,-2,1033,2128,116
1,2,0,-2,2857,1811,9
1,3,0,-2,2805,1909,23
1,4,0,-2,2381,1750,48
1,5,0,-2,2325,1818,62
1,6,0,-2,2311,1859,78
1,7,0,-2,2449,2029,91
2,3,0,-2,2748,1899,16
2,4,0,-2,2331,1860,41
2,5,0,-2,2289,1942,55
2,6,0,-2,2277,1985,71
2,7,0,-2,2401,1966,84
3,4,0,-2,2260,1721,27
3,5,0,-2,2224,1792,41
3,6,0,-2,2205,1901,57
3,7,0,-2,2354,2091,70
4,5,0,-2,1882,1893,20
4,6,0,-2,1867,1936,36
4,7,0,-2,1997,1937,49
5,6,0,-2,1738,1784,18
5,7,0,-2,1869,1898,31
6,7,0,-2,1890,1957,21
--- ---VERSION
offset,limit,count-ms,lookup-mus,results
0,-2,825,3522,122
---PATTERN START:   http://www.w3.org/2002/07/owl#sameAs.
--- ---VERSION MATERIALIZED
patch,offset,limit,count-ms,lookup-mus,results
0,0,-2,3,79,37
1,0,-2,3743,4591,39
2,0,-2,3362,4057,45
3,0,-2,3095,3763,42
4,0,-2,2802,3520,44
5,0,-2,2567,3270,40
6,0,-2,2351,3055,57
7,0,-2,2143,2828,41
--- ---DELTA MATERIALIZED
patch_start,patch_end,offset,limit,count-ms,lookup-mus,results
0,1,0,-2,3622,4334,54
0,2,0,-2,3342,4370,60
0,3,0,-2,3078,4405,57
0,4,0,-2,2792,4443,59
0,5,0,-2,2557,4451,55
0,6,0,-2,2333,4519,72
0,7,0,-2,2118,4516,56
1,2,0,-2,6959,4379,54
1,3,0,-2,6697,4426,57
1,4,0,-2,6409,4469,59
1,5,0,-2,6180,4505,57
1,6,0,-2,5962,4591,74
1,7,0,-2,5773,4599,58
2,3,0,-2,6411,4424,55
2,4,0,-2,6131,4475,57
2,5,0,-2,5890,4512,63
2,6,0,-2,5671,4592,80
2,7,0,-2,5461,4614,64
3,4,0,-2,5847,4474,58
3,5,0,-2,5623,4520,60
3,6,0,-2,5390,4583,77
3,7,0,-2,5179,4590,61
4,5,0,-2,5342,4502,56
4,6,0,-2,5125,4595,79
4,7,0,-2,4907,4609,63
5,6,0,-2,4889,4571,69
5,7,0,-2,4675,4600,59
6,7,0,-2,4761,4612,68
--- ---VERSION
offset,limit,count-ms,lookup-mus,results
0,-2,5,7994,243
---PATTERN START:   http://www.biopax.org/release/biopax-level3.owl#PhysicalEntity.
--- ---VERSION MATERIALIZED
patch,offset,limit,count-ms,lookup-mus,results
0,0,-2,3,80,42
1,0,-2,2832,3936,42
2,0,-2,2548,3287,56
3,0,-2,2348,3127,56
4,0,-2,2198,2988,49
5,0,-2,1940,2683,56
6,0,-2,1751,2484,56
7,0,-2,1569,2312,56
--- ---DELTA MATERIALIZED
patch_start,patch_end,offset,limit,count-ms,lookup-mus,results
0,1,0,-2,2716,3032,42
0,2,0,-2,2534,3073,56
0,3,0,-2,2325,3096,56
0,4,0,-2,2189,3111,49
0,5,0,-2,1920,3138,56
0,6,0,-2,1722,3158,56
0,7,0,-2,1547,3211,56
1,2,0,-2,5234,3058,28
1,3,0,-2,5032,3122,56
1,4,0,-2,4905,3141,49
1,5,0,-2,4633,3181,56
1,6,0,-2,4434,3204,56
1,7,0,-2,4261,3231,56
2,3,0,-2,4839,3101,42
2,4,0,-2,4705,3162,63
2,5,0,-2,4439,3207,70
2,6,0,-2,4253,3228,70
2,7,0,-2,4086,3257,70
3,4,0,-2,4511,3144,49
3,5,0,-2,4241,3200,70
3,6,0,-2,4040,3228,70
3,7,0,-2,3866,3259,70
4,5,0,-2,4105,3162,35
4,6,0,-2,3907,3220,63
4,7,0,-2,3732,3243,63
5,6,0,-2,3638,3189,42
5,7,0,-2,3460,3257,70
6,7,0,-2,3264,3215,42
--- ---VERSION
offset,limit,count-ms,lookup-mus,results
0,-2,5,5972,189
---PATTERN START:   http://www.bbc.co.uk/programmes/genres/drama/scifiandfantasy#genre.
--- ---VERSION MATERIALIZED
patch,offset,limit,count-ms,lookup-mus,results
0,0,-2,2,88,58
1,0,-2,1754,3610,53
2,0,-2,1669,3143,47
3,0,-2,1665,3156,55
4,0,-2,1662,3151,50
5,0,-2,1660,3145,48
6,0,-2,1657,3143,52
7,0,-2,1662,3160,53
--- ---DELTA MATERIALIZED
patch_start,patch_end,offset,limit,count-ms,lookup-mus,results
0,1,0,-2,1664,2576,26
0,2,0,-2,1645,2718,27
0,3,0,-2,1651,2687,35
0,4,0,-2,1653,2629,30
0,5,0,-2,1661,2597,28
0,6,0,-2,1663,2601,32
0,7,0,-2,1661,2695,33
1,2,0,-2,3309,2733,27
1,3,0,-2,3312,2840,35
1,4,0,-2,3319,2785,30
1,5,0,-2,3314,2748,28
1,6,0,-2,3311,2622,32
1,7,0,-2,3308,2645,33
2,3,0,-2,3289,2674,22
2,4,0,-2,3297,2748,25
2,5,0,-2,3290,2736,23
2,6,0,-2,3291,2746,27
2,7,0,-2,3297,2772,28
3,4,0,-2,3301,2638,31
3,5,0,-2,3294,2616,29
3,6,0,-2,3295,2619,35
3,7,0,-2,3299,2725,36
4,5,0,-2,3319,2728,24
4,6,0,-2,3301,2749,30
4,7,0,-2,3305,2773,31
5,6,0,-2,3297,2609,26
5,7,0,-2,3301,2640,29
6,7,0,-2,3306,2638,31
--- ---VERSION
offset,limit,count-ms,lookup-mus,results
0,-2,1207,5081,151
---PATTERN START:   http://creativecommons.org/ns#License.
--- ---VERSION MATERIALIZED
patch,offset,limit,count-ms,lookup-mus,results
0,0,-2,3,102,66
1,0,-2,757,2230,66
2,0,-2,675,1986,71
3,0,-2,642,1903,70
4,0,-2,592,1895,68
5,0,-2,538,1745,65
6,0,-2,502,1796,67
7,0,-2,463,1676,68
--- ---DELTA MATERIALIZED
patch_start,patch_end,offset,limit,count-ms,lookup-mus,results
0,1,0,-2,674,818,10
0,2,0,-2,664,833,15
0,3,0,-2,618,837,14
0,4,0,-2,579,843,14
0,5,0,-2,513,853,19
0,6,0,-2,473,847,15
0,7,0,-2,435,857,18
1,2,0,-2,1321,822,9
1,3,0,-2,1280,836,14
1,4,0,-2,1240,844,14
1,5,0,-2,1183,862,19
1,6,0,-2,1143,862,15
1,7,0,-2,1133,890,18
2,3,0,-2,1278,844,11
2,4,0,-2,1233,858,15
2,5,0,-2,1180,879,22
2,6,0,-2,1138,877,20
2,7,0,-2,1098,887,21
3,4,0,-2,1198,856,14
3,5,0,-2,1135,877,21
3,6,0,-2,1096,874,19
3,7,0,-2,1045,877,22
4,5,0,-2,1084,864,13
4,6,0,-2,1043,863,17
4,7,0,-2,1006,873,18
5,6,0,-2,985,862,14
5,7,0,-2,946,881,23
6,7,0,-2,903,867,13
--- ---VERSION
offset,limit,count-ms,lookup-mus,results
0,-2,416,2506,104
---PATTERN START:   http://www.gazettes-online.co.uk/ontology/planning#TownAndCountryPlanningNotice.
--- ---VERSION MATERIALIZED
patch,offset,limit,count-ms,lookup-mus,results
0,0,-2,3,155,77
1,0,-2,1239,3711,72
2,0,-2,1130,2984,67
3,0,-2,1123,2998,63
4,0,-2,1110,2976,70
5,0,-2,1145,2919,68
6,0,-2,1085,2913,70
7,0,-2,1054,2909,79
--- ---DELTA MATERIALIZED
patch_start,patch_end,offset,limit,count-ms,lookup-mus,results
0,1,0,-2,1172,1929,25
0,2,0,-2,1124,2053,65
0,3,0,-2,1109,2095,90
0,4,0,-2,1099,2184,116
0,5,0,-2,1139,2249,127
0,6,0,-2,1081,2286,146
0,7,0,-2,1038,2299,144
1,2,0,-2,2286,2023,40
1,3,0,-2,2270,2070,66
1,4,0,-2,2261,2159,92
1,5,0,-2,2304,2237,103
1,6,0,-2,2226,2281,121
1,7,0,-2,2199,2312,131
2,3,0,-2,2223,2000,28
2,4,0,-2,2214,2108,58
2,5,0,-2,2260,2141,69
2,6,0,-2,2192,2214,87
2,7,0,-2,2164,2256,97
3,4,0,-2,2206,2074,32
3,5,0,-2,2243,2090,45
3,6,0,-2,2162,2118,63
3,7,0,-2,2147,2203,73
4,5,0,-2,2240,2069,13
4,6,0,-2,2161,2129,31
4,7,0,-2,2129,2125,55
5,6,0,-2,2197,2040,20
5,7,0,-2,2179,2145,44
6,7,0,-2,2099,2132,36
--- ---VERSION
offset,limit,count-ms,lookup-mus,results
0,-2,5,4993,175
---PATTERN START:   http://www.esd.org.uk/standards/ipsv/2.00/ipsv-schema#PlanningTownAndCountry.
--- ---VERSION MATERIALIZED
patch,offset,limit,count-ms,lookup-mus,results
0,0,-2,3,113,71
1,0,-2,8705,10503,70
2,0,-2,8492,10205,63
3,0,-2,8503,9944,57
4,0,-2,8514,9971,68
5,0,-2,8522,9991,67
6,0,-2,8534,9953,60
7,0,-2,8545,9972,63
--- ---DELTA MATERIALIZED
patch_start,patch_end,offset,limit,count-ms,lookup-mus,results
0,1,0,-2,8565,9654,141
0,2,0,-2,8506,9698,134
0,3,0,-2,8502,9725,128
0,4,0,-2,8523,9814,139
0,5,0,-2,8533,9917,138
0,6,0,-2,8536,9945,131
0,7,0,-2,8541,10024,134
1,2,0,-2,17014,9753,133
1,3,0,-2,17048,9802,127
1,4,0,-2,17125,9907,138
1,5,0,-2,17124,10019,137
1,6,0,-2,17159,10074,130
1,7,0,-2,17163,10131,133
2,3,0,-2,17130,9806,120
2,4,0,-2,17088,9907,131
2,5,0,-2,17079,9978,130
2,6,0,-2,17064,10031,123
2,7,0,-2,17059,10113,126
3,4,0,-2,17034,9882,125
3,5,0,-2,17039,9971,124
3,6,0,-2,17073,10030,117
3,7,0,-2,17077,10312,120
4,5,0,-2,17072,10006,135
4,6,0,-2,17042,10040,128
4,7,0,-2,17061,10498,131
5,6,0,-2,17057,10056,127
5,7,0,-2,17238,10156,130
6,7,0,-2,17074,10125,123
--- ---VERSION
offset,limit,count-ms,lookup-mus,results
0,-2,7,16784,519
---PATTERN START:   http://www.loa-cnr.it/ontologies/DUL.owl#SocialObject.
--- ---VERSION MATERIALIZED
patch,offset,limit,count-ms,lookup-mus,results
0,0,-2,3,77,49
1,0,-2,2250,3281,49
2,0,-2,2167,3040,53
3,0,-2,1999,2845,53
4,0,-2,1816,2675,53
5,0,-2,1515,2372,53
6,0,-2,1490,2401,53
7,0,-2,1197,2050,53
--- ---DELTA MATERIALIZED
patch_start,patch_end,offset,limit,count-ms,lookup-mus,results
0,1,0,-2,2177,2443,34
0,2,0,-2,2144,2461,38
0,3,0,-2,1976,2491,38
0,4,0,-2,1810,2502,38
0,5,0,-2,1503,2518,38
0,6,0,-2,1467,2536,38
0,7,0,-2,1170,2542,38
1,2,0,-2,4318,2447,30
1,3,0,-2,4146,2485,38
1,4,0,-2,3975,2518,38
1,5,0,-2,3678,2552,38
1,6,0,-2,3656,2585,38
1,7,0,-2,3346,2598,38
2,3,0,-2,4112,2477,34
2,4,0,-2,3932,2514,42
2,5,0,-2,3643,2540,42
2,6,0,-2,3602,2573,42
2,7,0,-2,3306,2614,42
3,4,0,-2,3770,2518,34
3,5,0,-2,3472,2567,42
3,6,0,-2,3433,2576,42
3,7,0,-2,3137,2597,42
4,5,0,-2,3297,2539,34
4,6,0,-2,3266,2582,42
4,7,0,-2,2971,2645,42
5,6,0,-2,2967,2573,34
5,7,0,-2,2674,2601,42
6,7,0,-2,2633,2577,34
--- ---VERSION
offset,limit,count-ms,lookup-mus,results
0,-2,4,4422,168
---PATTERN START:   http://aigp.csres.utexas.edu/~aigp/school/show/210.
--- ---VERSION MATERIALIZED
patch,offset,limit,count-ms,lookup-mus,results
0,0,-2,3,99,60
1,0,-2,7957,9198,60
2,0,-2,2902,7873,60
3,0,-2,2318,7291,60
4,0,-2,6036,6717,60
5,0,-2,1170,6154,60
6,0,-2,592,5580,60
7,0,-2,63,5020,60
--- ---DELTA MATERIALIZED
patch_start,patch_end,offset,limit,count-ms,lookup-mus,results
0,1,0,-2,7779,8751,120
0,2,0,-2,2870,8862,160
0,3,0,-2,2294,8930,160
0,4,0,-2,6002,8947,140
0,5,0,-2,1146,9030,160
0,6,0,-2,576,9125,160
0,7,0,-2,40,9180,160
1,2,0,-2,10682,8811,80
1,3,0,-2,10069,8970,160
1,4,0,-2,13818,9057,140
1,5,0,-2,8937,9148,160
1,6,0,-2,8358,9217,160
1,7,0,-2,7829,9309,160
2,3,0,-2,5167,8931,120
2,4,0,-2,8877,9113,180
2,5,0,-2,4025,9201,200
2,6,0,-2,3447,9274,200
2,7,0,-2,2914,9352,200
3,4,0,-2,8302,9039,140
3,5,0,-2,3436,9192,200
3,6,0,-2,2875,9305,200
3,7,0,-2,2337,9350,200
4,5,0,-2,7143,9406,100
4,6,0,-2,6579,9249,180
4,7,0,-2,6044,9315,180
5,6,0,-2,1719,9159,120
5,7,0,-2,1188,9363,200
6,7,0,-2,615,9230,120
--- ---VERSION
offset,limit,count-ms,lookup-mus,results
0,-2,4,15847,480
---PATTERN START:   http://xmlns.com/wordnet/1.6/Airport.
--- ---VERSION MATERIALIZED
patch,offset,limit,count-ms,lookup-mus,results
0,0,-2,3,107,49
1,0,-2,2064,3496,49
2,0,-2,1954,3199,55
3,0,-2,1833,3086,57
4,0,-2,1641,2969,55
5,0,-2,1501,2749,59
6,0,-2,1349,2598,60
7,0,-2,1220,2535,60
--- ---DELTA MATERIALIZED
patch_start,patch_end,offset,limit,count-ms,lookup-mus,results
0,1,0,-2,1990,2214,24
0,2,0,-2,1933,2218,30
0,3,0,-2,1819,2246,33
0,4,0,-2,1618,2257,30
0,5,0,-2,1475,2325,35
0,6,0,-2,1335,2301,36
0,7,0,-2,1192,2316,38
1,2,0,-2,3906,2221,18
1,3,0,-2,3782,2256,33
1,4,0,-2,3594,2279,30
1,5,0,-2,3447,2304,34
1,6,0,-2,3308,2329,35
1,7,0,-2,3167,2355,37
2,3,0,-2,3739,2253,27
2,4,0,-2,3552,2293,36
2,5,0,-2,3408,2316,40
2,6,0,-2,3273,2340,41
2,7,0,-2,3116,2357,43
3,4,0,-2,3414,2274,31
3,5,0,-2,3291,2309,41
3,6,0,-2,3131,2333,42
3,7,0,-2,3012,2363,44
4,5,0,-2,3086,2298,24
4,6,0,-2,2949,2338,39
4,7,0,-2,2807,2362,41
5,6,0,-2,2801,2329,29
5,7,0,-2,2647,2358,45
6,7,0,-2,2506,2336,30
--- ---VERSION
offset,limit,count-ms,lookup-mus,results
0,-2,1151,4659,145
---PATTERN START:   http://lod.geospecies.org/orders/W9XgY.
--- ---VERSION MATERIALIZED
patch,offset,limit,count-ms,lookup-mus,results
0,0,-2,3,106,85
1,0,-2,446,2058,85
2,0,-2,387,1974,86
3,0,-2,351,1938,86
4,0,-2,323,1924,86
5,0,-2,296,1900,86
6,0,-2,269,1869,86
7,0,-2,239,1828,86
--- ---DELTA MATERIALIZED
patch_start,patch_end,offset,limit,count-ms,lookup-mus,results
0,1,0,-2,388,438,6
0,2,0,-2,366,428,7
0,3,0,-2,335,431,7
0,4,0,-2,307,436,7
0,5,0,-2,279,438,7
0,6,0,-2,251,441,7
0,7,0,-2,224,443,7
1,2,0,-2,753,429,5
1,3,0,-2,722,434,7
1,4,0,-2,693,440,7
1,5,0,-2,662,446,7
1,6,0,-2,636,448,7
1,7,0,-2,608,451,7
2,3,0,-2,704,442,6
2,4,0,-2,670,439,8
2,5,0,-2,641,447,8
2,6,0,-2,620,448,8
2,7,0,-2,584,452,8
3,4,0,-2,641,439,6
3,5,0,-2,609,442,8
3,6,0,-2,584,448,8
3,7,0,-2,554,454,8
4,5,0,-2,581,445,6
4,6,0,-2,554,447,8
4,7,0,-2,527,453,8
5,6,0,-2,527,450,6
5,7,0,-2,497,453,8
6,7,0,-2,468,452,6
--- ---VERSION
offset,limit,count-ms,lookup-mus,results
0,-2,191,1962,106
---PATTERN START:   http://d.opencalais.com/er/company/ralg-tr1r/9e3f6c34-aa6b-3a3b-b221-a07aa7933633.
--- ---VERSION MATERIALIZED
patch,offset,limit,count-ms,lookup-mus,results
0,0,-2,2,171,86
1,0,-2,7098,9653,156
2,0,-2,60,9813,236
3,0,-2,63,9747,158
4,0,-2,60,9911,239
5,0,-2,55,9688,171
6,0,-2,60,9866,251
7,0,-2,60,9898,251
--- ---DELTA MATERIALIZED
patch_start,patch_end,offset,limit,count-ms,lookup-mus,results
0,1,0,-2,6956,13695,143
0,2,0,-2,56,13606,226
0,3,0,-2,45,13884,231
0,4,0,-2,57,13956,232
0,5,0,-2,40,14004,239
0,6,0,-2,57,14062,246
0,7,0,-2,56,14207,235
1,2,0,-2,7032,13502,83
1,3,0,-2,7035,14041,224
1,4,0,-2,6993,14055,226
1,5,0,-2,7043,14268,231
1,6,0,-2,7005,14258,236
1,7,0,-2,7016,14413,225
2,3,0,-2,99,13886,153
2,4,0,-2,111,14137,307
2,5,0,-2,100,14389,312
2,6,0,-2,110,14375,317
2,7,0,-2,111,14542,306
3,4,0,-2,99,14381,158
3,5,0,-2,84,14242,307
3,6,0,-2,99,14544,320
3,7,0,-2,98,14510,309
4,5,0,-2,95,14009,157
4,6,0,-2,110,14541,312
4,7,0,-2,109,14534,309
5,6,0,-2,94,14156,161
5,7,0,-2,96,14547,308
6,7,0,-2,109,14321,155
--- ---VERSION
offset,limit,count-ms,lookup-mus,results
0,-2,5,23520,635
---PATTERN START:   http://purl.org/ontology/bibo/Proceedings.
--- ---VERSION MATERIALIZED
patch,offset,limit,count-ms,lookup-mus,results
0,0,-2,3,93,65
1,0,-2,1429,3238,87
2,0,-2,1381,3301,88
3,0,-2,1342,3186,88
4,0,-2,1351,3178,87
5,0,-2,1334,3217,142
6,0,-2,1329,3320,148
7,0,-2,1289,3171,142
--- ---DELTA MATERIALIZED
patch_start,patch_end,offset,limit,count-ms,lookup-mus,results
0,1,0,-2,1346,2167,26
0,2,0,-2,1378,2147,27
0,3,0,-2,1354,2141,27
0,4,0,-2,1346,2076,26
0,5,0,-2,1280,2283,135
0,6,0,-2,1268,2263,141
0,7,0,-2,1247,2326,135
1,2,0,-2,2678,2115,3
1,3,0,-2,2663,2117,5
1,4,0,-2,2691,2125,4
1,5,0,-2,2676,2434,113
1,6,0,-2,2636,2283,123
1,7,0,-2,2616,2270,113
2,3,0,-2,2606,2035,4
2,4,0,-2,2680,2120,5
2,5,0,-2,2708,2410,114
2,6,0,-2,2696,2412,124
2,7,0,-2,2659,2293,114
3,4,0,-2,2653,2049,5
3,5,0,-2,2564,2286,114
3,6,0,-2,2551,2355,124
3,7,0,-2,2625,2396,114
4,5,0,-2,2654,2392,111
4,6,0,-2,2654,2289,123
4,7,0,-2,2624,2279,113
5,6,0,-2,2552,2261,14
5,7,0,-2,2631,2284,6
6,7,0,-2,2618,2242,14
--- ---VERSION
offset,limit,count-ms,lookup-mus,results
0,-2,1177,4443,163
---PATTERN START:   http://www.w3.org/.
--- ---VERSION MATERIALIZED
patch,offset,limit,count-ms,lookup-mus,results
0,0,-2,2,109,62
1,0,-2,4140,5837,63
2,0,-2,3673,4938,63
3,0,-2,3369,4644,65
4,0,-2,3119,4388,66
5,0,-2,2752,4101,67
6,0,-2,2509,3855,54
7,0,-2,2312,3668,60
--- ---DELTA MATERIALIZED
patch_start,patch_end,offset,limit,count-ms,lookup-mus,results
0,1,0,-2,4005,4857,71
0,2,0,-2,3672,4911,71
0,3,0,-2,3357,4924,73
0,4,0,-2,3112,4962,74
0,5,0,-2,2734,4975,75
0,6,0,-2,2491,4990,62
0,7,0,-2,2298,5041,68
1,2,0,-2,7667,4907,64
1,3,0,-2,7349,4949,68
1,4,0,-2,7110,5009,73
1,5,0,-2,6776,5061,76
1,6,0,-2,6499,5063,63
1,7,0,-2,6298,5104,69
2,3,0,-2,7005,6160,62
2,4,0,-2,6784,5008,71
2,5,0,-2,6413,5052,74
2,6,0,-2,6183,5079,63
2,7,0,-2,5966,5113,67
3,4,0,-2,6459,5003,67
3,5,0,-2,6088,5037,76
3,6,0,-2,5826,5052,63
3,7,0,-2,5634,5102,69
4,5,0,-2,5847,5036,69
4,6,0,-2,5610,5062,64
4,7,0,-2,5434,5102,68
5,6,0,-2,5251,5079,59
5,7,0,-2,5042,5116,69
6,7,0,-2,4781,5078,52
--- ---VERSION
offset,limit,count-ms,lookup-mus,results
0,-2,6,8709,281
---PATTERN START:   http://www.salon.com/favicon.ico.
--- ---VERSION MATERIALIZED
patch,offset,limit,count-ms,lookup-mus,results
0,0,-2,2,76,52
1,0,-2,6140,7288,50
2,0,-2,6082,7528,54
3,0,-2,6083,7242,51
4,0,-2,6055,7254,48
5,0,-2,6070,7278,51
6,0,-2,6075,7276,49
7,0,-2,6067,7232,52
--- ---DELTA MATERIALIZED
patch_start,patch_end,offset,limit,count-ms,lookup-mus,results
0,1,0,-2,6023,6788,88
0,2,0,-2,6058,6832,92
0,3,0,-2,6056,6961,89
0,4,0,-2,6083,7015,86
0,5,0,-2,6072,6959,89
0,6,0,-2,6076,7033,87
0,7,0,-2,6086,7118,90
1,2,0,-2,12096,6839,90
1,3,0,-2,12072,6957,87
1,4,0,-2,12088,7061,84
1,5,0,-2,12068,7037,87
1,6,0,-2,12119,7112,85
1,7,0,-2,12115,7210,88
2,3,0,-2,12099,6923,91
2,4,0,-2,12104,7051,88
2,5,0,-2,12103,7178,91
2,6,0,-2,12109,7075,89
2,7,0,-2,12109,7254,92
3,4,0,-2,12109,6967,85
3,5,0,-2,12112,7073,88
3,6,0,-2,12139,7183,86
3,7,0,-2,12147,7155,89
4,5,0,-2,12128,7136,85
4,6,0,-2,12136,7109,83
4,7,0,-2,12149,7184,86
5,6,0,-2,12155,7155,86
5,7,0,-2,12181,7171,89
6,7,0,-2,12141,7234,87
--- ---VERSION
offset,limit,count-ms,lookup-mus,results
0,-2,3,11044,358
---PATTERN START:   http://swrc.ontoware.org/ontology#Event.
--- ---VERSION MATERIALIZED
patch,offset,limit,count-ms,lookup-mus,results
0,0,-2,3,67,40
1,0,-2,4613,5387,45
2,0,-2,4206,4792,58
3,0,-2,3889,4433,58
4,0,-2,3572,4131,58
5,0,-2,3267,3840,58
6,0,-2,2874,3398,48
7,0,-2,2536,3083,58
--- ---DELTA MATERIALIZED
patch_start,patch_end,offset,limit,count-ms,lookup-mus,results
0,1,0,-2,4487,5183,59
0,2,0,-2,4205,5241,82
0,3,0,-2,3891,5282,82
0,4,0,-2,3559,5270,73
0,5,0,-2,3256,5299,82
0,6,0,-2,2855,5233,72
0,7,0,-2,2520,5378,77
1,2,0,-2,8672,5512,41
1,3,0,-2,8347,5300,87
1,4,0,-2,8034,5393,78
1,5,0,-2,7734,5441,87
1,6,0,-2,7351,5334,77
1,7,0,-2,6993,5438,82
2,3,0,-2,8040,5264,64
2,4,0,-2,7739,5413,101
2,5,0,-2,7463,5444,110
2,6,0,-2,7078,5361,100
2,7,0,-2,6693,5494,105
3,4,0,-2,7438,5349,73
3,5,0,-2,7146,5450,110
3,6,0,-2,6742,5368,100
3,7,0,-2,6384,5501,105
4,5,0,-2,6804,5373,55
4,6,0,-2,6410,5350,91
4,7,0,-2,6085,5473,96
5,6,0,-2,6104,5269,54
5,7,0,-2,5772,5502,105
6,7,0,-2,5383,5420,59
--- ---VERSION
offset,limit,count-ms,lookup-mus,results
0,-2,4,7754,254
---PATTERN START:   http://aigp.csres.utexas.edu/~aigp/school/show/258.
--- ---VERSION MATERIALIZED
patch,offset,limit,count-ms,lookup-mus,results
0,0,-2,2,169,90
1,0,-2,12119,13974,90
2,0,-2,4420,12043,90
3,0,-2,3539,11153,90
4,0,-2,2655,10250,90
5,0,-2,1788,9395,90
6,0,-2,917,8553,90
7,0,-2,67,7676,90
--- ---DELTA MATERIALIZED
patch_start,patch_end,offset,limit,count-ms,lookup-mus,results
0,1,0,-2,11841,13318,180
0,2,0,-2,4400,13511,240
0,3,0,-2,3516,13618,240
0,4,0,-2,2642,13668,210
0,5,0,-2,1767,13748,240
0,6,0,-2,899,13847,240
0,7,0,-2,44,13911,240
1,2,0,-2,16222,13356,120
1,3,0,-2,15359,13681,240
1,4,0,-2,14477,13791,210
1,5,0,-2,13598,13981,240
1,6,0,-2,12719,14033,240
1,7,0,-2,11906,14153,240
2,3,0,-2,7920,13586,180
2,4,0,-2,7060,13855,270
2,5,0,-2,6168,14339,300
2,6,0,-2,5291,14141,300
2,7,0,-2,4442,14272,300
3,4,0,-2,6160,13758,210
3,5,0,-2,5285,14024,300
3,6,0,-2,4423,14146,300
3,7,0,-2,3562,14263,300
4,5,0,-2,4404,13839,150
4,6,0,-2,3541,14140,270
4,7,0,-2,2678,14204,270
5,6,0,-2,2665,13985,180
5,7,0,-2,1811,14266,300
6,7,0,-2,951,14045,180
--- ---VERSION
offset,limit,count-ms,lookup-mus,results
0,-2,3,23920,720
---PATTERN START:   http://www.w3.org/2002/07/owl#differentFrom.
--- ---VERSION MATERIALIZED
patch,offset,limit,count-ms,lookup-mus,results
0,0,-2,2,164,85
1,0,-2,255,2551,85
2,0,-2,199,2195,85
3,0,-2,200,2209,85
4,0,-2,199,2224,85
5,0,-2,201,2231,85
6,0,-2,203,2233,85
7,0,-2,201,2227,85
--- ---DELTA MATERIALIZED
patch_start,patch_end,offset,limit,count-ms,lookup-mus,results
0,1,0,-2,198,208,2
0,2,0,-2,194,211,2
0,3,0,-2,195,219,2
0,4,0,-2,197,219,2
0,5,0,-2,198,222,2
0,6,0,-2,198,222,2
0,7,0,-2,198,223,2
1,2,0,-2,387,213,2
1,3,0,-2,386,218,2
1,4,0,-2,390,210,2
1,5,0,-2,387,212,2
1,6,0,-2,388,215,2
1,7,0,-2,388,214,2
2,3,0,-2,385,208,2
2,4,0,-2,388,209,2
2,5,0,-2,386,214,2
2,6,0,-2,387,213,2
2,7,0,-2,388,215,2
3,4,0,-2,387,214,2
3,5,0,-2,388,221,2
3,6,0,-2,389,227,2
3,7,0,-2,390,227,2
4,5,0,-2,392,222,2
4,6,0,-2,390,229,2
4,7,0,-2,389,226,2
5,6,0,-2,391,223,2
5,7,0,-2,392,224,2
6,7,0,-2,390,224,2
--- ---VERSION
offset,limit,count-ms,lookup-mus,results
0,-2,107,1805,92
---PATTERN START:   http://lod.geospecies.org/bioclasses/jSLVo.
--- ---VERSION MATERIALIZED
patch,offset,limit,count-ms,lookup-mus,results
0,0,-2,2,84,61
1,0,-2,444,1847,61
2,0,-2,396,1574,62
3,0,-2,375,1567,62
4,0,-2,417,1602,61
5,0,-2,332,1511,62
6,0,-2,308,1488,62
7,0,-2,287,1463,62
--- ---DELTA MATERIALIZED
patch_start,patch_end,offset,limit,count-ms,lookup-mus,results
0,1,0,-2,414,452,6
0,2,0,-2,392,454,7
0,3,0,-2,369,457,7
0,4,0,-2,412,459,6
0,5,0,-2,328,464,7
0,6,0,-2,304,469,7
0,7,0,-2,285,470,7
1,2,0,-2,796,455,5
1,3,0,-2,775,464,7
1,4,0,-2,816,465,6
1,5,0,-2,736,471,7
1,6,0,-2,711,476,7
1,7,0,-2,690,481,7
2,3,0,-2,758,461,6
2,4,0,-2,801,466,7
2,5,0,-2,716,474,8
2,6,0,-2,694,476,8
2,7,0,-2,670,481,8
3,4,0,-2,777,464,7
3,5,0,-2,690,472,8
3,6,0,-2,668,476,8
3,7,0,-2,643,481,8
4,5,0,-2,735,467,5
4,6,0,-2,711,475,7
4,7,0,-2,699,478,7
5,6,0,-2,624,473,6
5,7,0,-2,601,481,8
6,7,0,-2,579,479,6
--- ---VERSION
offset,limit,count-ms,lookup-mus,results
0,-2,256,1580,82
---PATTERN START:   http://d.opencalais.com/er/company/ralg-tr1r/6fdbde51-fd7d-3efe-a181-56ad1e1f597b.
--- ---VERSION MATERIALIZED
patch,offset,limit,count-ms,lookup-mus,results
0,0,-2,2,110,65
1,0,-2,5360,7243,123
2,0,-2,72,7231,121
3,0,-2,85,7207,121
4,0,-2,92,7292,126
5,0,-2,57,7253,129
6,0,-2,51,7248,136
7,0,-2,86,7048,136
--- ---DELTA MATERIALIZED
patch_start,patch_end,offset,limit,count-ms,lookup-mus,results
0,1,0,-2,5248,10152,114
0,2,0,-2,56,10461,175
0,3,0,-2,73,10366,175
0,4,0,-2,72,10330,182
0,5,0,-2,41,10542,185
0,6,0,-2,49,10511,188
0,7,0,-2,82,10632,180
1,2,0,-2,5387,10074,61
1,3,0,-2,5330,10326,171
1,4,0,-2,5358,10601,181
1,5,0,-2,5271,10581,182
1,6,0,-2,5353,10715,184
1,7,0,-2,5334,10726,176
2,3,0,-2,116,10377,122
2,4,0,-2,127,10631,236
2,5,0,-2,91,10639,241
2,6,0,-2,102,10849,243
2,7,0,-2,132,10796,235
3,4,0,-2,139,10504,118
3,5,0,-2,106,10562,237
3,6,0,-2,108,10861,241
3,7,0,-2,147,10802,233
4,5,0,-2,113,10580,125
4,6,0,-2,119,10711,245
4,7,0,-2,154,10936,239
5,6,0,-2,83,10570,126
5,7,0,-2,123,11116,238
6,7,0,-2,126,10674,112
--- ---VERSION
offset,limit,count-ms,lookup-mus,results
0,-2,6,17535,487
---PATTERN START:   http://purl.org/dc/elements/1.1/title.
--- ---VERSION MATERIALIZED
patch,offset,limit,count-ms,lookup-mus,results
0,0,-2,3,96,54
1,0,-2,468,2324,56
2,0,-2,388,2021,58
3,0,-2,364,1996,58
4,0,-2,334,1975,56
5,0,-2,312,1962,58
6,0,-2,295,1935,58
7,0,-2,286,1931,61
--- ---DELTA MATERIALIZED
patch_start,patch_end,offset,limit,count-ms,lookup-mus,results
0,1,0,-2,373,450,6
0,2,0,-2,356,453,8
0,3,0,-2,332,456,8
0,4,0,-2,315,457,6
0,5,0,-2,293,466,10
0,6,0,-2,262,463,10
0,7,0,-2,258,477,13
1,2,0,-2,727,451,4
1,3,0,-2,701,459,8
1,4,0,-2,687,465,8
1,5,0,-2,665,477,12
1,6,0,-2,635,483,8
1,7,0,-2,651,488,11
2,3,0,-2,688,459,6
2,4,0,-2,672,469,10
2,5,0,-2,652,482,14
2,6,0,-2,619,476,10
2,7,0,-2,612,493,13
3,4,0,-2,647,467,8
3,5,0,-2,626,483,14
3,6,0,-2,594,474,10
3,7,0,-2,588,494,13
4,5,0,-2,608,476,8
4,6,0,-2,577,474,10
4,7,0,-2,574,490,13
5,6,0,-2,553,475,10
5,7,0,-2,550,495,17
6,7,0,-2,517,481,7
--- ---VERSION
offset,limit,count-ms,lookup-mus,results
0,-2,231,2395,79
---PATTERN START:   http://www.loa-cnr.it/ontologies/DUL.owl#Collection.
--- ---VERSION MATERIALIZED
patch,offset,limit,count-ms,lookup-mus,results
0,0,-2,2,150,70
1,0,-2,499,2455,70
2,0,-2,456,2320,72
3,0,-2,430,2289,72
4,0,-2,395,2262,72
5,0,-2,351,2224,72
6,0,-2,341,2203,72
7,0,-2,308,2171,72
--- ---DELTA MATERIALIZED
patch_start,patch_end,offset,limit,count-ms,lookup-mus,results
0,1,0,-2,454,513,8
0,2,0,-2,443,520,10
0,3,0,-2,414,524,10
0,4,0,-2,381,527,10
0,5,0,-2,336,530,10
0,6,0,-2,321,536,10
0,7,0,-2,292,554,10
1,2,0,-2,890,518,6
1,3,0,-2,859,528,10
1,4,0,-2,829,534,10
1,5,0,-2,784,539,10
1,6,0,-2,773,543,10
1,7,0,-2,741,549,10
2,3,0,-2,851,526,8
2,4,0,-2,818,536,12
2,5,0,-2,776,541,12
2,6,0,-2,759,548,12
2,7,0,-2,732,551,12
3,4,0,-2,788,532,8
3,5,0,-2,747,543,12
3,6,0,-2,735,548,12
3,7,0,-2,704,554,12
4,5,0,-2,716,536,8
4,6,0,-2,701,549,12
4,7,0,-2,673,553,12
5,6,0,-2,654,542,8
5,7,0,-2,634,552,12
6,7,0,-2,613,554,8
--- ---VERSION
offset,limit,count-ms,lookup-mus,results
0,-2,253,2490,98
---PATTERN START:   http://www.salon.com/feed/.
--- ---VERSION MATERIALIZED
patch,offset,limit,count-ms,lookup-mus,results
0,0,-2,2,78,52
1,0,-2,6385,7499,50
2,0,-2,6268,7448,54
3,0,-2,6268,7478,51
4,0,-2,6288,7498,48
5,0,-2,6316,7510,51
6,0,-2,6345,7557,49
7,0,-2,6399,7529,52
--- ---DELTA MATERIALIZED
patch_start,patch_end,offset,limit,count-ms,lookup-mus,results
0,1,0,-2,6296,7496,88
0,2,0,-2,6318,7428,92
0,3,0,-2,6295,7400,89
0,4,0,-2,6323,7556,86
0,5,0,-2,6334,7719,89
0,6,0,-2,6348,7485,87
0,7,0,-2,6328,7754,90
1,2,0,-2,12586,7559,90
1,3,0,-2,12567,7421,87
1,4,0,-2,12597,7543,84
1,5,0,-2,12610,7770,87
1,6,0,-2,12595,7602,85
1,7,0,-2,12627,7873,88
2,3,0,-2,12633,7553,91
2,4,0,-2,12611,7461,88
2,5,0,-2,12608,7769,91
2,6,0,-2,12631,7710,89
2,7,0,-2,12643,7773,92
3,4,0,-2,12633,7706,85
3,5,0,-2,12652,7574,88
3,6,0,-2,12623,7724,86
3,7,0,-2,12671,7822,89
4,5,0,-2,12604,7575,85
4,6,0,-2,12630,7786,83
4,7,0,-2,12658,7679,86
5,6,0,-2,12649,7785,86
5,7,0,-2,12642,7767,89
6,7,0,-2,12651,7833,87
--- ---VERSION
offset,limit,count-ms,lookup-mus,results
0,-2,4,11173,358
---PATTERN START:   http://aigp.csres.utexas.edu/~aigp/school/show/703.
--- ---VERSION MATERIALIZED
patch,offset,limit,count-ms,lookup-mus,results
0,0,-2,2,126,78
1,0,-2,10585,12236,78
2,0,-2,3817,10391,78
3,0,-2,3070,9639,78
4,0,-2,2556,9144,78
5,0,-2,1553,8136,78
6,0,-2,795,7385,78
7,0,-2,64,6636,78
--- ---DELTA MATERIALIZED
patch_start,patch_end,offset,limit,count-ms,lookup-mus,results
0,1,0,-2,10404,11571,156
0,2,0,-2,3804,11716,208
0,3,0,-2,3047,11798,208
0,4,0,-2,2541,11825,182
0,5,0,-2,1528,11935,208
0,6,0,-2,766,12028,208
0,7,0,-2,38,12090,208
1,2,0,-2,14196,11622,104
1,3,0,-2,13438,11864,208
1,4,0,-2,12970,11945,182
1,5,0,-2,11948,12079,208
1,6,0,-2,11152,12180,208
1,7,0,-2,10443,12282,208
2,3,0,-2,6862,11784,156
2,4,0,-2,6355,12031,234
2,5,0,-2,5344,12164,260
2,6,0,-2,4573,12395,260
2,7,0,-2,3984,12744,260
3,4,0,-2,5752,12303,182
3,5,0,-2,4723,12538,260
3,6,0,-2,3928,12637,260
3,7,0,-2,3179,12776,260
4,5,0,-2,4197,12339,130
4,6,0,-2,3402,12604,234
4,7,0,-2,2664,12699,234
5,6,0,-2,2363,12470,156
5,7,0,-2,1615,12753,260
6,7,0,-2,839,12568,156
--- ---VERSION
offset,limit,count-ms,lookup-mus,results
0,-2,4,21077,624
---PATTERN START:   http://www.w3.org/People/Berners-Lee/card#i.
--- ---VERSION MATERIALIZED
patch,offset,limit,count-ms,lookup-mus,results
0,0,-2,2,153,71
1,0,-2,1195,3803,71
2,0,-2,1015,3121,73
3,0,-2,973,3053,73
4,0,-2,901,2995,71
5,0,-2,833,2931,72
6,0,-2,781,2851,68
7,0,-2,715,2804,71
--- ---DELTA MATERIALIZED
patch_start,patch_end,offset,limit,count-ms,lookup-mus,results
0,1,0,-2,1093,1277,8
0,2,0,-2,1007,1284,10
0,3,0,-2,938,1346,14
0,4,0,-2,886,1306,12
0,5,0,-2,816,1310,11
0,6,0,-2,762,1331,15
0,7,0,-2,701,1334,18
1,2,0,-2,2086,1299,6
1,3,0,-2,2031,1319,14
1,4,0,-2,1978,1315,12
1,5,0,-2,1902,1323,11
1,6,0,-2,1855,1350,15
1,7,0,-2,1792,1362,18
2,3,0,-2,1949,1319,12
2,4,0,-2,1887,1322,14
2,5,0,-2,1828,1330,13
2,6,0,-2,1764,1348,17
2,7,0,-2,1708,1366,20
3,4,0,-2,1823,1303,10
3,5,0,-2,1740,1313,15
3,6,0,-2,1685,1334,19
3,7,0,-2,1625,1345,22
4,5,0,-2,1687,1303,9
4,6,0,-2,1632,1329,17
4,7,0,-2,1572,1340,20
5,6,0,-2,1567,1320,12
5,7,0,-2,1504,1341,19
6,7,0,-2,1453,1352,11
--- ---VERSION
offset,limit,count-ms,lookup-mus,results
0,-2,657,3278,104
---PATTERN START:   http://lod.geospecies.org/orders/oSLOJ.
--- ---VERSION MATERIALIZED
patch,offset,limit,count-ms,lookup-mus,results
0,0,-2,2,89,51
1,0,-2,517,1542,51
2,0,-2,448,1434,52
3,0,-2,414,1410,52
4,0,-2,385,1373,52
5,0,-2,362,1350,52
6,0,-2,341,1325,52
7,0,-2,328,1319,52
--- ---DELTA MATERIALIZED
patch_start,patch_end,offset,limit,count-ms,lookup-mus,results
0,1,0,-2,465,520,6
0,2,0,-2,439,525,7
0,3,0,-2,409,527,7
0,4,0,-2,381,530,7
0,5,0,-2,360,534,7
0,6,0,-2,334,553,7
0,7,0,-2,314,544,7
1,2,0,-2,903,522,5
1,3,0,-2,874,531,7
1,4,0,-2,842,536,7
1,5,0,-2,823,542,7
1,6,0,-2,797,546,7
1,7,0,-2,779,550,7
2,3,0,-2,849,534,6
2,4,0,-2,817,537,8
2,5,0,-2,795,544,8
2,6,0,-2,772,547,8
2,7,0,-2,754,549,8
3,4,0,-2,783,534,6
3,5,0,-2,761,541,8
3,6,0,-2,737,545,8
3,7,0,-2,720,551,8
4,5,0,-2,731,538,6
4,6,0,-2,709,547,8
4,7,0,-2,688,553,8
5,6,0,-2,692,543,6
5,7,0,-2,665,552,8
6,7,0,-2,640,555,6
--- ---VERSION
offset,limit,count-ms,lookup-mus,results
0,-2,285,1533,72
---PATTERN START:   http://d.opencalais.com/er/company/ralg-tr1r/eab9bfaa-47f1-368a-a9b7-a87bb345cf30.
--- ---VERSION MATERIALIZED
patch,offset,limit,count-ms,lookup-mus,results
0,0,-2,2,123,61
1,0,-2,5328,7300,108
2,0,-2,76,7420,164
3,0,-2,62,7047,114
4,0,-2,76,7415,169
5,0,-2,76,7422,170
6,0,-2,75,7453,174
7,0,-2,63,7075,124
--- ---DELTA MATERIALIZED
patch_start,patch_end,offset,limit,count-ms,lookup-mus,results
0,1,0,-2,5264,10361,98
0,2,0,-2,74,10457,159
0,3,0,-2,47,10428,166
0,4,0,-2,73,10404,166
0,5,0,-2,73,10664,167
0,6,0,-2,73,10612,173
0,7,0,-2,58,10746,168
1,2,0,-2,5351,10227,61
1,3,0,-2,5311,11378,157
1,4,0,-2,5377,10689,159
1,5,0,-2,5329,10716,158
1,6,0,-2,5379,10766,164
1,7,0,-2,5341,10841,157
2,3,0,-2,115,10342,104
2,4,0,-2,142,10798,210
2,5,0,-2,142,10732,215
2,6,0,-2,142,10948,221
2,7,0,-2,131,10941,214
3,4,0,-2,114,10596,116
3,5,0,-2,117,10656,217
3,6,0,-2,113,10509,225
3,7,0,-2,100,10681,218
4,5,0,-2,137,10257,107
4,6,0,-2,139,10694,225
4,7,0,-2,124,10575,218
5,6,0,-2,138,10462,118
5,7,0,-2,127,10619,215
6,7,0,-2,127,10462,103
--- ---VERSION
offset,limit,count-ms,lookup-mus,results
0,-2,5,16275,443
---PATTERN START:   http://aigp.csres.utexas.edu/~aigp/school/show/203.
--- ---VERSION MATERIALIZED
patch,offset,limit,count-ms,lookup-mus,results
0,0,-2,3,114,63
1,0,-2,8417,9810,63
2,0,-2,3066,8397,63
3,0,-2,2454,7872,63
4,0,-2,6644,7371,63
5,0,-2,1236,6589,63
6,0,-2,651,6004,63
7,0,-2,68,5417,63
--- ---DELTA MATERIALIZED
patch_start,patch_end,offset,limit,count-ms,lookup-mus,results
0,1,0,-2,8260,9197,126
0,2,0,-2,3038,9328,168
0,3,0,-2,2423,9406,168
0,4,0,-2,6619,9398,147
0,5,0,-2,1211,9500,168
0,6,0,-2,625,9586,168
0,7,0,-2,42,9616,168
1,2,0,-2,11346,9241,84
1,3,0,-2,10728,9454,168
1,4,0,-2,14954,9501,147
1,5,0,-2,9471,9617,168
1,6,0,-2,8881,9713,168
1,7,0,-2,8331,9774,168
2,3,0,-2,5478,9382,126
2,4,0,-2,9650,9573,189
2,5,0,-2,4241,9694,210
2,6,0,-2,3662,9780,210
2,7,0,-2,3086,9867,210
3,4,0,-2,9057,9505,147
3,5,0,-2,3639,9713,210
3,6,0,-2,3049,9785,210
3,7,0,-2,2465,9862,210
4,5,0,-2,7849,9528,105
4,6,0,-2,7271,9741,189
4,7,0,-2,6663,9806,189
5,6,0,-2,1843,9616,126
5,7,0,-2,1249,9847,210
6,7,0,-2,662,9699,126
--- ---VERSION
offset,limit,count-ms,lookup-mus,results
0,-2,4,16876,504
---PATTERN START:   http://lod.geospecies.org/bioclasses/uRKSz.
--- ---VERSION MATERIALIZED
patch,offset,limit,count-ms,lookup-mus,results
0,0,-2,2,131,78
1,0,-2,457,1971,78
2,0,-2,406,1856,79
3,0,-2,391,1832,79
4,0,-2,424,1874,78
5,0,-2,333,1791,79
6,0,-2,310,1766,79
7,0,-2,292,1745,79
--- ---DELTA MATERIALIZED
patch_start,patch_end,offset,limit,count-ms,lookup-mus,results
0,1,0,-2,414,447,6
0,2,0,-2,397,453,7
0,3,0,-2,371,454,7
0,4,0,-2,417,455,6
0,5,0,-2,329,461,7
0,6,0,-2,306,463,7
0,7,0,-2,284,474,7
1,2,0,-2,810,450,5
1,3,0,-2,783,458,7
1,4,0,-2,830,462,6
1,5,0,-2,740,466,7
1,6,0,-2,719,472,7
1,7,0,-2,698,473,7
2,3,0,-2,767,457,6
2,4,0,-2,811,464,7
2,5,0,-2,728,471,8
2,6,0,-2,702,473,8
2,7,0,-2,684,478,8
3,4,0,-2,787,464,7
3,5,0,-2,699,471,8
3,6,0,-2,677,474,8
3,7,0,-2,660,479,8
4,5,0,-2,741,469,5
4,6,0,-2,722,473,7
4,7,0,-2,702,477,7
5,6,0,-2,632,472,6
5,7,0,-2,612,480,8
6,7,0,-2,591,475,6
--- ---VERSION
offset,limit,count-ms,lookup-mus,results
0,-2,259,1854,99
---PATTERN START:   http://www.w3.org/ns/auth/rsa#RSAPublicKey.
--- ---VERSION MATERIALIZED
patch,offset,limit,count-ms,lookup-mus,results
0,0,-2,2,89,52
1,0,-2,3207,5441,45
2,0,-2,2936,5006,64
3,0,-2,2736,4783,66
4,0,-2,2521,4586,60
5,0,-2,2299,4360,66
6,0,-2,2110,4153,66
7,0,-2,1891,3944,68
--- ---DELTA MATERIALIZED
patch_start,patch_end,offset,limit,count-ms,lookup-mus,results
0,1,0,-2,3133,3852,49
0,2,0,-2,2925,3877,48
0,3,0,-2,2720,3917,54
0,4,0,-2,2520,3925,47
0,5,0,-2,2288,3931,53
0,6,0,-2,2078,3962,53
0,7,0,-2,1861,3994,53
1,2,0,-2,6061,3915,43
1,3,0,-2,5867,3974,62
1,4,0,-2,5646,4010,57
1,5,0,-2,5428,4004,62
1,6,0,-2,5220,4042,63
1,7,0,-2,5008,4092,60
2,3,0,-2,5684,3943,45
2,4,0,-2,5461,3998,54
2,5,0,-2,5258,4016,59
2,6,0,-2,5007,4048,60
2,7,0,-2,4787,4055,57
3,4,0,-2,5243,3954,45
3,5,0,-2,5025,4014,58
3,6,0,-2,4818,4049,59
3,7,0,-2,4559,4039,56
4,5,0,-2,4772,3959,37
4,6,0,-2,4568,4034,52
4,7,0,-2,4381,4065,49
5,6,0,-2,4383,4047,43
5,7,0,-2,4139,4061,54
6,7,0,-2,3926,4045,41
--- ---VERSION
offset,limit,count-ms,lookup-mus,results
0,-2,4,7186,198
---PATTERN START:   http://aigp.csres.utexas.edu/~aigp/school/show/613.
--- ---VERSION MATERIALIZED
patch,offset,limit,count-ms,lookup-mus,results
0,0,-2,2,83,63
1,0,-2,8537,9934,63
2,0,-2,3133,8427,63
3,0,-2,2525,7805,63
4,0,-2,6700,7390,63
5,0,-2,1311,6565,63
6,0,-2,671,5961,63
7,0,-2,55,5382,63
--- ---DELTA MATERIALIZED
patch_start,patch_end,offset,limit,count-ms,lookup-mus,results
0,1,0,-2,8413,9478,126
0,2,0,-2,3122,9575,168
0,3,0,-2,2499,9642,168
0,4,0,-2,6694,9689,147
0,5,0,-2,1286,9744,168
0,6,0,-2,653,9808,168
0,7,0,-2,39,9858,168
1,2,0,-2,11499,9525,84
1,3,0,-2,10895,9683,168
1,4,0,-2,15158,9759,147
1,5,0,-2,9675,9857,168
1,6,0,-2,9035,9936,168
1,7,0,-2,8444,10029,168
2,3,0,-2,5620,9693,126
2,4,0,-2,9802,9795,189
2,5,0,-2,4379,9909,210
2,6,0,-2,3776,9983,210
2,7,0,-2,3158,10064,210
3,4,0,-2,9232,9778,147
3,5,0,-2,3759,9916,210
3,6,0,-2,3157,9996,210
3,7,0,-2,2536,10066,210
4,5,0,-2,7963,9791,105
4,6,0,-2,7337,9987,189
4,7,0,-2,6728,10040,189
5,6,0,-2,1916,9896,126
5,7,0,-2,1310,10054,210
6,7,0,-2,690,9986,126
--- ---VERSION
offset,limit,count-ms,lookup-mus,results
0,-2,6,16169,504
---PATTERN START:   http://aigp.csres.utexas.edu/~aigp/school/show/612.
--- ---VERSION MATERIALIZED
patch,offset,limit,count-ms,lookup-mus,results
0,0,-2,2,119,66
1,0,-2,8839,10258,66
2,0,-2,3283,8816,66
3,0,-2,2612,8146,66
4,0,-2,6718,7499,66
5,0,-2,1326,6856,66
6,0,-2,702,6220,66
7,0,-2,51,5604,66
--- ---DELTA MATERIALIZED
patch_start,patch_end,offset,limit,count-ms,lookup-mus,results
0,1,0,-2,8707,9681,132
0,2,0,-2,3269,9804,176
0,3,0,-2,2592,9855,176
0,4,0,-2,6708,9878,154
0,5,0,-2,1319,9997,176
0,6,0,-2,676,10072,176
0,7,0,-2,40,10100,176
1,2,0,-2,11961,9709,88
1,3,0,-2,11300,9918,176
1,4,0,-2,15394,9974,154
1,5,0,-2,10004,10098,176
1,6,0,-2,9372,10181,176
1,7,0,-2,8759,10253,176
2,3,0,-2,5848,9843,132
2,4,0,-2,9962,10058,198
2,5,0,-2,4592,10152,220
2,6,0,-2,3940,10258,220
2,7,0,-2,3307,11404,220
3,4,0,-2,9303,9965,154
3,5,0,-2,3904,10201,220
3,6,0,-2,3271,10261,220
3,7,0,-2,2639,10337,220
4,5,0,-2,8027,9992,110
4,6,0,-2,7383,10229,198
4,7,0,-2,6747,10314,198
5,6,0,-2,2023,10105,132
5,7,0,-2,1353,10358,220
6,7,0,-2,714,10192,132
--- ---VERSION
offset,limit,count-ms,lookup-mus,results
0,-2,6,17600,528
---PATTERN START:   http://aigp.csres.utexas.edu/~aigp/school/show/104.
--- ---VERSION MATERIALIZED
patch,offset,limit,count-ms,lookup-mus,results
0,0,-2,2,132,75
1,0,-2,9917,11471,75
2,0,-2,3576,9864,75
3,0,-2,2861,9143,75
4,0,-2,2137,8416,75
5,0,-2,1445,7732,75
6,0,-2,717,6992,75
7,0,-2,62,6350,75
--- ---DELTA MATERIALIZED
patch_start,patch_end,offset,limit,count-ms,lookup-mus,results
0,1,0,-2,9762,10913,150
0,2,0,-2,3573,11054,200
0,3,0,-2,2843,11118,200
0,4,0,-2,2125,11169,175
0,5,0,-2,1410,11258,200
0,6,0,-2,697,11353,200
0,7,0,-2,39,11410,200
1,2,0,-2,13332,10958,100
1,3,0,-2,12586,11204,200
1,4,0,-2,11888,11268,175
1,5,0,-2,11187,11405,200
1,6,0,-2,10449,11497,200
1,7,0,-2,9792,11591,200
2,3,0,-2,6414,11145,150
2,4,0,-2,5699,11393,225
2,5,0,-2,5082,11503,250
2,6,0,-2,4265,11560,250
2,7,0,-2,3610,11752,250
3,4,0,-2,4990,11305,175
3,5,0,-2,4261,11502,250
3,6,0,-2,3545,11572,250
3,7,0,-2,2885,11683,250
4,5,0,-2,3540,11287,125
4,6,0,-2,2821,11552,225
4,7,0,-2,2163,11645,225
5,6,0,-2,2101,11456,150
5,7,0,-2,1452,11663,250
6,7,0,-2,731,11531,150
--- ---VERSION
offset,limit,count-ms,lookup-mus,results
0,-2,4,19383,600
---PATTERN START:   http://aigp.csres.utexas.edu/~aigp/school/show/233.
--- ---VERSION MATERIALIZED
patch,offset,limit,count-ms,lookup-mus,results
0,0,-2,2,89,57
1,0,-2,7559,8677,57
2,0,-2,6881,7561,57
3,0,-2,6351,6990,57
4,0,-2,5783,6449,57
5,0,-2,5249,5885,57
6,0,-2,4726,5381,57
7,0,-2,4225,4860,57
--- ---DELTA MATERIALIZED
patch_start,patch_end,offset,limit,count-ms,lookup-mus,results
0,1,0,-2,7411,8264,114
0,2,0,-2,6882,8355,152
0,3,0,-2,6321,8411,152
0,4,0,-2,5765,8438,133
0,5,0,-2,5229,8512,152
0,6,0,-2,4708,8574,152
0,7,0,-2,4202,8656,152
1,2,0,-2,14303,8297,76
1,3,0,-2,13728,8478,152
1,4,0,-2,13168,8536,133
1,5,0,-2,12641,8658,152
1,6,0,-2,12118,8698,152
1,7,0,-2,11644,8774,152
2,3,0,-2,13184,8414,114
2,4,0,-2,12642,8586,171
2,5,0,-2,12106,8692,190
2,6,0,-2,11575,8748,190
2,7,0,-2,11071,8835,190
3,4,0,-2,12131,8533,133
3,5,0,-2,11556,9035,190
3,6,0,-2,11035,8752,190
3,7,0,-2,10512,8830,190
4,5,0,-2,10997,8544,95
4,6,0,-2,10453,8734,171
4,7,0,-2,9962,8811,171
5,6,0,-2,9932,8665,114
5,7,0,-2,9450,8836,190
6,7,0,-2,8918,8738,114
--- ---VERSION
offset,limit,count-ms,lookup-mus,results
0,-2,4,14632,456
---PATTERN START:   http://aigp.csres.utexas.edu/~aigp/school/show/213.
--- ---VERSION MATERIALIZED
patch,offset,limit,count-ms,lookup-mus,results
0,0,-2,2,100,66
1,0,-2,8832,10140,66
2,0,-2,3199,8704,66
3,0,-2,2564,8054,66
4,0,-2,6871,7620,66
5,0,-2,1273,6781,66
6,0,-2,666,6149,66
7,0,-2,55,5561,66
--- ---DELTA MATERIALIZED
patch_start,patch_end,offset,limit,count-ms,lookup-mus,results
0,1,0,-2,8681,9733,132
0,2,0,-2,3188,9841,176
0,3,0,-2,2543,9975,176
0,4,0,-2,6859,9961,154
0,5,0,-2,1255,10065,176
0,6,0,-2,637,10124,176
0,7,0,-2,40,10164,176
1,2,0,-2,11855,9772,88
1,3,0,-2,11232,10004,176
1,4,0,-2,15508,10060,154
1,5,0,-2,9928,10176,176
1,6,0,-2,9306,10309,176
1,7,0,-2,8728,10343,176
2,3,0,-2,5720,9933,132
2,4,0,-2,10025,10114,198
2,5,0,-2,4426,10239,220
2,6,0,-2,3813,10357,220
2,7,0,-2,3216,10404,220
3,4,0,-2,9377,10065,154
3,5,0,-2,3788,10249,220
3,6,0,-2,3173,10319,220
3,7,0,-2,2575,10403,220
4,5,0,-2,8113,10087,110
4,6,0,-2,7479,10298,198
4,7,0,-2,6908,10364,198
5,6,0,-2,1889,10527,132
5,7,0,-2,1290,10411,220
6,7,0,-2,678,10289,132
--- ---VERSION
offset,limit,count-ms,lookup-mus,results
0,-2,3,16509,528
---PATTERN START:   http://aigp.csres.utexas.edu/~aigp/school/show/287.
--- ---VERSION MATERIALIZED
patch,offset,limit,count-ms,lookup-mus,results
0,0,-2,3,83,51
1,0,-2,6784,7724,51
2,0,-2,6118,6704,51
3,0,-2,5628,6203,51
4,0,-2,5129,5711,51
5,0,-2,4650,5256,51
6,0,-2,4187,4764,51
7,0,-2,3724,4298,51
--- ---DELTA MATERIALIZED
patch_start,patch_end,offset,limit,count-ms,lookup-mus,results
0,1,0,-2,6648,7460,102
0,2,0,-2,6134,7630,136
0,3,0,-2,5629,7596,136
0,4,0,-2,5111,7628,119
0,5,0,-2,4639,7703,136
0,6,0,-2,4163,7741,136
0,7,0,-2,3705,7783,136
1,2,0,-2,12786,7492,68
1,3,0,-2,12276,7644,136
1,4,0,-2,11817,7698,119
1,5,0,-2,11341,7774,136
1,6,0,-2,10837,7842,136
1,7,0,-2,10369,7919,136
2,3,0,-2,11745,7614,102
2,4,0,-2,11230,7729,153
2,5,0,-2,10752,7820,170
2,6,0,-2,10275,7894,170
2,7,0,-2,9821,7954,170
3,4,0,-2,10731,7697,119
3,5,0,-2,10231,7837,170
3,6,0,-2,9763,7905,170
3,7,0,-2,9312,7971,170
4,5,0,-2,9745,7745,85
4,6,0,-2,9274,7875,153
4,7,0,-2,8815,7938,153
5,6,0,-2,8788,7795,102
5,7,0,-2,8336,7967,170
6,7,0,-2,7874,7866,102
--- ---VERSION
offset,limit,count-ms,lookup-mus,results
0,-2,5,12850,408
---PATTERN START:   http://aigp.csres.utexas.edu/~aigp/school/show/359.
--- ---VERSION MATERIALIZED
patch,offset,limit,count-ms,lookup-mus,results
0,0,-2,2,95,63
1,0,-2,8450,9557,63
2,0,-2,3074,8365,63
3,0,-2,2437,7742,63
4,0,-2,6619,7348,63
5,0,-2,1216,6560,63
6,0,-2,618,6262,63
7,0,-2,57,5365,63
--- ---DELTA MATERIALIZED
patch_start,patch_end,offset,limit,count-ms,lookup-mus,results
0,1,0,-2,8302,9462,126
0,2,0,-2,3038,9562,168
0,3,0,-2,2424,9633,168
0,4,0,-2,6613,9675,147
0,5,0,-2,1203,9781,168
0,6,0,-2,603,9802,168
0,7,0,-2,42,9869,168
1,2,0,-2,11328,9513,84
1,3,0,-2,10704,9683,168
1,4,0,-2,14912,9757,147
1,5,0,-2,9497,9883,168
1,6,0,-2,8909,9938,168
1,7,0,-2,8353,10021,168
2,3,0,-2,5446,9674,126
2,4,0,-2,9628,9808,189
2,5,0,-2,4232,9939,210
2,6,0,-2,3641,10023,210
2,7,0,-2,3075,10076,210
3,4,0,-2,9029,9762,147
3,5,0,-2,3620,9933,210
3,6,0,-2,3027,10025,210
3,7,0,-2,2463,10103,210
4,5,0,-2,7809,9778,105
4,6,0,-2,7221,9997,189
4,7,0,-2,6687,10101,189
5,6,0,-2,1807,9932,126
5,7,0,-2,1243,10092,210
6,7,0,-2,643,9961,126
--- ---VERSION
offset,limit,count-ms,lookup-mus,results
0,-2,3,15328,504
---PATTERN START:   http://aigp.csres.utexas.edu/~aigp/school/show/296.
--- ---VERSION MATERIALIZED
patch,offset,limit,count-ms,lookup-mus,results
0,0,-2,2,88,54
1,0,-2,7255,8292,54
2,0,-2,6611,7218,54
3,0,-2,6054,6659,54
4,0,-2,5696,6317,54
5,0,-2,5010,5614,54
6,0,-2,4519,5131,54
7,0,-2,4033,4645,54
--- ---DELTA MATERIALIZED
patch_start,patch_end,offset,limit,count-ms,lookup-mus,results
0,1,0,-2,7108,8018,108
0,2,0,-2,6582,8095,144
0,3,0,-2,6037,8163,144
0,4,0,-2,5688,8185,126
0,5,0,-2,4981,8254,144
0,6,0,-2,4495,8310,144
0,7,0,-2,4002,8399,144
1,2,0,-2,13668,8042,72
1,3,0,-2,13395,8234,144
1,4,0,-2,12772,8255,126
1,5,0,-2,12125,8355,144
1,6,0,-2,11599,8427,144
1,7,0,-2,11114,8513,144
2,3,0,-2,12612,8183,108
2,4,0,-2,12280,8318,162
2,5,0,-2,11578,8419,180
2,6,0,-2,11062,8474,180
2,7,0,-2,10581,8544,180
3,4,0,-2,11727,8265,126
3,5,0,-2,11005,8434,180
3,6,0,-2,10539,8492,180
3,7,0,-2,10025,8560,180
4,5,0,-2,10694,8296,90
4,6,0,-2,10175,8453,162
4,7,0,-2,9673,8543,162
5,6,0,-2,9466,8380,108
5,7,0,-2,8992,8571,180
6,7,0,-2,8526,8441,108
--- ---VERSION
offset,limit,count-ms,lookup-mus,results
0,-2,4,13691,432
---PATTERN START:   http://aigp.csres.utexas.edu/~aigp/school/show/236.
--- ---VERSION MATERIALIZED
patch,offset,limit,count-ms,lookup-mus,results
0,0,-2,2,117,69
1,0,-2,9241,10517,69
2,0,-2,3339,9162,69
3,0,-2,2674,8472,69
4,0,-2,6993,7816,69
5,0,-2,1339,7136,69
6,0,-2,699,6515,69
7,0,-2,59,5869,69
--- ---DELTA MATERIALIZED
patch_start,patch_end,offset,limit,count-ms,lookup-mus,results
0,1,0,-2,9085,10103,138
0,2,0,-2,3331,10242,184
0,3,0,-2,2656,10309,184
0,4,0,-2,7021,10357,161
0,5,0,-2,1322,10461,184
0,6,0,-2,671,10510,184
0,7,0,-2,40,10556,184
1,2,0,-2,12423,10166,92
1,3,0,-2,11741,10384,184
1,4,0,-2,16056,10439,161
1,5,0,-2,10396,10559,184
1,6,0,-2,10019,10650,184
1,7,0,-2,9144,10743,184
2,3,0,-2,5995,10320,138
2,4,0,-2,10316,10520,207
2,5,0,-2,4645,10643,230
2,6,0,-2,3991,10751,230
2,7,0,-2,3366,10814,230
3,4,0,-2,9630,10458,161
3,5,0,-2,4038,10669,230
3,6,0,-2,3319,10725,230
3,7,0,-2,2689,10843,230
4,5,0,-2,8295,10459,115
4,6,0,-2,7653,10687,207
4,7,0,-2,7022,10777,207
5,6,0,-2,1977,10579,138
5,7,0,-2,1353,10845,230
6,7,0,-2,706,10645,138
--- ---VERSION
offset,limit,count-ms,lookup-mus,results
0,-2,5,17306,552
---PATTERN START:   http://aigp.csres.utexas.edu/~aigp/school/show/106.
--- ---VERSION MATERIALIZED
patch,offset,limit,count-ms,lookup-mus,results
0,0,-2,3,99,57
1,0,-2,7748,8942,57
2,0,-2,7028,7675,57
3,0,-2,6400,7045,57
4,0,-2,5905,6573,57
5,0,-2,5286,5943,57
6,0,-2,4732,5392,57
7,0,-2,4216,4868,57
--- ---DELTA MATERIALIZED
patch_start,patch_end,offset,limit,count-ms,lookup-mus,results
0,1,0,-2,7619,8516,114
0,2,0,-2,6993,8638,152
0,3,0,-2,6363,8703,152
0,4,0,-2,5869,8734,133
0,5,0,-2,5268,8820,152
0,6,0,-2,4721,8853,152
0,7,0,-2,4188,8919,152
1,2,0,-2,14612,8599,76
1,3,0,-2,13994,8752,152
1,4,0,-2,13507,8809,133
1,5,0,-2,12866,8895,152
1,6,0,-2,12370,8973,152
1,7,0,-2,11808,9040,152
2,3,0,-2,13343,8694,114
2,4,0,-2,12858,8854,171
2,5,0,-2,12579,8977,190
2,6,0,-2,11714,9039,190
2,7,0,-2,11173,9126,190
3,4,0,-2,12259,8812,133
3,5,0,-2,11667,8974,190
3,6,0,-2,11082,9027,190
3,7,0,-2,10561,9101,190
4,5,0,-2,11124,8844,95
4,6,0,-2,10599,9022,171
4,7,0,-2,10064,9094,171
5,6,0,-2,9974,8933,114
5,7,0,-2,9486,9104,190
6,7,0,-2,8963,8993,114
--- ---VERSION
offset,limit,count-ms,lookup-mus,results
0,-2,4,14859,456
