---PATTERN START: http://d.opencalais.com/er/company/ralg-tr1r/018a40be-eadd-34ab-a418-48f096979ea0 http://s.opencalais.com/1/linkeddata/pred/competitor .
--- ---VERSION MATERIALIZED
patch,offset,limit,count-ms,lookup-mus,results
0,0,-2,7,19,11
1,0,-2,628,878,18
2,0,-2,537,841,19
3,0,-2,535,843,22
4,0,-2,547,855,20
5,0,-2,585,889,18
6,0,-2,545,868,18
7,0,-2,555,878,19
--- ---DELTA MATERIALIZED
patch_start,patch_end,offset,limit,count-ms,lookup-mus,results
0,1,0,-2,554,880,14
0,2,0,-2,534,906,16
0,3,0,-2,540,922,22
0,4,0,-2,564,925,18
0,5,0,-2,601,909,13
0,6,0,-2,548,907,12
0,7,0,-2,551,913,11
1,2,0,-2,1097,916,18
1,3,0,-2,1062,933,22
1,4,0,-2,1117,936,14
1,5,0,-2,1162,953,18
1,6,0,-2,1110,957,18
1,7,0,-2,1110,961,18
2,3,0,-2,1072,926,16
2,4,0,-2,1112,950,22
2,5,0,-2,1154,947,14
2,6,0,-2,1102,947,12
2,7,0,-2,1106,956,16
3,4,0,-2,1081,939,16
3,5,0,-2,1154,946,14
3,6,0,-2,1106,949,16
3,7,0,-2,1108,965,22
4,5,0,-2,1129,952,20
4,6,0,-2,1112,952,16
4,7,0,-2,1111,953,16
5,6,0,-2,1124,951,16
5,7,0,-2,1149,957,18
6,7,0,-2,1074,958,18
--- ---VERSION
offset,limit,count-ms,lookup-mus,results
0,-2,465,1202,42
---PATTERN START: http://d.opencalais.com/er/company/ralg-tr1r/b725f008-03ba-334a-8504-4d5867fba63c http://s.opencalais.com/1/linkeddata/pred/competitor .
--- ---VERSION MATERIALIZED
patch,offset,limit,count-ms,lookup-mus,results
0,0,-2,4,47,24
1,0,-2,839,1385,41
2,0,-2,783,1409,39
3,0,-2,801,1403,37
4,0,-2,811,1449,37
5,0,-2,822,1427,37
6,0,-2,810,1429,39
7,0,-2,805,1406,37
--- ---DELTA MATERIALIZED
patch_start,patch_end,offset,limit,count-ms,lookup-mus,results
0,1,0,-2,788,1409,34
0,2,0,-2,798,1396,30
0,3,0,-2,795,1384,26
0,4,0,-2,769,1383,26
0,5,0,-2,804,1381,24
0,6,0,-2,805,1385,26
0,7,0,-2,795,1350,15
1,2,0,-2,1589,1411,26
1,3,0,-2,1589,1421,34
1,4,0,-2,1571,1401,28
1,5,0,-2,1573,1387,22
1,6,0,-2,1574,1398,28
1,7,0,-2,1567,1397,28
2,3,0,-2,1565,1384,28
2,4,0,-2,1574,1393,30
2,5,0,-2,1565,1382,26
2,6,0,-2,1547,1366,28
2,7,0,-2,1536,1380,28
3,4,0,-2,1544,1367,24
3,5,0,-2,1537,1385,32
3,6,0,-2,1538,1377,28
3,7,0,-2,1528,1371,26
4,5,0,-2,1572,1374,26
4,6,0,-2,1569,1379,28
4,7,0,-2,1518,1367,28
5,6,0,-2,1527,1354,28
5,7,0,-2,1516,1363,24
6,7,0,-2,1516,1371,38
--- ---VERSION
offset,limit,count-ms,lookup-mus,results
0,-2,670,1726,58
---PATTERN START: http://d.opencalais.com/er/company/ralg-tr1r/051152c0-b8b9-390b-8ab7-0acb09f3cd9b http://s.opencalais.com/1/linkeddata/pred/competitor .
--- ---VERSION MATERIALIZED
patch,offset,limit,count-ms,lookup-mus,results
0,0,-2,4,37,19
1,0,-2,664,1104,32
2,0,-2,617,1095,36
3,0,-2,611,1089,32
4,0,-2,612,1088,33
5,0,-2,611,1099,30
6,0,-2,610,1078,30
7,0,-2,614,1091,32
--- ---DELTA MATERIALIZED
patch_start,patch_end,offset,limit,count-ms,lookup-mus,results
0,1,0,-2,608,1243,26
0,2,0,-2,589,1245,34
0,3,0,-2,603,1205,26
0,4,0,-2,606,1211,27
0,5,0,-2,604,1203,21
0,6,0,-2,602,1198,18
0,7,0,-2,608,1200,17
1,2,0,-2,1201,1245,18
1,3,0,-2,1202,1255,28
1,4,0,-2,1205,1248,26
1,5,0,-2,1203,1248,24
1,6,0,-2,1199,1255,24
1,7,0,-2,1208,1250,24
2,3,0,-2,1201,1237,22
2,4,0,-2,1221,1239,20
2,5,0,-2,1214,1236,26
2,6,0,-2,1190,1242,28
2,7,0,-2,1192,1239,26
3,4,0,-2,1191,1232,28
3,5,0,-2,1188,1235,26
3,6,0,-2,1188,1240,26
3,7,0,-2,1189,1237,26
4,5,0,-2,1205,1243,22
4,6,0,-2,1214,1263,32
4,7,0,-2,1215,1251,24
5,6,0,-2,1210,1260,28
5,7,0,-2,1215,1265,24
6,7,0,-2,1212,1243,22
--- ---VERSION
offset,limit,count-ms,lookup-mus,results
0,-2,575,1558,54
---PATTERN START: http://d.opencalais.com/er/company/ralg-tr1r/05b2aa5c-3612-3eae-a9d4-9456fd96d7af http://s.opencalais.com/1/linkeddata/pred/competitor .
--- ---VERSION MATERIALIZED
patch,offset,limit,count-ms,lookup-mus,results
0,0,-2,4,23,16
1,0,-2,520,912,28
2,0,-2,496,878,28
3,0,-2,506,882,28
4,0,-2,505,873,26
5,0,-2,492,867,26
6,0,-2,488,864,27
7,0,-2,532,913,26
--- ---DELTA MATERIALIZED
patch_start,patch_end,offset,limit,count-ms,lookup-mus,results
0,1,0,-2,484,998,24
0,2,0,-2,496,1000,24
0,3,0,-2,503,985,24
0,4,0,-2,495,978,20
0,5,0,-2,485,987,19
0,6,0,-2,493,980,18
0,7,0,-2,539,977,13
1,2,0,-2,984,1001,18
1,3,0,-2,981,1007,22
1,4,0,-2,995,1007,20
1,5,0,-2,971,1017,24
1,6,0,-2,987,1021,18
1,7,0,-2,1027,1014,22
2,3,0,-2,992,1005,24
2,4,0,-2,962,997,16
2,5,0,-2,951,1005,18
2,6,0,-2,950,999,14
2,7,0,-2,994,1009,22
3,4,0,-2,969,1000,20
3,5,0,-2,961,1007,22
3,6,0,-2,961,1008,22
3,7,0,-2,1004,1002,18
4,5,0,-2,963,1011,20
4,6,0,-2,1003,1011,18
4,7,0,-2,1040,1001,14
5,6,0,-2,986,1020,24
5,7,0,-2,1037,1014,18
6,7,0,-2,1013,1017,22
--- ---VERSION
offset,limit,count-ms,lookup-mus,results
0,-2,469,1187,44
---PATTERN START: http://d.opencalais.com/er/company/ralg-tr1r/e8393d7b-3e70-3d0a-abe8-165358db317e http://s.opencalais.com/1/linkeddata/pred/competitor .
--- ---VERSION MATERIALIZED
patch,offset,limit,count-ms,lookup-mus,results
0,0,-2,4,18,11
1,0,-2,588,763,22
2,0,-2,618,830,16
3,0,-2,517,727,19
4,0,-2,506,732,20
5,0,-2,573,794,19
6,0,-2,510,731,19
7,0,-2,510,728,17
--- ---DELTA MATERIALIZED
patch_start,patch_end,offset,limit,count-ms,lookup-mus,results
0,1,0,-2,523,934,22
0,2,0,-2,605,878,10
0,3,0,-2,513,886,14
0,4,0,-2,517,894,16
0,5,0,-2,577,894,14
0,6,0,-2,512,893,12
0,7,0,-2,507,885,7
1,2,0,-2,1119,907,18
1,3,0,-2,1018,901,14
1,4,0,-2,1015,906,14
1,5,0,-2,1079,912,16
1,6,0,-2,1007,911,18
1,7,0,-2,1003,912,18
2,3,0,-2,1106,890,14
2,4,0,-2,1105,904,22
2,5,0,-2,1173,910,20
2,6,0,-2,1106,898,10
2,7,0,-2,1103,911,14
3,4,0,-2,1002,893,14
3,5,0,-2,1071,915,18
3,6,0,-2,1004,914,14
3,7,0,-2,1015,924,18
4,5,0,-2,1085,912,14
4,6,0,-2,1019,922,20
4,7,0,-2,1020,925,20
5,6,0,-2,1101,916,16
5,7,0,-2,1086,927,20
6,7,0,-2,1018,919,16
--- ---VERSION
offset,limit,count-ms,lookup-mus,results
0,-2,470,1132,41
---PATTERN START: http://d.opencalais.com/er/company/ralg-tr1r/96cc2627-e55b-39a8-a027-b600c57e40f6 http://s.opencalais.com/1/linkeddata/pred/competitor .
--- ---VERSION MATERIALIZED
patch,offset,limit,count-ms,lookup-mus,results
0,0,-2,4,47,28
1,0,-2,766,1437,45
2,0,-2,711,1442,42
3,0,-2,728,1447,42
4,0,-2,713,1451,44
5,0,-2,791,1500,40
6,0,-2,725,1463,46
7,0,-2,752,1531,42
--- ---DELTA MATERIALIZED
patch_start,patch_end,offset,limit,count-ms,lookup-mus,results
0,1,0,-2,707,1377,34
0,2,0,-2,702,1376,28
0,3,0,-2,708,1373,28
0,4,0,-2,708,1388,31
0,5,0,-2,766,1357,20
0,6,0,-2,717,1385,26
0,7,0,-2,739,1355,16
1,2,0,-2,1406,1403,34
1,3,0,-2,1427,1392,32
1,4,0,-2,1406,1391,34
1,5,0,-2,1472,1390,32
1,6,0,-2,1414,1382,24
1,7,0,-2,1439,1384,26
2,3,0,-2,1414,1381,32
2,4,0,-2,1406,1394,30
2,5,0,-2,1476,1395,26
2,6,0,-2,1421,1412,36
2,7,0,-2,1444,1416,38
3,4,0,-2,1424,1395,28
3,5,0,-2,1492,1409,34
3,6,0,-2,1432,1389,24
3,7,0,-2,1455,1390,26
4,5,0,-2,1474,1384,32
4,6,0,-2,1416,1382,26
4,7,0,-2,1439,1387,32
5,6,0,-2,1492,1386,30
5,7,0,-2,1502,1386,30
6,7,0,-2,1454,1379,22
--- ---VERSION
offset,limit,count-ms,lookup-mus,results
0,-2,688,1828,60
---PATTERN START: http://d.opencalais.com/er/company/ralg-tr1r/29ded604-539e-39dc-a04c-878bfd936337 http://s.opencalais.com/1/linkeddata/pred/competitor .
--- ---VERSION MATERIALIZED
patch,offset,limit,count-ms,lookup-mus,results
0,0,-2,4,21,12
1,0,-2,473,768,22
2,0,-2,429,730,22
3,0,-2,487,789,21
4,0,-2,429,726,20
5,0,-2,433,725,20
6,0,-2,429,728,21
7,0,-2,432,727,21
--- ---DELTA MATERIALIZED
patch_start,patch_end,offset,limit,count-ms,lookup-mus,results
0,1,0,-2,424,893,20
0,2,0,-2,428,884,20
0,3,0,-2,460,863,18
0,4,0,-2,426,859,14
0,5,0,-2,441,887,13
0,6,0,-2,425,859,12
0,7,0,-2,426,856,11
1,2,0,-2,847,891,16
1,3,0,-2,902,881,16
1,4,0,-2,882,896,18
1,5,0,-2,880,896,16
1,6,0,-2,873,906,22
1,7,0,-2,880,906,20
2,3,0,-2,913,878,14
2,4,0,-2,879,891,14
2,5,0,-2,878,897,18
2,6,0,-2,874,902,18
2,7,0,-2,880,894,12
3,4,0,-2,914,894,22
3,5,0,-2,889,889,20
3,6,0,-2,882,894,20
3,7,0,-2,879,894,20
4,5,0,-2,846,883,16
4,6,0,-2,846,883,14
4,7,0,-2,847,885,16
5,6,0,-2,846,892,18
5,7,0,-2,845,893,20
6,7,0,-2,846,889,16
--- ---VERSION
offset,limit,count-ms,lookup-mus,results
0,-2,409,1083,40
---PATTERN START: http://d.opencalais.com/er/company/ralg-tr1r/f3e4768e-524b-36c5-a67c-04d01eb4f3a7 http://s.opencalais.com/1/linkeddata/pred/competitor .
--- ---VERSION MATERIALIZED
patch,offset,limit,count-ms,lookup-mus,results
0,0,-2,5,17,11
1,0,-2,584,787,17
2,0,-2,516,767,17
3,0,-2,520,774,19
4,0,-2,519,763,20
5,0,-2,520,768,21
6,0,-2,536,783,20
7,0,-2,521,764,18
--- ---DELTA MATERIALIZED
patch_start,patch_end,offset,limit,count-ms,lookup-mus,results
0,1,0,-2,530,837,12
0,2,0,-2,514,845,12
0,3,0,-2,516,854,15
0,4,0,-2,513,865,16
0,5,0,-2,517,868,17
0,6,0,-2,533,865,15
0,7,0,-2,515,858,9
1,2,0,-2,1038,865,20
1,3,0,-2,1042,867,14
1,4,0,-2,1042,891,20
1,5,0,-2,1061,890,18
1,6,0,-2,1089,904,18
1,7,0,-2,1060,895,14
2,3,0,-2,1046,875,18
2,4,0,-2,1047,885,14
2,5,0,-2,1054,895,18
2,6,0,-2,1077,905,18
2,7,0,-2,1050,902,16
3,4,0,-2,1052,894,22
3,5,0,-2,1070,890,16
3,6,0,-2,1067,897,20
3,7,0,-2,1028,886,14
4,5,0,-2,1025,881,14
4,6,0,-2,1450,889,16
4,7,0,-2,1026,890,18
5,6,0,-2,1042,895,20
5,7,0,-2,1026,887,16
6,7,0,-2,1044,888,18
--- ---VERSION
offset,limit,count-ms,lookup-mus,results
0,-2,417,1050,40
---PATTERN START: http://d.opencalais.com/er/company/ralg-tr1r/345d274d-533e-3473-a800-95b5319a75a5 http://s.opencalais.com/1/linkeddata/pred/competitor .
--- ---VERSION MATERIALIZED
patch,offset,limit,count-ms,lookup-mus,results
0,0,-2,4,24,12
1,0,-2,584,784,21
2,0,-2,514,771,22
3,0,-2,514,772,22
4,0,-2,512,770,22
5,0,-2,562,817,20
6,0,-2,551,809,21
7,0,-2,511,773,22
--- ---DELTA MATERIALIZED
patch_start,patch_end,offset,limit,count-ms,lookup-mus,results
0,1,0,-2,506,960,18
0,2,0,-2,507,990,20
0,3,0,-2,520,974,18
0,4,0,-2,518,977,18
0,5,0,-2,566,971,14
0,6,0,-2,557,974,14
0,7,0,-2,518,983,14
1,2,0,-2,1043,1013,22
1,3,0,-2,1034,1002,20
1,4,0,-2,1033,1010,20
1,5,0,-2,1093,1011,20
1,6,0,-2,1070,1005,16
1,7,0,-2,1044,1005,14
2,3,0,-2,1042,1002,20
2,4,0,-2,1047,1007,20
2,5,0,-2,1093,1004,20
2,6,0,-2,1071,999,18
2,7,0,-2,1031,1003,20
3,4,0,-2,1031,994,20
3,5,0,-2,1081,998,20
3,6,0,-2,1071,997,18
3,7,0,-2,1035,992,14
4,5,0,-2,1080,995,16
4,6,0,-2,1070,1001,20
4,7,0,-2,1059,1012,18
5,6,0,-2,1123,1009,18
5,7,0,-2,1104,1011,20
6,7,0,-2,1070,1010,18
--- ---VERSION
offset,limit,count-ms,lookup-mus,results
0,-2,456,1197,45
---PATTERN START: http://d.opencalais.com/er/company/ralg-tr1r/5e026e3f-b1a3-3038-b5fb-ab37d800f57b http://s.opencalais.com/1/linkeddata/pred/competitor .
--- ---VERSION MATERIALIZED
patch,offset,limit,count-ms,lookup-mus,results
0,0,-2,4,30,16
1,0,-2,630,996,27
2,0,-2,587,979,27
3,0,-2,617,978,26
4,0,-2,612,986,28
5,0,-2,584,965,27
6,0,-2,669,1045,26
7,0,-2,579,977,24
--- ---DELTA MATERIALIZED
patch_start,patch_end,offset,limit,count-ms,lookup-mus,results
0,1,0,-2,583,1094,22
0,2,0,-2,574,1102,22
0,3,0,-2,607,1107,20
0,4,0,-2,596,1110,23
0,5,0,-2,580,1104,20
0,6,0,-2,665,1099,16
0,7,0,-2,583,1090,10
1,2,0,-2,1159,1115,22
1,3,0,-2,1189,1116,22
1,4,0,-2,1171,1116,20
1,5,0,-2,1152,1137,26
1,6,0,-2,1233,1119,22
1,7,0,-2,1152,1117,22
2,3,0,-2,1173,1106,24
2,4,0,-2,1168,1110,20
2,5,0,-2,1149,1117,20
2,6,0,-2,1232,1117,24
2,7,0,-2,1154,1114,20
3,4,0,-2,1196,1103,20
3,5,0,-2,1166,1138,22
3,6,0,-2,1256,1146,22
3,7,0,-2,1178,1143,28
4,5,0,-2,1185,1131,20
4,6,0,-2,1257,1132,22
4,7,0,-2,1186,1134,22
5,6,0,-2,1240,1130,20
5,7,0,-2,1164,1132,22
6,7,0,-2,1277,1125,20
--- ---VERSION
offset,limit,count-ms,lookup-mus,results
0,-2,516,1344,49
---PATTERN START: http://d.opencalais.com/er/company/ralg-tr1r/7ec18c84-7f39-3647-be31-93db49155fd7 http://s.opencalais.com/1/linkeddata/pred/competitor .
--- ---VERSION MATERIALIZED
patch,offset,limit,count-ms,lookup-mus,results
0,0,-2,4,22,12
1,0,-2,488,734,22
2,0,-2,440,769,20
3,0,-2,445,724,19
4,0,-2,442,766,19
5,0,-2,449,733,22
6,0,-2,442,789,19
7,0,-2,518,799,18
--- ---DELTA MATERIALIZED
patch_start,patch_end,offset,limit,count-ms,lookup-mus,results
0,1,0,-2,444,825,20
0,2,0,-2,434,826,16
0,3,0,-2,443,827,14
0,4,0,-2,436,833,14
0,5,0,-2,446,837,17
0,6,0,-2,437,832,11
0,7,0,-2,505,820,6
1,2,0,-2,869,830,12
1,3,0,-2,889,848,16
1,4,0,-2,865,845,16
1,5,0,-2,862,835,14
1,6,0,-2,863,842,16
1,7,0,-2,930,843,20
2,3,0,-2,856,835,18
2,4,0,-2,841,842,16
2,5,0,-2,862,838,16
2,6,0,-2,858,838,14
2,7,0,-2,927,837,18
3,4,0,-2,858,840,18
3,5,0,-2,860,844,14
3,6,0,-2,857,872,18
3,7,0,-2,941,848,16
4,5,0,-2,871,857,18
4,6,0,-2,868,867,22
4,7,0,-2,928,850,18
5,6,0,-2,863,859,20
5,7,0,-2,938,849,16
6,7,0,-2,928,852,18
--- ---VERSION
offset,limit,count-ms,lookup-mus,results
0,-2,416,1046,37
---PATTERN START: http://d.opencalais.com/er/company/ralg-tr1r/0b52822b-c505-38aa-b72f-71089f79103e http://s.opencalais.com/1/linkeddata/pred/competitor .
--- ---VERSION MATERIALIZED
patch,offset,limit,count-ms,lookup-mus,results
0,0,-2,3,26,17
1,0,-2,710,1073,30
2,0,-2,588,1045,30
3,0,-2,671,1096,25
4,0,-2,599,982,29
5,0,-2,599,1017,26
6,0,-2,595,1008,27
7,0,-2,595,1013,27
--- ---DELTA MATERIALIZED
patch_start,patch_end,offset,limit,count-ms,lookup-mus,results
0,1,0,-2,656,1122,26
0,2,0,-2,589,1141,26
0,3,0,-2,664,1121,15
0,4,0,-2,595,1134,21
0,5,0,-2,582,1142,15
0,6,0,-2,591,1128,14
0,7,0,-2,593,1117,10
1,2,0,-2,1260,1152,22
1,3,0,-2,1322,1148,20
1,4,0,-2,1240,1157,22
1,5,0,-2,1246,1170,32
1,6,0,-2,1225,1151,26
1,7,0,-2,1233,1149,24
2,3,0,-2,1233,1137,24
2,4,0,-2,1167,1141,24
2,5,0,-2,1169,1141,22
2,6,0,-2,1166,1150,24
2,7,0,-2,1167,1147,24
3,4,0,-2,1231,1144,24
3,5,0,-2,1241,1190,18
3,6,0,-2,1255,1170,24
3,7,0,-2,1237,1162,20
4,5,0,-2,1175,1155,20
4,6,0,-2,1189,1166,22
4,7,0,-2,1168,1166,24
5,6,0,-2,1175,1158,18
5,7,0,-2,1173,1165,20
6,7,0,-2,1170,1151,26
--- ---VERSION
offset,limit,count-ms,lookup-mus,results
0,-2,556,1361,49
---PATTERN START: http://d.opencalais.com/er/company/ralg-tr1r/bd8540df-a13f-360c-9e28-64b55adde9c8 http://s.opencalais.com/1/linkeddata/pred/competitor .
--- ---VERSION MATERIALIZED
patch,offset,limit,count-ms,lookup-mus,results
0,0,-2,4,23,16
1,0,-2,563,853,24
2,0,-2,515,889,26
3,0,-2,544,843,24
4,0,-2,514,839,26
5,0,-2,514,800,24
6,0,-2,515,911,24
7,0,-2,544,873,26
--- ---DELTA MATERIALIZED
patch_start,patch_end,offset,limit,count-ms,lookup-mus,results
0,1,0,-2,519,946,16
0,2,0,-2,505,966,20
0,3,0,-2,543,972,16
0,4,0,-2,512,987,20
0,5,0,-2,512,980,15
0,6,0,-2,513,979,11
0,7,0,-2,538,969,11
1,2,0,-2,997,951,16
1,3,0,-2,1031,1004,18
1,4,0,-2,1012,977,18
1,5,0,-2,1008,989,20
1,6,0,-2,1005,993,18
1,7,0,-2,1031,997,20
2,3,0,-2,1032,971,20
2,4,0,-2,1008,985,22
2,5,0,-2,1010,988,20
2,6,0,-2,1010,997,18
2,7,0,-2,1039,1009,20
3,4,0,-2,1039,989,14
3,5,0,-2,1046,1001,20
3,6,0,-2,1042,1002,20
3,7,0,-2,1074,1001,18
4,5,0,-2,1015,992,18
4,6,0,-2,1021,1006,20
4,7,0,-2,1041,1008,20
5,6,0,-2,1013,1017,28
5,7,0,-2,1028,999,22
6,7,0,-2,1035,992,18
--- ---VERSION
offset,limit,count-ms,lookup-mus,results
0,-2,473,1121,43
