---PATTERN START: http://aigp.csres.utexas.edu/~aigp/researcher/show/3470  .
--- ---VERSION MATERIALIZED
patch,offset,limit,count-ms,lookup-mus,results
0,0,-2,6,21,6
1,0,-2,590,806,6
2,0,-2,545,806,6
3,0,-2,542,802,6
4,0,-2,544,810,6
5,0,-2,543,805,6
6,0,-2,547,807,6
7,0,-2,547,818,6
--- ---DELTA MATERIALIZED
patch_start,patch_end,offset,limit,count-ms,lookup-mus,results
0,1,0,-2,538,605,6
0,2,0,-2,531,607,6
0,3,0,-2,535,614,6
0,4,0,-2,534,614,6
0,5,0,-2,536,616,6
0,6,0,-2,532,618,6
0,7,0,-2,537,622,6
1,2,0,-2,1057,606,6
1,3,0,-2,1076,618,6
1,4,0,-2,1071,619,6
1,5,0,-2,1065,621,6
1,6,0,-2,1067,626,6
1,7,0,-2,1075,633,6
2,3,0,-2,1059,617,6
2,4,0,-2,1070,617,6
2,5,0,-2,1070,620,6
2,6,0,-2,1085,625,6
2,7,0,-2,1077,634,6
3,4,0,-2,1054,618,6
3,5,0,-2,1057,624,6
3,6,0,-2,1060,631,6
3,7,0,-2,1059,634,6
4,5,0,-2,1069,623,6
4,6,0,-2,1078,627,6
4,7,0,-2,1062,635,6
5,6,0,-2,1060,628,6
5,7,0,-2,1060,632,6
6,7,0,-2,1060,635,6
--- ---VERSION
offset,limit,count-ms,lookup-mus,results
0,-2,328,1069,27
---PATTERN START: http://bnb.data.bl.uk/doc/resource/006893251.html?_metadata=all,views,formats,execution,bindings&_view=publicationViewer  .
--- ---VERSION MATERIALIZED
patch,offset,limit,count-ms,lookup-mus,results
0,0,-2,4,24,8
1,0,-2,321,444,8
2,0,-2,260,442,8
3,0,-2,259,445,8
4,0,-2,259,461,8
5,0,-2,264,476,8
6,0,-2,265,474,8
7,0,-2,266,479,8
--- ---DELTA MATERIALIZED
patch_start,patch_end,offset,limit,count-ms,lookup-mus,results
0,1,0,-2,258,285,4
0,2,0,-2,260,286,4
0,3,0,-2,259,291,4
0,4,0,-2,260,294,4
0,5,0,-2,260,294,4
0,6,0,-2,260,296,4
0,7,0,-2,259,298,4
1,2,0,-2,513,292,4
1,3,0,-2,514,293,4
1,4,0,-2,515,296,4
1,5,0,-2,514,301,4
1,6,0,-2,513,302,4
1,7,0,-2,514,304,4
2,3,0,-2,510,295,4
2,4,0,-2,515,296,4
2,5,0,-2,515,301,4
2,6,0,-2,515,303,4
2,7,0,-2,515,304,4
3,4,0,-2,513,297,4
3,5,0,-2,516,300,4
3,6,0,-2,517,301,4
3,7,0,-2,516,302,4
4,5,0,-2,513,299,4
4,6,0,-2,517,300,4
4,7,0,-2,515,302,4
5,6,0,-2,518,300,4
5,7,0,-2,517,303,4
6,7,0,-2,516,303,4
--- ---VERSION
offset,limit,count-ms,lookup-mus,results
0,-2,149,596,22
---PATTERN START: http://berrueta.net/main/about-me-and-this-site#twitterAccount  .
--- ---VERSION MATERIALIZED
patch,offset,limit,count-ms,lookup-mus,results
0,0,-2,3,16,5
1,0,-2,552,596,5
2,0,-2,477,603,5
3,0,-2,480,603,5
4,0,-2,482,606,5
5,0,-2,484,607,5
6,0,-2,480,602,5
7,0,-2,477,604,5
--- ---DELTA MATERIALIZED
patch_start,patch_end,offset,limit,count-ms,lookup-mus,results
0,1,0,-2,468,495,4
0,2,0,-2,475,488,4
0,3,0,-2,464,492,4
0,4,0,-2,467,505,4
0,5,0,-2,470,504,4
0,6,0,-2,472,512,4
0,7,0,-2,471,507,4
1,2,0,-2,936,488,4
1,3,0,-2,933,485,4
1,4,0,-2,933,497,4
1,5,0,-2,936,506,4
1,6,0,-2,946,509,4
1,7,0,-2,895,497,4
2,3,0,-2,892,479,4
2,4,0,-2,899,485,4
2,5,0,-2,899,488,4
2,6,0,-2,898,491,4
2,7,0,-2,895,495,4
3,4,0,-2,895,507,4
3,5,0,-2,907,490,4
3,6,0,-2,898,493,4
3,7,0,-2,896,495,4
4,5,0,-2,898,488,4
4,6,0,-2,902,492,4
4,7,0,-2,896,496,4
5,6,0,-2,895,490,4
5,7,0,-2,899,496,4
6,7,0,-2,896,494,4
--- ---VERSION
offset,limit,count-ms,lookup-mus,results
0,-2,263,708,19
---PATTERN START: http://dublincore.org  .
--- ---VERSION MATERIALIZED
patch,offset,limit,count-ms,lookup-mus,results
0,0,-2,6,32,9
1,0,-2,371,589,9
2,0,-2,264,575,11
3,0,-2,252,573,11
4,0,-2,237,527,11
5,0,-2,225,515,11
6,0,-2,206,499,12
7,0,-2,193,482,11
--- ---DELTA MATERIALIZED
patch_start,patch_end,offset,limit,count-ms,lookup-mus,results
0,1,0,-2,275,320,4
0,2,0,-2,261,324,6
0,3,0,-2,247,334,8
0,4,0,-2,232,335,8
0,5,0,-2,219,338,8
0,6,0,-2,202,342,9
0,7,0,-2,188,343,8
1,2,0,-2,532,321,2
1,3,0,-2,519,338,8
1,4,0,-2,504,340,8
1,5,0,-2,491,343,8
1,6,0,-2,475,349,9
1,7,0,-2,460,351,8
2,3,0,-2,503,333,6
2,4,0,-2,497,342,10
2,5,0,-2,475,346,10
2,6,0,-2,459,351,11
2,7,0,-2,446,353,10
3,4,0,-2,477,333,4
3,5,0,-2,469,344,8
3,6,0,-2,454,353,9
3,7,0,-2,439,356,10
4,5,0,-2,454,339,4
4,6,0,-2,439,351,9
4,7,0,-2,424,356,10
5,6,0,-2,423,344,5
5,7,0,-2,410,356,10
6,7,0,-2,393,349,5
--- ---VERSION
offset,limit,count-ms,lookup-mus,results
0,-2,165,831,25
---PATTERN START: http://aigp.csres.utexas.edu/~aigp/researcher/show/103  .
--- ---VERSION MATERIALIZED
patch,offset,limit,count-ms,lookup-mus,results
0,0,-2,8,20,7
1,0,-2,679,857,7
2,0,-2,574,818,10
3,0,-2,531,777,10
4,0,-2,511,753,10
5,0,-2,485,729,10
6,0,-2,464,706,10
7,0,-2,441,684,10
--- ---DELTA MATERIALIZED
patch_start,patch_end,offset,limit,count-ms,lookup-mus,results
0,1,0,-2,614,685,6
0,2,0,-2,568,692,9
0,3,0,-2,530,695,9
0,4,0,-2,505,698,9
0,5,0,-2,484,705,9
0,6,0,-2,460,704,9
0,7,0,-2,439,709,9
1,2,0,-2,1181,688,3
1,3,0,-2,1135,699,9
1,4,0,-2,1115,704,9
1,5,0,-2,1094,707,9
1,6,0,-2,1071,730,9
1,7,0,-2,1080,736,9
2,3,0,-2,1120,716,6
2,4,0,-2,1105,729,12
2,5,0,-2,1085,731,12
2,6,0,-2,1040,735,12
2,7,0,-2,1026,756,12
3,4,0,-2,1043,712,6
3,5,0,-2,1027,733,12
3,6,0,-2,991,737,12
3,7,0,-2,975,738,12
4,5,0,-2,991,724,6
4,6,0,-2,971,735,12
4,7,0,-2,961,739,12
5,6,0,-2,959,728,6
5,7,0,-2,925,746,12
6,7,0,-2,904,734,6
--- ---VERSION
offset,limit,count-ms,lookup-mus,results
0,-2,426,1014,28
---PATTERN START: http://bnb.data.bl.uk/doc/resource/006893251.html?_metadata=all,views,formats,execution,bindings&_view=all  .
--- ---VERSION MATERIALIZED
patch,offset,limit,count-ms,lookup-mus,results
0,0,-2,3,16,8
1,0,-2,278,464,8
2,0,-2,263,468,8
3,0,-2,264,468,8
4,0,-2,266,463,8
5,0,-2,269,465,8
6,0,-2,266,467,8
7,0,-2,265,467,8
--- ---DELTA MATERIALIZED
patch_start,patch_end,offset,limit,count-ms,lookup-mus,results
0,1,0,-2,261,288,4
0,2,0,-2,259,293,4
0,3,0,-2,259,293,4
0,4,0,-2,260,295,4
0,5,0,-2,260,301,4
0,6,0,-2,261,300,4
0,7,0,-2,261,300,4
1,2,0,-2,513,293,4
1,3,0,-2,516,295,4
1,4,0,-2,515,300,4
1,5,0,-2,516,302,4
1,6,0,-2,519,305,4
1,7,0,-2,518,307,4
2,3,0,-2,512,295,4
2,4,0,-2,519,299,4
2,5,0,-2,517,304,4
2,6,0,-2,515,304,4
2,7,0,-2,517,308,4
3,4,0,-2,515,299,4
3,5,0,-2,518,303,4
3,6,0,-2,520,306,4
3,7,0,-2,515,309,4
4,5,0,-2,514,304,4
4,6,0,-2,518,306,4
4,7,0,-2,516,309,4
5,6,0,-2,515,307,4
5,7,0,-2,517,309,4
6,7,0,-2,515,306,4
--- ---VERSION
offset,limit,count-ms,lookup-mus,results
0,-2,147,575,22
---PATTERN START: http://berrueta.net/main/about-me-and-this-site#slideshareAccount  .
--- ---VERSION MATERIALIZED
patch,offset,limit,count-ms,lookup-mus,results
0,0,-2,3,13,5
1,0,-2,267,378,5
2,0,-2,256,377,5
3,0,-2,255,380,5
4,0,-2,257,378,5
5,0,-2,256,377,5
6,0,-2,265,378,5
7,0,-2,257,382,5
--- ---DELTA MATERIALIZED
patch_start,patch_end,offset,limit,count-ms,lookup-mus,results
0,1,0,-2,251,275,4
0,2,0,-2,251,277,4
0,3,0,-2,253,280,4
0,4,0,-2,252,284,4
0,5,0,-2,252,284,4
0,6,0,-2,254,285,4
0,7,0,-2,252,289,4
1,2,0,-2,498,281,4
1,3,0,-2,497,283,4
1,4,0,-2,499,288,4
1,5,0,-2,499,289,4
1,6,0,-2,498,292,4
1,7,0,-2,498,295,4
2,3,0,-2,499,285,4
2,4,0,-2,498,287,4
2,5,0,-2,498,288,4
2,6,0,-2,499,293,4
2,7,0,-2,500,295,4
3,4,0,-2,500,286,4
3,5,0,-2,499,289,4
3,6,0,-2,502,292,4
3,7,0,-2,500,293,4
4,5,0,-2,506,293,4
4,6,0,-2,509,297,4
4,7,0,-2,507,300,4
5,6,0,-2,506,298,4
5,7,0,-2,507,301,4
6,7,0,-2,507,300,4
--- ---VERSION
offset,limit,count-ms,lookup-mus,results
0,-2,143,504,19
---PATTERN START: http://aigp.csres.utexas.edu/~aigp/researcher/show/535  .
--- ---VERSION MATERIALIZED
patch,offset,limit,count-ms,lookup-mus,results
0,0,-2,4,17,6
1,0,-2,651,783,6
2,0,-2,589,783,6
3,0,-2,585,783,6
4,0,-2,589,782,6
5,0,-2,588,799,6
6,0,-2,587,782,6
7,0,-2,588,784,6
--- ---DELTA MATERIALIZED
patch_start,patch_end,offset,limit,count-ms,lookup-mus,results
0,1,0,-2,580,638,6
0,2,0,-2,580,644,6
0,3,0,-2,581,646,6
0,4,0,-2,582,648,6
0,5,0,-2,580,654,6
0,6,0,-2,584,655,6
0,7,0,-2,582,659,6
1,2,0,-2,1159,643,6
1,3,0,-2,1160,649,6
1,4,0,-2,1157,656,6
1,5,0,-2,1156,664,6
1,6,0,-2,1168,679,6
1,7,0,-2,1170,678,6
2,3,0,-2,1166,656,6
2,4,0,-2,1165,662,6
2,5,0,-2,1167,669,6
2,6,0,-2,1168,680,6
2,7,0,-2,1168,677,6
3,4,0,-2,1166,661,6
3,5,0,-2,1167,668,6
3,6,0,-2,1169,671,6
3,7,0,-2,1167,675,6
4,5,0,-2,1175,669,6
4,6,0,-2,1168,680,6
4,7,0,-2,1169,676,6
5,6,0,-2,1176,671,6
5,7,0,-2,1168,684,6
6,7,0,-2,1166,676,6
--- ---VERSION
offset,limit,count-ms,lookup-mus,results
0,-2,383,1011,27
---PATTERN START: http://bnb.data.bl.uk/doc/resource/006893251.xml?_metadata=all,views,formats,execution,bindings&_view=all  .
--- ---VERSION MATERIALIZED
patch,offset,limit,count-ms,lookup-mus,results
0,0,-2,4,18,8
1,0,-2,286,440,8
2,0,-2,260,441,8
3,0,-2,265,439,8
4,0,-2,264,448,8
5,0,-2,266,454,8
6,0,-2,266,451,8
7,0,-2,264,456,8
--- ---DELTA MATERIALIZED
patch_start,patch_end,offset,limit,count-ms,lookup-mus,results
0,1,0,-2,259,286,4
0,2,0,-2,259,286,4
0,3,0,-2,259,288,4
0,4,0,-2,258,293,4
0,5,0,-2,259,292,4
0,6,0,-2,262,294,4
0,7,0,-2,258,296,4
1,2,0,-2,511,286,4
1,3,0,-2,513,292,4
1,4,0,-2,515,296,4
1,5,0,-2,514,297,4
1,6,0,-2,518,299,4
1,7,0,-2,513,303,4
2,3,0,-2,512,291,4
2,4,0,-2,518,295,4
2,5,0,-2,514,299,4
2,6,0,-2,515,299,4
2,7,0,-2,516,305,4
3,4,0,-2,522,295,4
3,5,0,-2,516,298,4
3,6,0,-2,517,300,4
3,7,0,-2,513,303,4
4,5,0,-2,517,297,4
4,6,0,-2,517,301,4
4,7,0,-2,518,303,4
5,6,0,-2,516,301,4
5,7,0,-2,518,304,4
6,7,0,-2,517,305,4
--- ---VERSION
offset,limit,count-ms,lookup-mus,results
0,-2,148,548,22
---PATTERN START: http://aigp.csres.utexas.edu/~aigp/researcher/show/2261  .
--- ---VERSION MATERIALIZED
patch,offset,limit,count-ms,lookup-mus,results
0,0,-2,4,15,7
1,0,-2,420,583,7
2,0,-2,391,555,7
3,0,-2,382,556,7
4,0,-2,381,571,7
5,0,-2,382,577,7
6,0,-2,382,583,7
7,0,-2,384,572,7
--- ---DELTA MATERIALIZED
patch_start,patch_end,offset,limit,count-ms,lookup-mus,results
0,1,0,-2,378,416,6
0,2,0,-2,384,417,6
0,3,0,-2,379,423,6
0,4,0,-2,381,425,6
0,5,0,-2,380,427,6
0,6,0,-2,387,430,6
0,7,0,-2,381,434,6
1,2,0,-2,749,430,6
1,3,0,-2,752,427,6
1,4,0,-2,751,433,6
1,5,0,-2,761,436,6
1,6,0,-2,754,441,6
1,7,0,-2,761,443,6
2,3,0,-2,752,427,6
2,4,0,-2,755,431,6
2,5,0,-2,761,437,6
2,6,0,-2,756,439,6
2,7,0,-2,758,447,6
3,4,0,-2,754,431,6
3,5,0,-2,753,438,6
3,6,0,-2,755,439,6
3,7,0,-2,755,444,6
4,5,0,-2,756,435,6
4,6,0,-2,753,441,6
4,7,0,-2,757,440,6
5,6,0,-2,749,432,6
5,7,0,-2,750,436,6
6,7,0,-2,748,437,6
--- ---VERSION
offset,limit,count-ms,lookup-mus,results
0,-2,209,793,28
---PATTERN START: http://bnb.data.bl.uk/doc/resource/006893251.xml?_metadata=all,views,formats,execution,bindings&_view=resourceViewer  .
--- ---VERSION MATERIALIZED
patch,offset,limit,count-ms,lookup-mus,results
0,0,-2,3,15,8
1,0,-2,284,431,8
2,0,-2,267,434,8
3,0,-2,268,439,8
4,0,-2,270,432,8
5,0,-2,270,432,8
6,0,-2,269,431,8
7,0,-2,269,431,8
--- ---DELTA MATERIALIZED
patch_start,patch_end,offset,limit,count-ms,lookup-mus,results
0,1,0,-2,261,281,4
0,2,0,-2,262,282,4
0,3,0,-2,265,285,4
0,4,0,-2,266,291,4
0,5,0,-2,265,291,4
0,6,0,-2,266,295,4
0,7,0,-2,265,299,4
1,2,0,-2,522,288,4
1,3,0,-2,521,292,4
1,4,0,-2,525,295,4
1,5,0,-2,525,300,4
1,6,0,-2,526,301,4
1,7,0,-2,528,304,4
2,3,0,-2,525,290,4
2,4,0,-2,525,295,4
2,5,0,-2,528,298,4
2,6,0,-2,532,301,4
2,7,0,-2,526,303,4
3,4,0,-2,526,294,4
3,5,0,-2,526,298,4
3,6,0,-2,526,301,4
3,7,0,-2,527,302,4
4,5,0,-2,528,298,4
4,6,0,-2,525,302,4
4,7,0,-2,528,302,4
5,6,0,-2,527,296,4
5,7,0,-2,524,300,4
6,7,0,-2,525,301,4
--- ---VERSION
offset,limit,count-ms,lookup-mus,results
0,-2,147,551,22
---PATTERN START: http://aigp.csres.utexas.edu/~aigp/researcher/show/4345  .
--- ---VERSION MATERIALIZED
patch,offset,limit,count-ms,lookup-mus,results
0,0,-2,3,13,5
1,0,-2,774,952,5
2,0,-2,723,937,5
3,0,-2,724,938,5
4,0,-2,728,940,5
5,0,-2,724,941,5
6,0,-2,725,941,5
7,0,-2,724,938,5
--- ---DELTA MATERIALIZED
patch_start,patch_end,offset,limit,count-ms,lookup-mus,results
0,1,0,-2,716,791,6
0,2,0,-2,728,799,6
0,3,0,-2,715,800,6
0,4,0,-2,718,805,6
0,5,0,-2,717,806,6
0,6,0,-2,720,811,6
0,7,0,-2,717,813,6
1,2,0,-2,1426,806,6
1,3,0,-2,1425,804,6
1,4,0,-2,1428,811,6
1,5,0,-2,1429,813,6
1,6,0,-2,1432,823,6
1,7,0,-2,1431,823,6
2,3,0,-2,1428,805,6
2,4,0,-2,1437,811,6
2,5,0,-2,1431,816,6
2,6,0,-2,1430,822,6
2,7,0,-2,1431,823,6
3,4,0,-2,1429,803,6
3,5,0,-2,1429,807,6
3,6,0,-2,1428,811,6
3,7,0,-2,1429,818,6
4,5,0,-2,1429,809,6
4,6,0,-2,1430,812,6
4,7,0,-2,1431,818,6
5,6,0,-2,1428,812,6
5,7,0,-2,1431,817,6
6,7,0,-2,1430,815,6
--- ---VERSION
offset,limit,count-ms,lookup-mus,results
0,-2,456,1147,26
---PATTERN START: http://bnb.data.bl.uk/doc/resource/006893251.json?_metadata=all,views,formats,execution,bindings&_view=resourceViewer  .
--- ---VERSION MATERIALIZED
patch,offset,limit,count-ms,lookup-mus,results
0,0,-2,3,22,8
1,0,-2,290,486,8
2,0,-2,276,472,8
3,0,-2,279,495,8
4,0,-2,280,506,8
5,0,-2,280,497,8
6,0,-2,281,496,8
7,0,-2,281,495,8
--- ---DELTA MATERIALIZED
patch_start,patch_end,offset,limit,count-ms,lookup-mus,results
0,1,0,-2,273,306,4
0,2,0,-2,276,307,4
0,3,0,-2,275,311,4
0,4,0,-2,276,313,4
0,5,0,-2,276,314,4
0,6,0,-2,277,315,4
0,7,0,-2,275,320,4
1,2,0,-2,545,311,4
1,3,0,-2,547,313,4
1,4,0,-2,552,317,4
1,5,0,-2,548,318,4
1,6,0,-2,546,322,4
1,7,0,-2,547,324,4
2,3,0,-2,548,311,4
2,4,0,-2,547,314,4
2,5,0,-2,539,312,4
2,6,0,-2,538,314,4
2,7,0,-2,538,318,4
3,4,0,-2,537,309,4
3,5,0,-2,537,311,4
3,6,0,-2,537,315,4
3,7,0,-2,553,326,4
4,5,0,-2,549,308,4
4,6,0,-2,538,314,4
4,7,0,-2,540,317,4
5,6,0,-2,541,312,4
5,7,0,-2,540,315,4
6,7,0,-2,541,316,4
--- ---VERSION
offset,limit,count-ms,lookup-mus,results
0,-2,153,600,22
---PATTERN START: http://aigp.csres.utexas.edu/~aigp/researcher/show/2532  .
--- ---VERSION MATERIALIZED
patch,offset,limit,count-ms,lookup-mus,results
0,0,-2,4,14,6
1,0,-2,501,632,6
2,0,-2,447,631,6
3,0,-2,447,632,6
4,0,-2,449,630,6
5,0,-2,449,633,6
6,0,-2,449,633,6
7,0,-2,452,642,6
--- ---DELTA MATERIALIZED
patch_start,patch_end,offset,limit,count-ms,lookup-mus,results
0,1,0,-2,442,490,6
0,2,0,-2,444,495,6
0,3,0,-2,447,498,6
0,4,0,-2,447,500,6
0,5,0,-2,447,506,6
0,6,0,-2,447,509,6
0,7,0,-2,446,513,6
1,2,0,-2,887,492,6
1,3,0,-2,881,496,6
1,4,0,-2,883,500,6
1,5,0,-2,884,507,6
1,6,0,-2,883,512,6
1,7,0,-2,885,515,6
2,3,0,-2,884,503,6
2,4,0,-2,883,502,6
2,5,0,-2,884,508,6
2,6,0,-2,883,511,6
2,7,0,-2,1297,517,6
3,4,0,-2,884,500,6
3,5,0,-2,887,505,6
3,6,0,-2,885,512,6
3,7,0,-2,885,516,6
4,5,0,-2,887,505,6
4,6,0,-2,885,512,6
4,7,0,-2,888,516,6
5,6,0,-2,891,518,6
5,7,0,-2,889,521,6
6,7,0,-2,893,520,6
--- ---VERSION
offset,limit,count-ms,lookup-mus,results
0,-2,279,912,27
---PATTERN START: http://bnb.data.bl.uk/doc/resource/006893251.json?_metadata=all,views,formats,execution,bindings&_view=all  .
--- ---VERSION MATERIALIZED
patch,offset,limit,count-ms,lookup-mus,results
0,0,-2,3,20,8
1,0,-2,310,498,8
2,0,-2,287,502,8
3,0,-2,287,501,8
4,0,-2,290,497,8
5,0,-2,288,500,8
6,0,-2,287,502,8
7,0,-2,290,503,8
--- ---DELTA MATERIALIZED
patch_start,patch_end,offset,limit,count-ms,lookup-mus,results
0,1,0,-2,280,311,4
0,2,0,-2,280,314,4
0,3,0,-2,281,319,4
0,4,0,-2,282,311,4
0,5,0,-2,277,312,4
0,6,0,-2,276,314,4
0,7,0,-2,276,319,4
1,2,0,-2,547,307,4
1,3,0,-2,546,311,4
1,4,0,-2,546,316,4
1,5,0,-2,548,317,4
1,6,0,-2,547,318,4
1,7,0,-2,548,323,4
2,3,0,-2,548,310,4
2,4,0,-2,548,315,4
2,5,0,-2,550,315,4
2,6,0,-2,549,320,4
2,7,0,-2,548,322,4
3,4,0,-2,551,314,4
3,5,0,-2,547,317,4
3,6,0,-2,546,322,4
3,7,0,-2,547,323,4
4,5,0,-2,552,315,4
4,6,0,-2,550,320,4
4,7,0,-2,548,321,4
5,6,0,-2,553,319,4
5,7,0,-2,550,323,4
6,7,0,-2,565,328,4
--- ---VERSION
offset,limit,count-ms,lookup-mus,results
0,-2,160,617,22
---PATTERN START: http://aigp.csres.utexas.edu/~aigp/researcher/show/928  .
--- ---VERSION MATERIALIZED
patch,offset,limit,count-ms,lookup-mus,results
0,0,-2,4,17,6
1,0,-2,504,649,6
2,0,-2,457,650,6
3,0,-2,459,647,6
4,0,-2,460,648,6
5,0,-2,457,640,6
6,0,-2,458,639,6
7,0,-2,458,640,6
--- ---DELTA MATERIALIZED
patch_start,patch_end,offset,limit,count-ms,lookup-mus,results
0,1,0,-2,448,489,6
0,2,0,-2,452,492,6
0,3,0,-2,451,496,6
0,4,0,-2,451,502,6
0,5,0,-2,450,506,6
0,6,0,-2,452,515,6
0,7,0,-2,453,510,6
1,2,0,-2,895,495,6
1,3,0,-2,896,502,6
1,4,0,-2,897,504,6
1,5,0,-2,898,509,6
1,6,0,-2,899,516,6
1,7,0,-2,899,519,6
2,3,0,-2,899,500,6
2,4,0,-2,897,506,6
2,5,0,-2,899,511,6
2,6,0,-2,897,518,6
2,7,0,-2,898,520,6
3,4,0,-2,899,504,6
3,5,0,-2,905,517,6
3,6,0,-2,903,524,6
3,7,0,-2,902,529,6
4,5,0,-2,903,517,6
4,6,0,-2,906,523,6
4,7,0,-2,903,528,6
5,6,0,-2,907,522,6
5,7,0,-2,905,529,6
6,7,0,-2,903,525,6
--- ---VERSION
offset,limit,count-ms,lookup-mus,results
0,-2,287,929,27
---PATTERN START: http://bnb.data.bl.uk/doc/resource/006893251.html?_metadata=all,views,formats,execution,bindings&_view=resourceViewer  .
--- ---VERSION MATERIALIZED
patch,offset,limit,count-ms,lookup-mus,results
0,0,-2,3,15,8
1,0,-2,296,469,8
2,0,-2,280,470,8
3,0,-2,280,468,8
4,0,-2,281,475,8
5,0,-2,284,469,8
6,0,-2,285,468,8
7,0,-2,283,468,8
--- ---DELTA MATERIALIZED
patch_start,patch_end,offset,limit,count-ms,lookup-mus,results
0,1,0,-2,277,304,4
0,2,0,-2,277,309,4
0,3,0,-2,277,311,4
0,4,0,-2,278,312,4
0,5,0,-2,279,313,4
0,6,0,-2,278,319,4
0,7,0,-2,279,321,4
1,2,0,-2,549,310,4
1,3,0,-2,549,315,4
1,4,0,-2,549,317,4
1,5,0,-2,549,321,4
1,6,0,-2,552,322,4
1,7,0,-2,552,325,4
2,3,0,-2,552,313,4
2,4,0,-2,552,315,4
2,5,0,-2,552,320,4
2,6,0,-2,551,322,4
2,7,0,-2,555,326,4
3,4,0,-2,552,326,4
3,5,0,-2,560,330,4
3,6,0,-2,561,333,4
3,7,0,-2,561,335,4
4,5,0,-2,564,329,4
4,6,0,-2,563,330,4
4,7,0,-2,561,334,4
5,6,0,-2,563,332,4
5,7,0,-2,563,335,4
6,7,0,-2,561,335,4
--- ---VERSION
offset,limit,count-ms,lookup-mus,results
0,-2,147,598,22
---PATTERN START: http://aigp.csres.utexas.edu/~aigp/researcher/show/677  .
--- ---VERSION MATERIALIZED
patch,offset,limit,count-ms,lookup-mus,results
0,0,-2,4,14,5
1,0,-2,728,880,5
2,0,-2,683,886,5
3,0,-2,684,871,5
4,0,-2,682,871,5
5,0,-2,682,871,5
6,0,-2,684,870,5
7,0,-2,684,871,5
--- ---DELTA MATERIALIZED
patch_start,patch_end,offset,limit,count-ms,lookup-mus,results
0,1,0,-2,675,729,6
0,2,0,-2,678,731,6
0,3,0,-2,676,735,6
0,4,0,-2,679,739,6
0,5,0,-2,678,742,6
0,6,0,-2,679,743,6
0,7,0,-2,679,746,6
1,2,0,-2,1349,743,6
1,3,0,-2,1357,739,6
1,4,0,-2,1349,742,6
1,5,0,-2,1353,747,6
1,6,0,-2,1352,759,6
1,7,0,-2,1362,765,6
2,3,0,-2,1354,747,6
2,4,0,-2,1355,752,6
2,5,0,-2,1352,760,6
2,6,0,-2,1359,764,6
2,7,0,-2,1357,765,6
3,4,0,-2,1353,751,6
3,5,0,-2,1355,758,6
3,6,0,-2,1357,763,6
3,7,0,-2,1355,768,6
4,5,0,-2,1358,759,6
4,6,0,-2,1354,766,6
4,7,0,-2,1356,768,6
5,6,0,-2,1365,762,6
5,7,0,-2,1354,766,6
6,7,0,-2,1356,767,6
--- ---VERSION
offset,limit,count-ms,lookup-mus,results
0,-2,405,1129,26
---PATTERN START: http://bnb.data.bl.uk/doc/resource/006893251.json?_metadata=all,views,formats,execution,bindings&_view=publicationViewer  .
--- ---VERSION MATERIALIZED
patch,offset,limit,count-ms,lookup-mus,results
0,0,-2,3,18,8
1,0,-2,265,458,8
2,0,-2,264,457,8
3,0,-2,263,455,8
4,0,-2,266,456,8
5,0,-2,268,457,8
6,0,-2,267,458,8
7,0,-2,265,457,8
--- ---DELTA MATERIALIZED
patch_start,patch_end,offset,limit,count-ms,lookup-mus,results
0,1,0,-2,258,286,4
0,2,0,-2,262,290,4
0,3,0,-2,261,288,4
0,4,0,-2,260,292,4
0,5,0,-2,259,295,4
0,6,0,-2,260,294,4
0,7,0,-2,263,297,4
1,2,0,-2,517,289,4
1,3,0,-2,516,290,4
1,4,0,-2,515,297,4
1,5,0,-2,524,304,4
1,6,0,-2,528,308,4
1,7,0,-2,527,310,4
2,3,0,-2,527,299,4
2,4,0,-2,546,311,4
2,5,0,-2,534,305,4
2,6,0,-2,527,309,4
2,7,0,-2,527,312,4
3,4,0,-2,525,302,4
3,5,0,-2,527,307,4
3,6,0,-2,529,308,4
3,7,0,-2,527,311,4
4,5,0,-2,526,309,4
4,6,0,-2,526,309,4
4,7,0,-2,526,311,4
5,6,0,-2,527,310,4
5,7,0,-2,526,312,4
6,7,0,-2,524,311,4
--- ---VERSION
offset,limit,count-ms,lookup-mus,results
0,-2,151,622,22
---PATTERN START: http://aigp.csres.utexas.edu/~aigp/researcher/show/1218  .
--- ---VERSION MATERIALIZED
patch,offset,limit,count-ms,lookup-mus,results
0,0,-2,6,20,7
1,0,-2,493,672,7
2,0,-2,453,660,7
3,0,-2,452,663,7
4,0,-2,454,676,7
5,0,-2,457,673,7
6,0,-2,455,677,7
7,0,-2,458,674,7
--- ---DELTA MATERIALIZED
patch_start,patch_end,offset,limit,count-ms,lookup-mus,results
0,1,0,-2,449,501,6
0,2,0,-2,448,504,6
0,3,0,-2,449,511,6
0,4,0,-2,452,511,6
0,5,0,-2,453,517,6
0,6,0,-2,450,520,6
0,7,0,-2,448,523,6
1,2,0,-2,890,510,6
1,3,0,-2,892,512,6
1,4,0,-2,894,517,6
1,5,0,-2,893,522,6
1,6,0,-2,895,529,6
1,7,0,-2,893,533,6
2,3,0,-2,894,513,6
2,4,0,-2,894,520,6
2,5,0,-2,894,538,6
2,6,0,-2,902,529,6
2,7,0,-2,897,532,6
3,4,0,-2,900,516,6
3,5,0,-2,894,524,6
3,6,0,-2,893,530,6
3,7,0,-2,896,533,6
4,5,0,-2,897,522,6
4,6,0,-2,897,530,6
4,7,0,-2,897,531,6
5,6,0,-2,893,521,6
5,7,0,-2,900,525,6
6,7,0,-2,893,525,6
--- ---VERSION
offset,limit,count-ms,lookup-mus,results
0,-2,237,913,28
---PATTERN START: http://bnb.data.bl.uk/doc/resource/006893251.xml?_metadata=all,views,formats,execution,bindings&_view=publicationViewer  .
--- ---VERSION MATERIALIZED
patch,offset,limit,count-ms,lookup-mus,results
0,0,-2,3,15,8
1,0,-2,270,423,8
2,0,-2,262,423,8
3,0,-2,259,424,8
4,0,-2,260,425,8
5,0,-2,259,425,8
6,0,-2,259,425,8
7,0,-2,263,434,8
--- ---DELTA MATERIALIZED
patch_start,patch_end,offset,limit,count-ms,lookup-mus,results
0,1,0,-2,256,276,4
0,2,0,-2,254,282,4
0,3,0,-2,257,281,4
0,4,0,-2,257,285,4
0,5,0,-2,257,286,4
0,6,0,-2,256,290,4
0,7,0,-2,257,289,4
1,2,0,-2,507,280,4
1,3,0,-2,507,284,4
1,4,0,-2,507,287,4
1,5,0,-2,507,290,4
1,6,0,-2,509,294,4
1,7,0,-2,510,295,4
2,3,0,-2,509,285,4
2,4,0,-2,510,288,4
2,5,0,-2,510,290,4
2,6,0,-2,509,293,4
2,7,0,-2,509,297,4
3,4,0,-2,509,287,4
3,5,0,-2,508,291,4
3,6,0,-2,510,294,4
3,7,0,-2,512,294,4
4,5,0,-2,524,290,4
4,6,0,-2,510,295,4
4,7,0,-2,511,296,4
5,6,0,-2,509,292,4
5,7,0,-2,511,295,4
6,7,0,-2,511,296,4
--- ---VERSION
offset,limit,count-ms,lookup-mus,results
0,-2,149,545,22
---PATTERN START: http://aigp.csres.utexas.edu/~aigp/researcher/show/932  .
--- ---VERSION MATERIALIZED
patch,offset,limit,count-ms,lookup-mus,results
0,0,-2,3,17,7
1,0,-2,498,678,7
2,0,-2,468,674,7
3,0,-2,467,678,7
4,0,-2,470,685,7
5,0,-2,479,687,7
6,0,-2,475,688,7
7,0,-2,472,689,7
--- ---DELTA MATERIALIZED
patch_start,patch_end,offset,limit,count-ms,lookup-mus,results
0,1,0,-2,463,506,6
0,2,0,-2,464,510,6
0,3,0,-2,464,515,6
0,4,0,-2,464,517,6
0,5,0,-2,467,520,6
0,6,0,-2,467,523,6
0,7,0,-2,467,530,6
1,2,0,-2,922,513,6
1,3,0,-2,925,515,6
1,4,0,-2,924,523,6
1,5,0,-2,928,530,6
1,6,0,-2,926,536,6
1,7,0,-2,940,564,6
2,3,0,-2,933,518,6
2,4,0,-2,925,523,6
2,5,0,-2,925,527,6
2,6,0,-2,927,536,6
2,7,0,-2,926,537,6
3,4,0,-2,925,523,6
3,5,0,-2,925,527,6
3,6,0,-2,928,533,6
3,7,0,-2,926,539,6
4,5,0,-2,927,528,6
4,6,0,-2,930,527,6
4,7,0,-2,923,531,6
5,6,0,-2,925,524,6
5,7,0,-2,927,530,6
6,7,0,-2,924,531,6
--- ---VERSION
offset,limit,count-ms,lookup-mus,results
0,-2,300,985,28
---PATTERN START: http://aigp.csres.utexas.edu/~aigp/researcher/show/2402  .
--- ---VERSION MATERIALIZED
patch,offset,limit,count-ms,lookup-mus,results
0,0,-2,4,15,6
1,0,-2,575,701,6
2,0,-2,521,698,6
3,0,-2,522,700,6
4,0,-2,522,707,6
5,0,-2,525,711,6
6,0,-2,539,710,6
7,0,-2,531,712,6
--- ---DELTA MATERIALIZED
patch_start,patch_end,offset,limit,count-ms,lookup-mus,results
0,1,0,-2,516,561,6
0,2,0,-2,516,566,6
0,3,0,-2,517,567,6
0,4,0,-2,518,572,6
0,5,0,-2,519,576,6
0,6,0,-2,519,580,6
0,7,0,-2,521,590,6
1,2,0,-2,1026,570,6
1,3,0,-2,1029,574,6
1,4,0,-2,1031,579,6
1,5,0,-2,1031,581,6
1,6,0,-2,1026,580,6
1,7,0,-2,1026,586,6
2,3,0,-2,1049,575,6
2,4,0,-2,1026,572,6
2,5,0,-2,1027,577,6
2,6,0,-2,1026,582,6
2,7,0,-2,1027,585,6
3,4,0,-2,1027,570,6
3,5,0,-2,1027,575,6
3,6,0,-2,1026,581,6
3,7,0,-2,1028,586,6
4,5,0,-2,1027,576,6
4,6,0,-2,1027,581,6
4,7,0,-2,1029,586,6
5,6,0,-2,1028,580,6
5,7,0,-2,1029,585,6
6,7,0,-2,1038,589,6
--- ---VERSION
offset,limit,count-ms,lookup-mus,results
0,-2,349,981,27
---PATTERN START: http://aigp.csres.utexas.edu/~aigp/researcher/show/2075  .
--- ---VERSION MATERIALIZED
patch,offset,limit,count-ms,lookup-mus,results
0,0,-2,4,16,7
1,0,-2,461,602,7
2,0,-2,408,590,7
3,0,-2,409,589,7
4,0,-2,409,593,7
5,0,-2,408,592,7
6,0,-2,408,598,7
7,0,-2,411,589,7
--- ---DELTA MATERIALIZED
patch_start,patch_end,offset,limit,count-ms,lookup-mus,results
0,1,0,-2,402,450,6
0,2,0,-2,402,454,6
0,3,0,-2,405,459,6
0,4,0,-2,404,462,6
0,5,0,-2,404,469,6
0,6,0,-2,404,471,6
0,7,0,-2,405,473,6
1,2,0,-2,802,458,6
1,3,0,-2,801,463,6
1,4,0,-2,805,467,6
1,5,0,-2,803,471,6
1,6,0,-2,805,476,6
1,7,0,-2,806,483,6
2,3,0,-2,806,467,6
2,4,0,-2,811,475,6
2,5,0,-2,809,477,6
2,6,0,-2,810,485,6
2,7,0,-2,810,488,6
3,4,0,-2,810,473,6
3,5,0,-2,809,479,6
3,6,0,-2,813,482,6
3,7,0,-2,810,487,6
4,5,0,-2,810,478,6
4,6,0,-2,812,482,6
4,7,0,-2,813,486,6
5,6,0,-2,811,483,6
5,7,0,-2,813,486,6
6,7,0,-2,814,488,6
--- ---VERSION
offset,limit,count-ms,lookup-mus,results
0,-2,228,766,28
---PATTERN START: http://aigp.csres.utexas.edu/~aigp/researcher/show/249  .
--- ---VERSION MATERIALIZED
patch,offset,limit,count-ms,lookup-mus,results
0,0,-2,3,18,8
1,0,-2,519,746,8
2,0,-2,452,716,11
3,0,-2,424,692,11
4,0,-2,401,678,11
5,0,-2,380,654,11
6,0,-2,356,628,11
7,0,-2,335,603,11
--- ---DELTA MATERIALIZED
patch_start,patch_end,offset,limit,count-ms,lookup-mus,results
0,1,0,-2,483,546,6
0,2,0,-2,449,553,9
0,3,0,-2,424,560,9
0,4,0,-2,402,561,9
0,5,0,-2,376,562,9
0,6,0,-2,368,568,9
0,7,0,-2,334,569,9
1,2,0,-2,927,546,3
1,3,0,-2,903,558,9
1,4,0,-2,879,569,9
1,5,0,-2,855,572,9
1,6,0,-2,830,576,9
1,7,0,-2,805,581,9
2,3,0,-2,870,560,6
2,4,0,-2,851,570,12
2,5,0,-2,820,578,12
2,6,0,-2,802,579,12
2,7,0,-2,777,584,12
3,4,0,-2,819,561,6
3,5,0,-2,799,579,12
3,6,0,-2,773,578,12
3,7,0,-2,747,586,12
4,5,0,-2,772,564,6
4,6,0,-2,739,574,12
4,7,0,-2,718,582,12
5,6,0,-2,715,567,6
5,7,0,-2,695,579,12
6,7,0,-2,669,571,6
--- ---VERSION
offset,limit,count-ms,lookup-mus,results
0,-2,306,943,29
---PATTERN START: http://aigp.csres.utexas.edu/~aigp/researcher/show/3590  .
--- ---VERSION MATERIALIZED
patch,offset,limit,count-ms,lookup-mus,results
0,0,-2,5,18,8
1,0,-2,635,826,8
2,0,-2,585,824,8
3,0,-2,584,830,8
4,0,-2,590,842,8
5,0,-2,593,837,8
6,0,-2,591,843,8
7,0,-2,592,838,8
--- ---DELTA MATERIALIZED
patch_start,patch_end,offset,limit,count-ms,lookup-mus,results
0,1,0,-2,581,646,6
0,2,0,-2,584,648,6
0,3,0,-2,583,652,6
0,4,0,-2,586,654,6
0,5,0,-2,587,656,6
0,6,0,-2,587,662,6
0,7,0,-2,588,670,6
1,2,0,-2,1166,649,6
1,3,0,-2,1165,656,6
1,4,0,-2,1167,660,6
1,5,0,-2,1166,667,6
1,6,0,-2,1168,673,6
1,7,0,-2,1165,675,6
2,3,0,-2,1161,646,6
2,4,0,-2,1161,652,6
2,5,0,-2,1159,659,6
2,6,0,-2,1158,661,6
2,7,0,-2,1164,666,6
3,4,0,-2,1161,653,6
3,5,0,-2,1160,659,6
3,6,0,-2,1161,662,6
3,7,0,-2,1163,667,6
4,5,0,-2,1162,672,6
4,6,0,-2,1163,662,6
4,7,0,-2,1162,668,6
5,6,0,-2,1163,662,6
5,7,0,-2,1163,666,6
6,7,0,-2,1166,665,6
--- ---VERSION
offset,limit,count-ms,lookup-mus,results
0,-2,349,1019,29
---PATTERN START: http://aigp.csres.utexas.edu/~aigp/researcher/show/1208  .
--- ---VERSION MATERIALIZED
patch,offset,limit,count-ms,lookup-mus,results
0,0,-2,4,15,7
1,0,-2,422,564,7
2,0,-2,388,561,7
3,0,-2,388,562,7
4,0,-2,385,562,7
5,0,-2,386,565,7
6,0,-2,384,563,7
7,0,-2,387,561,7
--- ---DELTA MATERIALIZED
patch_start,patch_end,offset,limit,count-ms,lookup-mus,results
0,1,0,-2,381,423,6
0,2,0,-2,381,426,6
0,3,0,-2,394,428,6
0,4,0,-2,382,438,6
0,5,0,-2,381,434,6
0,6,0,-2,381,438,6
0,7,0,-2,382,441,6
1,2,0,-2,751,428,6
1,3,0,-2,754,432,6
1,4,0,-2,753,437,6
1,5,0,-2,756,441,6
1,6,0,-2,754,454,6
1,7,0,-2,757,450,6
2,3,0,-2,753,433,6
2,4,0,-2,755,439,6
2,5,0,-2,754,442,6
2,6,0,-2,758,446,6
2,7,0,-2,755,451,6
3,4,0,-2,756,437,6
3,5,0,-2,754,442,6
3,6,0,-2,764,447,6
3,7,0,-2,756,458,6
4,5,0,-2,767,448,6
4,6,0,-2,758,452,6
4,7,0,-2,762,463,6
5,6,0,-2,759,450,6
5,7,0,-2,760,463,6
6,7,0,-2,761,453,6
--- ---VERSION
offset,limit,count-ms,lookup-mus,results
0,-2,226,739,28
---PATTERN START: http://aigp.csres.utexas.edu/~aigp/researcher/show/2838  .
--- ---VERSION MATERIALIZED
patch,offset,limit,count-ms,lookup-mus,results
0,0,-2,4,16,7
1,0,-2,613,795,7
2,0,-2,554,800,7
3,0,-2,553,800,7
4,0,-2,559,819,7
5,0,-2,565,824,7
6,0,-2,561,824,7
7,0,-2,567,824,7
--- ---DELTA MATERIALIZED
patch_start,patch_end,offset,limit,count-ms,lookup-mus,results
0,1,0,-2,550,619,6
0,2,0,-2,557,625,6
0,3,0,-2,554,628,6
0,4,0,-2,559,630,6
0,5,0,-2,554,637,6
0,6,0,-2,548,639,6
0,7,0,-2,552,642,6
1,2,0,-2,1113,625,6
1,3,0,-2,1115,638,6
1,4,0,-2,1114,638,6
1,5,0,-2,1114,644,6
1,6,0,-2,1116,648,6
1,7,0,-2,1103,654,6
2,3,0,-2,1142,636,6
2,4,0,-2,1113,641,6
2,5,0,-2,1111,643,6
2,6,0,-2,1120,650,6
2,7,0,-2,1108,658,6
3,4,0,-2,1101,638,6
3,5,0,-2,1119,643,6
3,6,0,-2,1125,648,6
3,7,0,-2,1105,657,6
4,5,0,-2,1126,644,6
4,6,0,-2,1114,656,6
4,7,0,-2,1116,646,6
5,6,0,-2,1102,636,6
5,7,0,-2,1094,644,6
6,7,0,-2,1094,641,6
--- ---VERSION
offset,limit,count-ms,lookup-mus,results
0,-2,379,1011,28
---PATTERN START: http://aigp.csres.utexas.edu/~aigp/researcher/show/2372  .
--- ---VERSION MATERIALIZED
patch,offset,limit,count-ms,lookup-mus,results
0,0,-2,3,14,6
1,0,-2,501,622,6
2,0,-2,448,624,6
3,0,-2,453,621,6
4,0,-2,450,624,6
5,0,-2,449,623,6
6,0,-2,451,620,6
7,0,-2,454,623,6
--- ---DELTA MATERIALIZED
patch_start,patch_end,offset,limit,count-ms,lookup-mus,results
0,1,0,-2,442,489,6
0,2,0,-2,444,494,6
0,3,0,-2,445,497,6
0,4,0,-2,446,500,6
0,5,0,-2,447,517,6
0,6,0,-2,444,508,6
0,7,0,-2,451,513,6
1,2,0,-2,880,496,6
1,3,0,-2,884,500,6
1,4,0,-2,882,504,6
1,5,0,-2,885,511,6
1,6,0,-2,883,519,6
1,7,0,-2,884,520,6
2,3,0,-2,885,494,6
2,4,0,-2,878,501,6
2,5,0,-2,880,506,6
2,6,0,-2,886,509,6
2,7,0,-2,883,514,6
3,4,0,-2,880,502,6
3,5,0,-2,880,506,6
3,6,0,-2,883,510,6
3,7,0,-2,882,514,6
4,5,0,-2,882,506,6
4,6,0,-2,881,512,6
4,7,0,-2,881,513,6
5,6,0,-2,882,508,6
5,7,0,-2,881,515,6
6,7,0,-2,882,514,6
--- ---VERSION
offset,limit,count-ms,lookup-mus,results
0,-2,277,860,27
---PATTERN START: http://aigp.csres.utexas.edu/~aigp/researcher/show/673  .
--- ---VERSION MATERIALIZED
patch,offset,limit,count-ms,lookup-mus,results
0,0,-2,3,21,8
1,0,-2,487,673,8
2,0,-2,452,674,8
3,0,-2,453,674,8
4,0,-2,452,675,8
5,0,-2,453,675,8
6,0,-2,452,675,8
7,0,-2,472,685,8
--- ---DELTA MATERIALIZED
patch_start,patch_end,offset,limit,count-ms,lookup-mus,results
0,1,0,-2,450,489,6
0,2,0,-2,450,492,6
0,3,0,-2,451,495,6
0,4,0,-2,449,496,6
0,5,0,-2,449,499,6
0,6,0,-2,448,500,6
0,7,0,-2,449,505,6
1,2,0,-2,889,490,6
1,3,0,-2,893,495,6
1,4,0,-2,890,507,6
1,5,0,-2,892,505,6
1,6,0,-2,892,511,6
1,7,0,-2,893,515,6
2,3,0,-2,891,494,6
2,4,0,-2,892,500,6
2,5,0,-2,1298,504,6
2,6,0,-2,891,511,6
2,7,0,-2,893,514,6
3,4,0,-2,894,500,6
3,5,0,-2,894,505,6
3,6,0,-2,895,511,6
3,7,0,-2,896,518,6
4,5,0,-2,898,513,6
4,6,0,-2,899,516,6
4,7,0,-2,899,519,6
5,6,0,-2,899,516,6
5,7,0,-2,900,522,6
6,7,0,-2,898,521,6
--- ---VERSION
offset,limit,count-ms,lookup-mus,results
0,-2,284,970,29
---PATTERN START: http://aigp.csres.utexas.edu/~aigp/researcher/show/534  .
--- ---VERSION MATERIALIZED
patch,offset,limit,count-ms,lookup-mus,results
0,0,-2,3,18,7
1,0,-2,579,811,7
2,0,-2,558,808,7
3,0,-2,561,810,7
4,0,-2,561,809,7
5,0,-2,559,812,7
6,0,-2,559,808,7
7,0,-2,563,808,7
--- ---DELTA MATERIALIZED
patch_start,patch_end,offset,limit,count-ms,lookup-mus,results
0,1,0,-2,553,622,6
0,2,0,-2,555,626,6
0,3,0,-2,554,630,6
0,4,0,-2,555,635,6
0,5,0,-2,553,638,6
0,6,0,-2,555,640,6
0,7,0,-2,555,643,6
1,2,0,-2,1105,628,6
1,3,0,-2,1121,635,6
1,4,0,-2,1109,640,6
1,5,0,-2,1104,644,6
1,6,0,-2,1104,648,6
1,7,0,-2,1105,653,6
2,3,0,-2,1105,642,6
2,4,0,-2,1103,639,6
2,5,0,-2,1104,644,6
2,6,0,-2,1103,652,6
2,7,0,-2,1115,661,6
3,4,0,-2,1120,644,6
3,5,0,-2,1115,670,6
3,6,0,-2,1128,657,6
3,7,0,-2,1118,660,6
4,5,0,-2,1116,651,6
4,6,0,-2,1114,658,6
4,7,0,-2,1116,663,6
5,6,0,-2,1115,657,6
5,7,0,-2,1118,661,6
6,7,0,-2,1119,660,6
--- ---VERSION
offset,limit,count-ms,lookup-mus,results
0,-2,378,1025,28
---PATTERN START: http://aigp.csres.utexas.edu/~aigp/researcher/show/1348  .
--- ---VERSION MATERIALIZED
patch,offset,limit,count-ms,lookup-mus,results
0,0,-2,4,15,8
1,0,-2,682,912,8
2,0,-2,655,905,8
3,0,-2,655,912,8
4,0,-2,658,911,8
5,0,-2,657,910,8
6,0,-2,677,950,8
7,0,-2,664,909,8
--- ---DELTA MATERIALIZED
patch_start,patch_end,offset,limit,count-ms,lookup-mus,results
0,1,0,-2,651,715,6
0,2,0,-2,651,712,6
0,3,0,-2,650,725,6
0,4,0,-2,650,723,6
0,5,0,-2,650,726,6
0,6,0,-2,650,730,6
0,7,0,-2,650,732,6
1,2,0,-2,1294,717,6
1,3,0,-2,1291,723,6
1,4,0,-2,1295,729,6
1,5,0,-2,1294,736,6
1,6,0,-2,1294,744,6
1,7,0,-2,1295,743,6
2,3,0,-2,1297,727,6
2,4,0,-2,1296,730,6
2,5,0,-2,1297,734,6
2,6,0,-2,1297,742,6
2,7,0,-2,1298,745,6
3,4,0,-2,1294,730,6
3,5,0,-2,1296,734,6
3,6,0,-2,1301,740,6
3,7,0,-2,1298,744,6
4,5,0,-2,1296,732,6
4,6,0,-2,1300,740,6
4,7,0,-2,1298,736,6
5,6,0,-2,1291,729,6
5,7,0,-2,1293,734,6
6,7,0,-2,1292,732,6
--- ---VERSION
offset,limit,count-ms,lookup-mus,results
0,-2,452,1077,29
---PATTERN START: http://aigp.csres.utexas.edu/~aigp/researcher/show/3459  .
--- ---VERSION MATERIALIZED
patch,offset,limit,count-ms,lookup-mus,results
0,0,-2,4,20,8
1,0,-2,541,789,8
2,0,-2,524,777,8
3,0,-2,521,783,8
4,0,-2,521,782,8
5,0,-2,524,783,8
6,0,-2,526,783,8
7,0,-2,526,783,8
--- ---DELTA MATERIALIZED
patch_start,patch_end,offset,limit,count-ms,lookup-mus,results
0,1,0,-2,515,571,6
0,2,0,-2,519,578,6
0,3,0,-2,520,581,6
0,4,0,-2,516,594,6
0,5,0,-2,520,590,6
0,6,0,-2,519,594,6
0,7,0,-2,515,595,6
1,2,0,-2,1032,581,6
1,3,0,-2,1029,590,6
1,4,0,-2,1024,595,6
1,5,0,-2,1022,599,6
1,6,0,-2,1021,598,6
1,7,0,-2,1029,605,6
2,3,0,-2,1029,591,6
2,4,0,-2,1033,582,6
2,5,0,-2,1011,582,6
2,6,0,-2,1016,587,6
2,7,0,-2,1015,592,6
3,4,0,-2,1010,577,6
3,5,0,-2,1015,583,6
3,6,0,-2,1012,586,6
3,7,0,-2,1016,592,6
4,5,0,-2,1012,583,6
4,6,0,-2,1014,589,6
4,7,0,-2,1014,592,6
5,6,0,-2,1016,587,6
5,7,0,-2,1013,592,6
6,7,0,-2,1022,592,6
--- ---VERSION
offset,limit,count-ms,lookup-mus,results
0,-2,271,961,29
---PATTERN START: http://aigp.csres.utexas.edu/~aigp/researcher/show/4397  .
--- ---VERSION MATERIALIZED
patch,offset,limit,count-ms,lookup-mus,results
0,0,-2,4,14,6
1,0,-2,628,783,6
2,0,-2,582,780,6
3,0,-2,583,783,6
4,0,-2,586,782,6
5,0,-2,582,783,6
6,0,-2,585,782,6
7,0,-2,588,783,6
--- ---DELTA MATERIALIZED
patch_start,patch_end,offset,limit,count-ms,lookup-mus,results
0,1,0,-2,575,621,6
0,2,0,-2,576,624,6
0,3,0,-2,575,626,6
0,4,0,-2,578,628,6
0,5,0,-2,579,631,6
0,6,0,-2,580,636,6
0,7,0,-2,579,638,6
1,2,0,-2,1151,626,6
1,3,0,-2,1145,630,6
1,4,0,-2,1144,635,6
1,5,0,-2,1150,639,6
1,6,0,-2,1165,644,6
1,7,0,-2,1150,649,6
2,3,0,-2,1149,632,6
2,4,0,-2,1146,632,6
2,5,0,-2,1152,639,6
2,6,0,-2,1150,644,6
2,7,0,-2,1150,649,6
3,4,0,-2,1149,646,6
3,5,0,-2,1171,657,6
3,6,0,-2,1164,659,6
3,7,0,-2,1178,667,6
4,5,0,-2,1190,664,6
4,6,0,-2,1171,660,6
4,7,0,-2,1186,667,6
5,6,0,-2,1169,656,6
5,7,0,-2,1177,667,6
6,7,0,-2,1187,666,6
--- ---VERSION
offset,limit,count-ms,lookup-mus,results
0,-2,352,1074,27
---PATTERN START: http://aigp.csres.utexas.edu/~aigp/researcher/show/3661  .
--- ---VERSION MATERIALIZED
patch,offset,limit,count-ms,lookup-mus,results
0,0,-2,3,20,7
1,0,-2,497,684,7
2,0,-2,471,684,7
3,0,-2,469,685,7
4,0,-2,471,679,7
5,0,-2,469,681,7
6,0,-2,467,679,7
7,0,-2,468,680,7
--- ---DELTA MATERIALIZED
patch_start,patch_end,offset,limit,count-ms,lookup-mus,results
0,1,0,-2,458,517,6
0,2,0,-2,463,520,6
0,3,0,-2,463,522,6
0,4,0,-2,463,527,6
0,5,0,-2,462,531,6
0,6,0,-2,464,532,6
0,7,0,-2,464,534,6
1,2,0,-2,922,523,6
1,3,0,-2,916,530,6
1,4,0,-2,931,543,6
1,5,0,-2,929,549,6
1,6,0,-2,929,552,6
1,7,0,-2,938,555,6
2,3,0,-2,933,538,6
2,4,0,-2,932,545,6
2,5,0,-2,930,547,6
2,6,0,-2,937,554,6
2,7,0,-2,935,555,6
3,4,0,-2,932,544,6
3,5,0,-2,930,545,6
3,6,0,-2,939,553,6
3,7,0,-2,931,558,6
4,5,0,-2,939,547,6
4,6,0,-2,942,551,6
4,7,0,-2,931,557,6
5,6,0,-2,934,550,6
5,7,0,-2,937,556,6
6,7,0,-2,926,546,6
--- ---VERSION
offset,limit,count-ms,lookup-mus,results
0,-2,297,880,28
---PATTERN START: http://aigp.csres.utexas.edu/~aigp/researcher/show/1045  .
--- ---VERSION MATERIALIZED
patch,offset,limit,count-ms,lookup-mus,results
0,0,-2,3,13,5
1,0,-2,532,661,5
2,0,-2,503,646,5
3,0,-2,502,654,5
4,0,-2,503,651,5
5,0,-2,503,654,5
6,0,-2,502,652,5
7,0,-2,504,652,5
--- ---DELTA MATERIALIZED
patch_start,patch_end,offset,limit,count-ms,lookup-mus,results
0,1,0,-2,489,542,6
0,2,0,-2,496,548,6
0,3,0,-2,499,553,6
0,4,0,-2,493,557,6
0,5,0,-2,496,559,6
0,6,0,-2,493,563,6
0,7,0,-2,496,567,6
1,2,0,-2,985,552,6
1,3,0,-2,986,557,6
1,4,0,-2,982,564,6
1,5,0,-2,980,568,6
1,6,0,-2,983,572,6
1,7,0,-2,984,578,6
2,3,0,-2,982,557,6
2,4,0,-2,988,563,6
2,5,0,-2,987,565,6
2,6,0,-2,988,570,6
2,7,0,-2,989,576,6
3,4,0,-2,985,563,6
3,5,0,-2,990,568,6
3,6,0,-2,989,567,6
3,7,0,-2,977,566,6
4,5,0,-2,979,556,6
4,6,0,-2,986,562,6
4,7,0,-2,977,564,6
5,6,0,-2,980,560,6
5,7,0,-2,981,567,6
6,7,0,-2,979,566,6
--- ---VERSION
offset,limit,count-ms,lookup-mus,results
0,-2,289,828,26
---PATTERN START: http://aigp.csres.utexas.edu/~aigp/researcher/show/3840  .
--- ---VERSION MATERIALIZED
patch,offset,limit,count-ms,lookup-mus,results
0,0,-2,3,16,6
1,0,-2,493,617,6
2,0,-2,464,607,6
3,0,-2,461,606,6
4,0,-2,462,609,6
5,0,-2,471,605,6
6,0,-2,463,609,6
7,0,-2,464,609,6
--- ---DELTA MATERIALIZED
patch_start,patch_end,offset,limit,count-ms,lookup-mus,results
0,1,0,-2,456,495,6
0,2,0,-2,458,501,6
0,3,0,-2,456,502,6
0,4,0,-2,457,511,6
0,5,0,-2,460,508,6
0,6,0,-2,459,515,6
0,7,0,-2,461,518,6
1,2,0,-2,908,494,6
1,3,0,-2,906,500,6
1,4,0,-2,905,506,6
1,5,0,-2,905,510,6
1,6,0,-2,908,515,6
1,7,0,-2,908,518,6
2,3,0,-2,906,500,6
2,4,0,-2,906,507,6
2,5,0,-2,906,510,6
2,6,0,-2,908,514,6
2,7,0,-2,924,519,6
3,4,0,-2,908,506,6
3,5,0,-2,907,511,6
3,6,0,-2,907,514,6
3,7,0,-2,911,519,6
4,5,0,-2,910,508,6
4,6,0,-2,912,515,6
4,7,0,-2,910,522,6
5,6,0,-2,915,529,6
5,7,0,-2,915,526,6
6,7,0,-2,915,525,6
--- ---VERSION
offset,limit,count-ms,lookup-mus,results
0,-2,268,777,27
---PATTERN START: http://aigp.csres.utexas.edu/~aigp/researcher/show/4060  .
--- ---VERSION MATERIALIZED
patch,offset,limit,count-ms,lookup-mus,results
0,0,-2,4,14,7
1,0,-2,569,753,7
2,0,-2,526,741,7
3,0,-2,530,743,7
4,0,-2,530,742,7
5,0,-2,527,746,7
6,0,-2,531,744,7
7,0,-2,529,744,7
--- ---DELTA MATERIALIZED
patch_start,patch_end,offset,limit,count-ms,lookup-mus,results
0,1,0,-2,521,574,6
0,2,0,-2,522,578,6
0,3,0,-2,523,580,6
0,4,0,-2,522,585,6
0,5,0,-2,524,587,6
0,6,0,-2,526,593,6
0,7,0,-2,524,595,6
1,2,0,-2,1040,581,6
1,3,0,-2,1041,585,6
1,4,0,-2,1041,590,6
1,5,0,-2,1043,594,6
1,6,0,-2,1044,600,6
1,7,0,-2,1052,609,6
2,3,0,-2,1051,590,6
2,4,0,-2,1051,597,6
2,5,0,-2,1049,604,6
2,6,0,-2,1051,608,6
2,7,0,-2,1048,612,6
3,4,0,-2,1048,596,6
3,5,0,-2,1050,603,6
3,6,0,-2,1047,609,6
3,7,0,-2,1051,611,6
4,5,0,-2,1051,604,6
4,6,0,-2,1056,612,6
4,7,0,-2,1059,612,6
5,6,0,-2,1056,605,6
5,7,0,-2,1053,610,6
6,7,0,-2,1054,612,6
--- ---VERSION
offset,limit,count-ms,lookup-mus,results
0,-2,319,948,28
---PATTERN START: http://aigp.csres.utexas.edu/~aigp/researcher/show/529  .
--- ---VERSION MATERIALIZED
patch,offset,limit,count-ms,lookup-mus,results
0,0,-2,3,18,7
1,0,-2,431,630,7
2,0,-2,397,618,7
3,0,-2,397,620,7
4,0,-2,395,620,7
5,0,-2,397,621,7
6,0,-2,399,621,7
7,0,-2,399,628,7
--- ---DELTA MATERIALIZED
patch_start,patch_end,offset,limit,count-ms,lookup-mus,results
0,1,0,-2,390,431,6
0,2,0,-2,392,434,6
0,3,0,-2,392,437,6
0,4,0,-2,392,463,6
0,5,0,-2,401,443,6
0,6,0,-2,393,445,6
0,7,0,-2,396,448,6
1,2,0,-2,778,436,6
1,3,0,-2,779,441,6
1,4,0,-2,780,447,6
1,5,0,-2,782,450,6
1,6,0,-2,781,455,6
1,7,0,-2,785,459,6
2,3,0,-2,781,441,6
2,4,0,-2,782,447,6
2,5,0,-2,781,451,6
2,6,0,-2,783,455,6
2,7,0,-2,782,459,6
3,4,0,-2,783,454,6
3,5,0,-2,782,451,6
3,6,0,-2,784,456,6
3,7,0,-2,782,459,6
4,5,0,-2,780,446,6
4,6,0,-2,780,449,6
4,7,0,-2,781,454,6
5,6,0,-2,780,451,6
5,7,0,-2,780,453,6
6,7,0,-2,780,454,6
--- ---VERSION
offset,limit,count-ms,lookup-mus,results
0,-2,214,999,28
---PATTERN START: http://aigp.csres.utexas.edu/~aigp/researcher/show/243  .
--- ---VERSION MATERIALIZED
patch,offset,limit,count-ms,lookup-mus,results
0,0,-2,3,19,7
1,0,-2,528,737,7
2,0,-2,467,711,10
3,0,-2,443,689,10
4,0,-2,415,673,10
5,0,-2,388,640,10
6,0,-2,353,610,10
7,0,-2,324,574,10
--- ---DELTA MATERIALIZED
patch_start,patch_end,offset,limit,count-ms,lookup-mus,results
0,1,0,-2,488,540,6
0,2,0,-2,463,547,9
0,3,0,-2,440,553,9
0,4,0,-2,413,554,9
0,5,0,-2,383,558,9
0,6,0,-2,348,561,9
0,7,0,-2,318,564,9
1,2,0,-2,945,541,3
1,3,0,-2,922,556,9
1,4,0,-2,894,559,9
1,5,0,-2,861,568,9
1,6,0,-2,831,570,9
1,7,0,-2,805,570,9
2,3,0,-2,898,546,6
2,4,0,-2,872,561,12
2,5,0,-2,840,567,12
2,6,0,-2,808,571,12
2,7,0,-2,778,574,12
3,4,0,-2,848,553,6
3,5,0,-2,819,566,12
3,6,0,-2,784,572,12
3,7,0,-2,754,573,12
4,5,0,-2,788,558,6
4,6,0,-2,756,570,12
4,7,0,-2,724,576,12
5,6,0,-2,725,563,6
5,7,0,-2,695,573,12
6,7,0,-2,663,565,6
--- ---VERSION
offset,limit,count-ms,lookup-mus,results
0,-2,293,1029,28
---PATTERN START: http://aigp.csres.utexas.edu/~aigp/researcher/show/178  .
--- ---VERSION MATERIALIZED
patch,offset,limit,count-ms,lookup-mus,results
0,0,-2,3,15,7
1,0,-2,636,793,7
2,0,-2,554,773,10
3,0,-2,535,749,10
4,0,-2,510,737,10
5,0,-2,471,703,10
6,0,-2,429,654,10
7,0,-2,380,612,10
--- ---DELTA MATERIALIZED
patch_start,patch_end,offset,limit,count-ms,lookup-mus,results
0,1,0,-2,582,624,6
0,2,0,-2,546,632,9
0,3,0,-2,526,631,9
0,4,0,-2,488,637,9
0,5,0,-2,451,639,9
0,6,0,-2,414,642,9
0,7,0,-2,368,644,9
1,2,0,-2,1116,629,3
1,3,0,-2,1089,644,9
1,4,0,-2,1053,639,9
1,5,0,-2,1021,644,9
1,6,0,-2,982,648,9
1,7,0,-2,938,654,9
2,3,0,-2,1076,633,6
2,4,0,-2,1029,645,12
2,5,0,-2,994,647,12
2,6,0,-2,958,653,12
2,7,0,-2,913,659,12
3,4,0,-2,1013,636,6
3,5,0,-2,975,649,12
3,6,0,-2,935,665,12
3,7,0,-2,911,673,12
4,5,0,-2,948,653,6
4,6,0,-2,914,668,12
4,7,0,-2,857,671,12
5,6,0,-2,869,660,6
5,7,0,-2,825,669,12
6,7,0,-2,803,663,6
--- ---VERSION
offset,limit,count-ms,lookup-mus,results
0,-2,343,967,28
---PATTERN START: http://aigp.csres.utexas.edu/~aigp/researcher/show/3652  .
--- ---VERSION MATERIALIZED
patch,offset,limit,count-ms,lookup-mus,results
0,0,-2,3,15,7
1,0,-2,561,741,7
2,0,-2,537,731,7
3,0,-2,536,731,7
4,0,-2,545,732,7
5,0,-2,537,734,7
6,0,-2,536,732,7
7,0,-2,537,735,7
--- ---DELTA MATERIALIZED
patch_start,patch_end,offset,limit,count-ms,lookup-mus,results
0,1,0,-2,528,584,6
0,2,0,-2,530,590,6
0,3,0,-2,530,591,6
0,4,0,-2,532,593,6
0,5,0,-2,533,597,6
0,6,0,-2,534,600,6
0,7,0,-2,535,604,6
1,2,0,-2,1059,594,6
1,3,0,-2,1054,596,6
1,4,0,-2,1057,600,6
1,5,0,-2,1055,606,6
1,6,0,-2,1059,610,6
1,7,0,-2,1062,615,6
2,3,0,-2,1062,600,6
2,4,0,-2,1085,613,6
2,5,0,-2,1087,633,6
2,6,0,-2,1087,624,6
2,7,0,-2,1077,633,6
3,4,0,-2,1071,616,6
3,5,0,-2,1088,623,6
3,6,0,-2,1073,624,6
3,7,0,-2,1085,630,6
4,5,0,-2,1078,617,6
4,6,0,-2,1083,623,6
4,7,0,-2,1082,631,6
5,6,0,-2,1074,623,6
5,7,0,-2,1082,629,6
6,7,0,-2,1081,631,6
--- ---VERSION
offset,limit,count-ms,lookup-mus,results
0,-2,309,876,28
---PATTERN START: http://aigp.csres.utexas.edu/~aigp/researcher/show/427  .
--- ---VERSION MATERIALIZED
patch,offset,limit,count-ms,lookup-mus,results
0,0,-2,4,14,5
1,0,-2,798,968,5
2,0,-2,699,932,7
3,0,-2,658,895,7
4,0,-2,619,862,7
5,0,-2,586,832,7
6,0,-2,556,784,7
7,0,-2,513,748,7
--- ---DELTA MATERIALIZED
patch_start,patch_end,offset,limit,count-ms,lookup-mus,results
0,1,0,-2,738,810,6
0,2,0,-2,705,814,9
0,3,0,-2,662,823,9
0,4,0,-2,626,820,9
0,5,0,-2,589,831,9
0,6,0,-2,548,829,9
0,7,0,-2,506,838,9
1,2,0,-2,1432,807,3
1,3,0,-2,1410,828,9
1,4,0,-2,1371,829,9
1,5,0,-2,1314,842,9
1,6,0,-2,1285,849,9
1,7,0,-2,1241,841,9
2,3,0,-2,1364,819,6
2,4,0,-2,1325,835,12
2,5,0,-2,1285,842,12
2,6,0,-2,1251,844,12
2,7,0,-2,1206,845,12
3,4,0,-2,1276,820,6
3,5,0,-2,1235,830,12
3,6,0,-2,1198,842,12
3,7,0,-2,1155,838,12
4,5,0,-2,1198,821,6
4,6,0,-2,1161,833,12
4,7,0,-2,1129,861,12
5,6,0,-2,1121,828,6
5,7,0,-2,1402,847,12
6,7,0,-2,1042,828,6
--- ---VERSION
offset,limit,count-ms,lookup-mus,results
0,-2,478,1222,26
---PATTERN START: http://aigp.csres.utexas.edu/~aigp/researcher/show/1694  .
--- ---VERSION MATERIALIZED
patch,offset,limit,count-ms,lookup-mus,results
0,0,-2,4,15,7
1,0,-2,444,649,7
2,0,-2,427,641,7
3,0,-2,419,646,7
4,0,-2,428,643,7
5,0,-2,421,644,7
6,0,-2,421,645,7
7,0,-2,429,642,7
--- ---DELTA MATERIALIZED
patch_start,patch_end,offset,limit,count-ms,lookup-mus,results
0,1,0,-2,414,468,6
0,2,0,-2,413,478,6
0,3,0,-2,412,478,6
0,4,0,-2,414,479,6
0,5,0,-2,413,484,6
0,6,0,-2,425,486,6
0,7,0,-2,417,489,6
1,2,0,-2,822,478,6
1,3,0,-2,826,479,6
1,4,0,-2,826,484,6
1,5,0,-2,824,490,6
1,6,0,-2,827,497,6
1,7,0,-2,825,499,6
2,3,0,-2,828,474,6
2,4,0,-2,822,479,6
2,5,0,-2,824,484,6
2,6,0,-2,822,491,6
2,7,0,-2,823,494,6
3,4,0,-2,821,481,6
3,5,0,-2,823,484,6
3,6,0,-2,825,487,6
3,7,0,-2,830,493,6
4,5,0,-2,825,484,6
4,6,0,-2,824,487,6
4,7,0,-2,827,493,6
5,6,0,-2,824,489,6
5,7,0,-2,827,492,6
6,7,0,-2,824,494,6
--- ---VERSION
offset,limit,count-ms,lookup-mus,results
0,-2,212,864,28
---PATTERN START: http://aigp.csres.utexas.edu/~aigp/researcher/show/4086  .
--- ---VERSION MATERIALIZED
patch,offset,limit,count-ms,lookup-mus,results
0,0,-2,3,14,6
1,0,-2,416,532,6
2,0,-2,389,528,6
3,0,-2,389,529,6
4,0,-2,397,530,6
5,0,-2,389,531,6
6,0,-2,388,533,6
7,0,-2,389,538,6
--- ---DELTA MATERIALIZED
patch_start,patch_end,offset,limit,count-ms,lookup-mus,results
0,1,0,-2,382,418,6
0,2,0,-2,385,424,6
0,3,0,-2,384,425,6
0,4,0,-2,384,426,6
0,5,0,-2,385,427,6
0,6,0,-2,384,428,6
0,7,0,-2,383,432,6
1,2,0,-2,760,421,6
1,3,0,-2,759,425,6
1,4,0,-2,761,430,6
1,5,0,-2,760,433,6
1,6,0,-2,761,440,6
1,7,0,-2,761,443,6
2,3,0,-2,761,425,6
2,4,0,-2,759,429,6
2,5,0,-2,762,435,6
2,6,0,-2,762,438,6
2,7,0,-2,763,443,6
3,4,0,-2,762,429,6
3,5,0,-2,763,449,6
3,6,0,-2,762,438,6
3,7,0,-2,764,445,6
4,5,0,-2,766,439,6
4,6,0,-2,767,445,6
4,7,0,-2,768,447,6
5,6,0,-2,766,443,6
5,7,0,-2,764,447,6
6,7,0,-2,768,447,6
--- ---VERSION
offset,limit,count-ms,lookup-mus,results
0,-2,221,768,27
---PATTERN START: http://aigp.csres.utexas.edu/~aigp/researcher/show/1197  .
--- ---VERSION MATERIALIZED
patch,offset,limit,count-ms,lookup-mus,results
0,0,-2,3,18,7
1,0,-2,419,562,7
2,0,-2,382,554,7
3,0,-2,385,554,7
4,0,-2,386,555,7
5,0,-2,385,555,7
6,0,-2,384,556,7
7,0,-2,383,555,7
--- ---DELTA MATERIALIZED
patch_start,patch_end,offset,limit,count-ms,lookup-mus,results
0,1,0,-2,377,414,6
0,2,0,-2,377,418,6
0,3,0,-2,378,422,6
0,4,0,-2,380,425,6
0,5,0,-2,378,426,6
0,6,0,-2,380,429,6
0,7,0,-2,380,433,6
1,2,0,-2,749,423,6
1,3,0,-2,750,425,6
1,4,0,-2,751,431,6
1,5,0,-2,748,437,6
1,6,0,-2,752,443,6
1,7,0,-2,755,451,6
2,3,0,-2,753,430,6
2,4,0,-2,752,437,6
2,5,0,-2,755,440,6
2,6,0,-2,755,447,6
2,7,0,-2,756,449,6
3,4,0,-2,756,437,6
3,5,0,-2,756,440,6
3,6,0,-2,755,447,6
3,7,0,-2,755,449,6
4,5,0,-2,757,441,6
4,6,0,-2,758,445,6
4,7,0,-2,756,451,6
5,6,0,-2,758,445,6
5,7,0,-2,757,449,6
6,7,0,-2,757,448,6
--- ---VERSION
offset,limit,count-ms,lookup-mus,results
0,-2,214,762,28
---PATTERN START: http://aigp.csres.utexas.edu/~aigp/researcher/show/1008  .
--- ---VERSION MATERIALIZED
patch,offset,limit,count-ms,lookup-mus,results
0,0,-2,4,19,7
1,0,-2,734,985,7
2,0,-2,698,986,7
3,0,-2,700,994,7
4,0,-2,710,1047,7
5,0,-2,736,1049,7
6,0,-2,738,1048,7
7,0,-2,732,1054,7
--- ---DELTA MATERIALIZED
patch_start,patch_end,offset,limit,count-ms,lookup-mus,results
0,1,0,-2,730,782,6
0,2,0,-2,704,780,6
0,3,0,-2,708,795,6
0,4,0,-2,729,801,6
0,5,0,-2,728,809,6
0,6,0,-2,717,806,6
0,7,0,-2,700,808,6
1,2,0,-2,1411,786,6
1,3,0,-2,1437,801,6
1,4,0,-2,1455,809,6
1,5,0,-2,1482,807,6
1,6,0,-2,1410,809,6
1,7,0,-2,1456,822,6
2,3,0,-2,1412,804,6
2,4,0,-2,1460,804,6
2,5,0,-2,1445,813,6
2,6,0,-2,1429,816,6
2,7,0,-2,1420,824,6
3,4,0,-2,1419,808,6
3,5,0,-2,1419,810,6
3,6,0,-2,1421,808,6
3,7,0,-2,1453,826,6
4,5,0,-2,1421,803,6
4,6,0,-2,1383,788,6
4,7,0,-2,1397,791,6
5,6,0,-2,1389,786,6
5,7,0,-2,1389,790,6
6,7,0,-2,1388,790,6
--- ---VERSION
offset,limit,count-ms,lookup-mus,results
0,-2,461,1206,28
---PATTERN START: http://aigp.csres.utexas.edu/~aigp/researcher/show/4605  .
--- ---VERSION MATERIALIZED
patch,offset,limit,count-ms,lookup-mus,results
0,0,-2,3,19,8
1,0,-2,444,646,8
2,0,-2,401,644,8
3,0,-2,401,644,8
4,0,-2,404,646,8
5,0,-2,403,646,8
6,0,-2,405,646,8
7,0,-2,405,648,8
--- ---DELTA MATERIALIZED
patch_start,patch_end,offset,limit,count-ms,lookup-mus,results
0,1,0,-2,395,443,6
0,2,0,-2,396,447,6
0,3,0,-2,396,449,6
0,4,0,-2,398,452,6
0,5,0,-2,397,458,6
0,6,0,-2,398,457,6
0,7,0,-2,399,460,6
1,2,0,-2,789,448,6
1,3,0,-2,786,453,6
1,4,0,-2,791,458,6
1,5,0,-2,788,461,6
1,6,0,-2,791,467,6
1,7,0,-2,787,467,6
2,3,0,-2,786,448,6
2,4,0,-2,787,453,6
2,5,0,-2,787,457,6
2,6,0,-2,787,463,6
2,7,0,-2,787,465,6
3,4,0,-2,786,453,6
3,5,0,-2,786,456,6
3,6,0,-2,788,462,6
3,7,0,-2,787,465,6
4,5,0,-2,789,455,6
4,6,0,-2,789,461,6
4,7,0,-2,790,464,6
5,6,0,-2,788,461,6
5,7,0,-2,803,463,6
6,7,0,-2,789,464,6
--- ---VERSION
offset,limit,count-ms,lookup-mus,results
0,-2,222,938,29
---PATTERN START: http://aigp.csres.utexas.edu/~aigp/researcher/show/3281  .
--- ---VERSION MATERIALIZED
patch,offset,limit,count-ms,lookup-mus,results
0,0,-2,3,14,7
1,0,-2,487,634,7
2,0,-2,450,616,7
3,0,-2,450,617,7
4,0,-2,452,617,7
5,0,-2,450,618,7
6,0,-2,454,616,7
7,0,-2,452,617,7
--- ---DELTA MATERIALIZED
patch_start,patch_end,offset,limit,count-ms,lookup-mus,results
0,1,0,-2,445,488,6
0,2,0,-2,445,489,6
0,3,0,-2,446,491,6
0,4,0,-2,449,494,6
0,5,0,-2,456,499,6
0,6,0,-2,449,503,6
0,7,0,-2,448,505,6
1,2,0,-2,890,494,6
1,3,0,-2,889,494,6
1,4,0,-2,887,501,6
1,5,0,-2,891,506,6
1,6,0,-2,893,511,6
1,7,0,-2,891,513,6
2,3,0,-2,891,495,6
2,4,0,-2,889,502,6
2,5,0,-2,889,506,6
2,6,0,-2,893,515,6
2,7,0,-2,904,526,6
3,4,0,-2,900,511,6
3,5,0,-2,909,519,6
3,6,0,-2,909,520,6
3,7,0,-2,907,524,6
4,5,0,-2,899,515,6
4,6,0,-2,906,523,6
4,7,0,-2,900,525,6
5,6,0,-2,903,519,6
5,7,0,-2,907,524,6
6,7,0,-2,900,523,6
--- ---VERSION
offset,limit,count-ms,lookup-mus,results
0,-2,264,808,28
---PATTERN START: http://aigp.csres.utexas.edu/~aigp/researcher/show/2070  .
--- ---VERSION MATERIALIZED
patch,offset,limit,count-ms,lookup-mus,results
0,0,-2,3,16,6
1,0,-2,576,772,6
2,0,-2,539,771,6
3,0,-2,544,780,6
4,0,-2,549,796,6
5,0,-2,551,796,6
6,0,-2,549,792,6
7,0,-2,552,798,6
--- ---DELTA MATERIALIZED
patch_start,patch_end,offset,limit,count-ms,lookup-mus,results
0,1,0,-2,538,607,6
0,2,0,-2,542,606,6
0,3,0,-2,537,612,6
0,4,0,-2,542,615,6
0,5,0,-2,537,619,6
0,6,0,-2,543,624,6
0,7,0,-2,536,625,6
1,2,0,-2,1066,612,6
1,3,0,-2,1079,620,6
1,4,0,-2,1081,621,6
1,5,0,-2,1080,629,6
1,6,0,-2,1076,635,6
1,7,0,-2,1074,639,6
2,3,0,-2,1072,619,6
2,4,0,-2,1083,640,6
2,5,0,-2,1087,631,6
2,6,0,-2,1073,633,6
2,7,0,-2,1077,636,6
3,4,0,-2,1075,625,6
3,5,0,-2,1086,631,6
3,6,0,-2,1070,633,6
3,7,0,-2,1075,635,6
4,5,0,-2,1074,627,6
4,6,0,-2,1083,632,6
4,7,0,-2,1086,637,6
5,6,0,-2,1085,624,6
5,7,0,-2,1075,628,6
6,7,0,-2,1065,632,6
--- ---VERSION
offset,limit,count-ms,lookup-mus,results
0,-2,348,1005,27
