---PATTERN START: http://aigp.csres.utexas.edu/~aigp/researcher/show/3470 http://swat.cse.lehigh.edu/resources/onto/aigp.owl#name .
--- ---VERSION MATERIALIZED
patch,offset,limit,count-ms,lookup-mus,results
0,0,-2,6,6,1
1,0,-2,129,127,1
2,0,-2,73,125,1
3,0,-2,73,124,1
4,0,-2,72,130,1
5,0,-2,78,137,1
6,0,-2,77,134,1
7,0,-2,73,132,1
--- ---DELTA MATERIALIZED
patch_start,patch_end,offset,limit,count-ms,lookup-mus,results
0,1,0,-2,70,66,0
0,2,0,-2,73,65,0
0,3,0,-2,73,64,0
0,4,0,-2,71,64,0
0,5,0,-2,72,64,0
0,6,0,-2,71,64,0
0,7,0,-2,71,64,0
1,2,0,-2,142,66,0
1,3,0,-2,142,65,0
1,4,0,-2,142,65,0
1,5,0,-2,142,65,0
1,6,0,-2,144,65,0
1,7,0,-2,142,65,0
2,3,0,-2,142,65,0
2,4,0,-2,142,65,0
2,5,0,-2,144,66,0
2,6,0,-2,142,65,0
2,7,0,-2,142,65,0
3,4,0,-2,142,66,0
3,5,0,-2,143,66,0
3,6,0,-2,142,66,0
3,7,0,-2,142,66,0
4,5,0,-2,143,68,0
4,6,0,-2,142,66,0
4,7,0,-2,142,65,0
5,6,0,-2,142,66,0
5,7,0,-2,144,66,0
6,7,0,-2,142,65,0
--- ---VERSION
offset,limit,count-ms,lookup-mus,results
0,-2,43,68,1
---PATTERN START: http://aigp.csres.utexas.edu/~aigp/researcher/show/673 http://www.w3.org/1999/02/22-rdf-syntax-ns#type .
--- ---VERSION MATERIALIZED
patch,offset,limit,count-ms,lookup-mus,results
0,0,-2,7,7,1
1,0,-2,113,109,1
2,0,-2,64,111,1
3,0,-2,64,112,1
4,0,-2,76,112,1
5,0,-2,66,113,1
6,0,-2,66,112,1
7,0,-2,65,112,1
--- ---DELTA MATERIALIZED
patch_start,patch_end,offset,limit,count-ms,lookup-mus,results
0,1,0,-2,60,55,0
0,2,0,-2,60,54,0
0,3,0,-2,61,54,0
0,4,0,-2,60,54,0
0,5,0,-2,60,53,0
0,6,0,-2,61,54,0
0,7,0,-2,60,54,0
1,2,0,-2,118,54,0
1,3,0,-2,118,54,0
1,4,0,-2,117,54,0
1,5,0,-2,118,54,0
1,6,0,-2,118,56,0
1,7,0,-2,118,53,0
2,3,0,-2,117,53,0
2,4,0,-2,117,53,0
2,5,0,-2,117,54,0
2,6,0,-2,119,53,0
2,7,0,-2,117,53,0
3,4,0,-2,117,53,0
3,5,0,-2,117,53,0
3,6,0,-2,119,54,0
3,7,0,-2,119,54,0
4,5,0,-2,117,54,0
4,6,0,-2,118,53,0
4,7,0,-2,117,53,0
5,6,0,-2,118,56,0
5,7,0,-2,117,54,0
6,7,0,-2,118,54,0
--- ---VERSION
offset,limit,count-ms,lookup-mus,results
0,-2,37,58,1
---PATTERN START: http://aigp.csres.utexas.edu/~aigp/researcher/show/427 http://swat.cse.lehigh.edu/resources/onto/aigp.owl#name .
--- ---VERSION MATERIALIZED
patch,offset,limit,count-ms,lookup-mus,results
0,0,-2,4,6,1
1,0,-2,137,167,1
2,0,-2,97,167,1
3,0,-2,96,165,1
4,0,-2,96,170,1
5,0,-2,100,173,1
6,0,-2,96,169,1
7,0,-2,97,169,1
--- ---DELTA MATERIALIZED
patch_start,patch_end,offset,limit,count-ms,lookup-mus,results
0,1,0,-2,93,83,0
0,2,0,-2,94,83,0
0,3,0,-2,93,83,0
0,4,0,-2,93,83,0
0,5,0,-2,94,83,0
0,6,0,-2,93,84,0
0,7,0,-2,94,83,0
1,2,0,-2,185,84,0
1,3,0,-2,184,83,0
1,4,0,-2,188,84,0
1,5,0,-2,185,84,0
1,6,0,-2,185,85,0
1,7,0,-2,185,84,0
2,3,0,-2,185,84,0
2,4,0,-2,185,84,0
2,5,0,-2,185,83,0
2,6,0,-2,185,83,0
2,7,0,-2,185,85,0
3,4,0,-2,184,83,0
3,5,0,-2,184,83,0
3,6,0,-2,184,84,0
3,7,0,-2,183,83,0
4,5,0,-2,185,83,0
4,6,0,-2,184,84,0
4,7,0,-2,183,83,0
5,6,0,-2,185,84,0
5,7,0,-2,184,85,0
6,7,0,-2,184,83,0
--- ---VERSION
offset,limit,count-ms,lookup-mus,results
0,-2,53,81,1
---PATTERN START: http://aigp.csres.utexas.edu/~aigp/researcher/show/3840 http://www.w3.org/1999/02/22-rdf-syntax-ns#type .
--- ---VERSION MATERIALIZED
patch,offset,limit,count-ms,lookup-mus,results
0,0,-2,4,6,1
1,0,-2,88,93,1
2,0,-2,55,92,1
3,0,-2,55,92,1
4,0,-2,55,93,1
5,0,-2,55,92,1
6,0,-2,56,96,1
7,0,-2,59,93,1
--- ---DELTA MATERIALIZED
patch_start,patch_end,offset,limit,count-ms,lookup-mus,results
0,1,0,-2,51,44,0
0,2,0,-2,51,44,0
0,3,0,-2,51,46,0
0,4,0,-2,51,44,0
0,5,0,-2,51,44,0
0,6,0,-2,51,44,0
0,7,0,-2,52,43,0
1,2,0,-2,99,43,0
1,3,0,-2,99,43,0
1,4,0,-2,99,43,0
1,5,0,-2,99,43,0
1,6,0,-2,98,43,0
1,7,0,-2,99,44,0
2,3,0,-2,98,43,0
2,4,0,-2,98,43,0
2,5,0,-2,100,43,0
2,6,0,-2,98,43,0
2,7,0,-2,99,43,0
3,4,0,-2,99,43,0
3,5,0,-2,98,44,0
3,6,0,-2,98,46,0
3,7,0,-2,99,43,0
4,5,0,-2,99,43,0
4,6,0,-2,99,44,0
4,7,0,-2,99,43,0
5,6,0,-2,98,43,0
5,7,0,-2,101,44,0
6,7,0,-2,99,43,0
--- ---VERSION
offset,limit,count-ms,lookup-mus,results
0,-2,32,46,1
---PATTERN START: http://aigp.csres.utexas.edu/~aigp/researcher/show/1694 http://www.w3.org/1999/02/22-rdf-syntax-ns#type .
--- ---VERSION MATERIALIZED
patch,offset,limit,count-ms,lookup-mus,results
0,0,-2,4,5,1
1,0,-2,95,108,1
2,0,-2,60,107,1
3,0,-2,60,107,1
4,0,-2,59,110,1
5,0,-2,59,105,1
6,0,-2,59,106,1
7,0,-2,61,107,1
--- ---DELTA MATERIALIZED
patch_start,patch_end,offset,limit,count-ms,lookup-mus,results
0,1,0,-2,54,48,0
0,2,0,-2,54,48,0
0,3,0,-2,55,50,0
0,4,0,-2,55,48,0
0,5,0,-2,55,48,0
0,6,0,-2,55,48,0
0,7,0,-2,56,48,0
1,2,0,-2,107,48,0
1,3,0,-2,106,48,0
1,4,0,-2,107,47,0
1,5,0,-2,107,48,0
1,6,0,-2,106,48,0
1,7,0,-2,108,48,0
2,3,0,-2,106,48,0
2,4,0,-2,107,48,0
2,5,0,-2,106,47,0
2,6,0,-2,106,48,0
2,7,0,-2,106,48,0
3,4,0,-2,106,48,0
3,5,0,-2,106,47,0
3,6,0,-2,106,48,0
3,7,0,-2,106,48,0
4,5,0,-2,105,47,0
4,6,0,-2,105,47,0
4,7,0,-2,107,47,0
5,6,0,-2,106,47,0
5,7,0,-2,106,48,0
6,7,0,-2,106,47,0
--- ---VERSION
offset,limit,count-ms,lookup-mus,results
0,-2,30,49,1
---PATTERN START: http://aigp.csres.utexas.edu/~aigp/researcher/show/4605 http://swat.cse.lehigh.edu/resources/onto/aigp.owl#name .
--- ---VERSION MATERIALIZED
patch,offset,limit,count-ms,lookup-mus,results
0,0,-2,4,6,1
1,0,-2,101,112,1
2,0,-2,62,111,1
3,0,-2,63,111,1
4,0,-2,62,115,1
5,0,-2,64,115,1
6,0,-2,64,116,1
7,0,-2,64,115,1
--- ---DELTA MATERIALIZED
patch_start,patch_end,offset,limit,count-ms,lookup-mus,results
0,1,0,-2,59,53,0
0,2,0,-2,58,53,0
0,3,0,-2,59,52,0
0,4,0,-2,58,52,0
0,5,0,-2,59,53,0
0,6,0,-2,59,52,0
0,7,0,-2,61,53,0
1,2,0,-2,116,52,0
1,3,0,-2,115,52,0
1,4,0,-2,115,52,0
1,5,0,-2,115,52,0
1,6,0,-2,116,52,0
1,7,0,-2,114,52,0
2,3,0,-2,114,53,0
2,4,0,-2,114,52,0
2,5,0,-2,114,53,0
2,6,0,-2,115,52,0
2,7,0,-2,114,52,0
3,4,0,-2,114,52,0
3,5,0,-2,114,53,0
3,6,0,-2,117,52,0
3,7,0,-2,114,53,0
4,5,0,-2,114,53,0
4,6,0,-2,115,52,0
4,7,0,-2,115,52,0
5,6,0,-2,116,53,0
5,7,0,-2,114,52,0
6,7,0,-2,115,52,0
--- ---VERSION
offset,limit,count-ms,lookup-mus,results
0,-2,33,53,1
---PATTERN START: http://aigp.csres.utexas.edu/~aigp/researcher/show/3459 http://www.w3.org/1999/02/22-rdf-syntax-ns#type .
--- ---VERSION MATERIALIZED
patch,offset,limit,count-ms,lookup-mus,results
0,0,-2,4,6,1
1,0,-2,114,144,1
2,0,-2,89,148,1
3,0,-2,91,144,1
4,0,-2,90,152,1
5,0,-2,93,154,1
6,0,-2,96,154,1
7,0,-2,92,152,1
--- ---DELTA MATERIALIZED
patch_start,patch_end,offset,limit,count-ms,lookup-mus,results
0,1,0,-2,86,77,0
0,2,0,-2,90,78,0
0,3,0,-2,91,76,0
0,4,0,-2,91,76,0
0,5,0,-2,89,76,0
0,6,0,-2,89,76,0
0,7,0,-2,89,78,0
1,2,0,-2,176,78,0
1,3,0,-2,175,75,0
1,4,0,-2,176,78,0
1,5,0,-2,175,77,0
1,6,0,-2,175,77,0
1,7,0,-2,175,77,0
2,3,0,-2,176,77,0
2,4,0,-2,175,78,0
2,5,0,-2,175,77,0
2,6,0,-2,177,77,0
2,7,0,-2,175,75,0
3,4,0,-2,167,74,0
3,5,0,-2,167,74,0
3,6,0,-2,167,74,0
3,7,0,-2,165,74,0
4,5,0,-2,166,75,0
4,6,0,-2,165,74,0
4,7,0,-2,166,74,0
5,6,0,-2,165,75,0
5,7,0,-2,165,75,0
6,7,0,-2,165,74,0
--- ---VERSION
offset,limit,count-ms,lookup-mus,results
0,-2,52,73,1
---PATTERN START: http://aigp.csres.utexas.edu/~aigp/researcher/show/4397 http://swat.cse.lehigh.edu/resources/onto/aigp.owl#hasAdvisor .
--- ---VERSION MATERIALIZED
patch,offset,limit,count-ms,lookup-mus,results
0,0,-2,3,5,1
1,0,-2,94,118,1
2,0,-2,68,117,1
3,0,-2,70,118,1
4,0,-2,68,117,1
5,0,-2,69,117,1
6,0,-2,68,118,1
7,0,-2,68,121,1
--- ---DELTA MATERIALIZED
patch_start,patch_end,offset,limit,count-ms,lookup-mus,results
0,1,0,-2,64,59,0
0,2,0,-2,64,58,0
0,3,0,-2,64,57,0
0,4,0,-2,64,57,0
0,5,0,-2,64,58,0
0,6,0,-2,65,57,0
0,7,0,-2,64,57,0
1,2,0,-2,125,57,0
1,3,0,-2,125,58,0
1,4,0,-2,125,58,0
1,5,0,-2,126,58,0
1,6,0,-2,125,57,0
1,7,0,-2,125,58,0
2,3,0,-2,125,57,0
2,4,0,-2,127,58,0
2,5,0,-2,126,57,0
2,6,0,-2,126,59,0
2,7,0,-2,125,58,0
3,4,0,-2,125,59,0
3,5,0,-2,125,57,0
3,6,0,-2,126,58,0
3,7,0,-2,126,58,0
4,5,0,-2,125,58,0
4,6,0,-2,126,58,0
4,7,0,-2,126,58,0
5,6,0,-2,125,58,0
5,7,0,-2,125,57,0
6,7,0,-2,128,58,0
--- ---VERSION
offset,limit,count-ms,lookup-mus,results
0,-2,39,60,1
---PATTERN START: http://aigp.csres.utexas.edu/~aigp/researcher/show/3840 http://swat.cse.lehigh.edu/resources/onto/aigp.owl#name .
--- ---VERSION MATERIALIZED
patch,offset,limit,count-ms,lookup-mus,results
0,0,-2,3,6,1
1,0,-2,59,88,1
2,0,-2,54,87,1
3,0,-2,53,88,1
4,0,-2,53,87,1
5,0,-2,53,86,1
6,0,-2,53,94,1
7,0,-2,55,91,1
--- ---DELTA MATERIALIZED
patch_start,patch_end,offset,limit,count-ms,lookup-mus,results
0,1,0,-2,51,43,0
0,2,0,-2,51,43,0
0,3,0,-2,50,43,0
0,4,0,-2,50,43,0
0,5,0,-2,50,43,0
0,6,0,-2,50,42,0
0,7,0,-2,52,44,0
1,2,0,-2,97,43,0
1,3,0,-2,97,43,0
1,4,0,-2,98,43,0
1,5,0,-2,98,43,0
1,6,0,-2,98,43,0
1,7,0,-2,99,44,0
2,3,0,-2,98,43,0
2,4,0,-2,98,43,0
2,5,0,-2,97,43,0
2,6,0,-2,97,43,0
2,7,0,-2,98,44,0
3,4,0,-2,97,43,0
3,5,0,-2,97,44,0
3,6,0,-2,98,43,0
3,7,0,-2,97,43,0
4,5,0,-2,98,43,0
4,6,0,-2,111,46,0
4,7,0,-2,98,43,0
5,6,0,-2,98,44,0
5,7,0,-2,98,43,0
6,7,0,-2,98,42,0
--- ---VERSION
offset,limit,count-ms,lookup-mus,results
0,-2,32,46,1
---PATTERN START: http://aigp.csres.utexas.edu/~aigp/researcher/show/4060 http://www.w3.org/1999/02/22-rdf-syntax-ns#type .
--- ---VERSION MATERIALIZED
patch,offset,limit,count-ms,lookup-mus,results
0,0,-2,3,5,1
1,0,-2,122,138,1
2,0,-2,86,137,1
3,0,-2,85,137,1
4,0,-2,85,141,1
5,0,-2,86,143,1
6,0,-2,85,140,1
7,0,-2,87,140,1
--- ---DELTA MATERIALIZED
patch_start,patch_end,offset,limit,count-ms,lookup-mus,results
0,1,0,-2,79,71,0
0,2,0,-2,81,72,0
0,3,0,-2,81,72,0
0,4,0,-2,81,72,0
0,5,0,-2,81,71,0
0,6,0,-2,81,71,0
0,7,0,-2,81,73,0
1,2,0,-2,160,72,0
1,3,0,-2,160,72,0
1,4,0,-2,159,71,0
1,5,0,-2,162,72,0
1,6,0,-2,160,72,0
1,7,0,-2,160,70,0
2,3,0,-2,158,70,0
2,4,0,-2,155,69,0
2,5,0,-2,156,69,0
2,6,0,-2,155,70,0
2,7,0,-2,157,71,0
3,4,0,-2,156,69,0
3,5,0,-2,156,69,0
3,6,0,-2,159,69,0
3,7,0,-2,156,70,0
4,5,0,-2,155,69,0
4,6,0,-2,155,70,0
4,7,0,-2,157,70,0
5,6,0,-2,155,70,0
5,7,0,-2,156,70,0
6,7,0,-2,157,70,0
--- ---VERSION
offset,limit,count-ms,lookup-mus,results
0,-2,50,69,1
---PATTERN START: http://bnb.data.bl.uk/doc/resource/006893251.html?_metadata=all,views,formats,execution,bindings&_view=all http://www.w3.org/2000/01/rdf-schema#label .
--- ---VERSION MATERIALIZED
patch,offset,limit,count-ms,lookup-mus,results
0,0,-2,5,6,1
1,0,-2,109,90,1
2,0,-2,51,89,1
3,0,-2,51,90,1
4,0,-2,51,92,1
5,0,-2,53,96,1
6,0,-2,53,99,1
7,0,-2,54,97,1
--- ---DELTA MATERIALIZED
patch_start,patch_end,offset,limit,count-ms,lookup-mus,results
0,1,0,-2,51,44,0
0,2,0,-2,50,44,0
0,3,0,-2,50,44,0
0,4,0,-2,48,44,0
0,5,0,-2,50,44,0
0,6,0,-2,50,44,0
0,7,0,-2,49,44,0
1,2,0,-2,96,44,0
1,3,0,-2,97,44,0
1,4,0,-2,96,43,0
1,5,0,-2,97,44,0
1,6,0,-2,99,44,0
1,7,0,-2,97,43,0
2,3,0,-2,96,43,0
2,4,0,-2,96,43,0
2,5,0,-2,96,44,0
2,6,0,-2,96,43,0
2,7,0,-2,97,43,0
3,4,0,-2,96,43,0
3,5,0,-2,96,43,0
3,6,0,-2,96,43,0
3,7,0,-2,96,44,0
4,5,0,-2,96,48,0
4,6,0,-2,99,43,0
4,7,0,-2,96,43,0
5,6,0,-2,96,43,0
5,7,0,-2,95,43,0
6,7,0,-2,96,43,0
--- ---VERSION
offset,limit,count-ms,lookup-mus,results
0,-2,29,46,1
---PATTERN START: http://aigp.csres.utexas.edu/~aigp/researcher/show/2070 http://swat.cse.lehigh.edu/resources/onto/aigp.owl#hasAdvisor .
--- ---VERSION MATERIALIZED
patch,offset,limit,count-ms,lookup-mus,results
0,0,-2,5,5,1
1,0,-2,120,148,1
2,0,-2,82,145,1
3,0,-2,81,144,1
4,0,-2,82,151,1
5,0,-2,85,150,1
6,0,-2,85,150,1
7,0,-2,85,152,1
--- ---DELTA MATERIALIZED
patch_start,patch_end,offset,limit,count-ms,lookup-mus,results
0,1,0,-2,80,70,0
0,2,0,-2,82,70,0
0,3,0,-2,79,70,0
0,4,0,-2,80,70,0
0,5,0,-2,78,70,0
0,6,0,-2,79,70,0
0,7,0,-2,79,70,0
1,2,0,-2,156,70,0
1,3,0,-2,156,70,0
1,4,0,-2,155,70,0
1,5,0,-2,158,70,0
1,6,0,-2,155,70,0
1,7,0,-2,156,70,0
2,3,0,-2,157,70,0
2,4,0,-2,156,71,0
2,5,0,-2,155,70,0
2,6,0,-2,156,70,0
2,7,0,-2,156,69,0
3,4,0,-2,156,69,0
3,5,0,-2,155,70,0
3,6,0,-2,157,71,0
3,7,0,-2,155,70,0
4,5,0,-2,153,67,0
4,6,0,-2,149,66,0
4,7,0,-2,151,67,0
5,6,0,-2,148,67,0
5,7,0,-2,149,66,0
6,7,0,-2,148,68,0
--- ---VERSION
offset,limit,count-ms,lookup-mus,results
0,-2,42,64,1
---PATTERN START: http://aigp.csres.utexas.edu/~aigp/researcher/show/103 http://www.w3.org/1999/02/22-rdf-syntax-ns#type .
--- ---VERSION MATERIALIZED
patch,offset,limit,count-ms,lookup-mus,results
0,0,-2,4,5,1
1,0,-2,116,112,1
2,0,-2,71,111,1
3,0,-2,70,111,1
4,0,-2,70,117,1
5,0,-2,73,119,1
6,0,-2,73,117,1
7,0,-2,73,116,1
--- ---DELTA MATERIALIZED
patch_start,patch_end,offset,limit,count-ms,lookup-mus,results
0,1,0,-2,67,62,0
0,2,0,-2,68,62,0
0,3,0,-2,69,61,0
0,4,0,-2,68,61,0
0,5,0,-2,67,62,0
0,6,0,-2,68,61,0
0,7,0,-2,69,62,0
1,2,0,-2,133,63,0
1,3,0,-2,133,61,0
1,4,0,-2,132,61,0
1,5,0,-2,133,61,0
1,6,0,-2,133,63,0
1,7,0,-2,132,62,0
2,3,0,-2,133,61,0
2,4,0,-2,132,61,0
2,5,0,-2,132,61,0
2,6,0,-2,134,61,0
2,7,0,-2,133,61,0
3,4,0,-2,132,62,0
3,5,0,-2,132,61,0
3,6,0,-2,134,61,0
3,7,0,-2,133,61,0
4,5,0,-2,133,61,0
4,6,0,-2,132,61,0
4,7,0,-2,134,62,0
5,6,0,-2,133,61,0
5,7,0,-2,132,61,0
6,7,0,-2,133,61,0
--- ---VERSION
offset,limit,count-ms,lookup-mus,results
0,-2,48,64,1
---PATTERN START: http://aigp.csres.utexas.edu/~aigp/researcher/show/1348 http://www.w3.org/2002/07/owl#sameAs .
--- ---VERSION MATERIALIZED
patch,offset,limit,count-ms,lookup-mus,results
0,0,-2,4,6,1
1,0,-2,109,139,1
2,0,-2,80,135,1
3,0,-2,80,135,1
4,0,-2,81,135,1
5,0,-2,84,135,1
6,0,-2,79,135,1
7,0,-2,80,134,1
--- ---DELTA MATERIALIZED
patch_start,patch_end,offset,limit,count-ms,lookup-mus,results
0,1,0,-2,74,66,0
0,2,0,-2,76,66,0
0,3,0,-2,75,65,0
0,4,0,-2,76,66,0
0,5,0,-2,75,66,0
0,6,0,-2,75,65,0
0,7,0,-2,75,66,0
1,2,0,-2,147,66,0
1,3,0,-2,147,66,0
1,4,0,-2,148,66,0
1,5,0,-2,146,67,0
1,6,0,-2,147,66,0
1,7,0,-2,146,65,0
2,3,0,-2,147,65,0
2,4,0,-2,148,65,0
2,5,0,-2,147,65,0
2,6,0,-2,146,65,0
2,7,0,-2,146,66,0
3,4,0,-2,148,65,0
3,5,0,-2,146,65,0
3,6,0,-2,147,65,0
3,7,0,-2,147,67,0
4,5,0,-2,147,65,0
4,6,0,-2,147,65,0
4,7,0,-2,147,66,0
5,6,0,-2,147,65,0
5,7,0,-2,146,65,0
6,7,0,-2,146,66,0
--- ---VERSION
offset,limit,count-ms,lookup-mus,results
0,-2,45,63,1
---PATTERN START: http://aigp.csres.utexas.edu/~aigp/researcher/show/2532 http://swat.cse.lehigh.edu/resources/onto/aigp.owl#name .
--- ---VERSION MATERIALIZED
patch,offset,limit,count-ms,lookup-mus,results
0,0,-2,4,6,1
1,0,-2,107,115,1
2,0,-2,66,115,1
3,0,-2,69,115,1
4,0,-2,66,114,1
5,0,-2,66,115,1
6,0,-2,66,115,1
7,0,-2,66,116,1
--- ---DELTA MATERIALIZED
patch_start,patch_end,offset,limit,count-ms,lookup-mus,results
0,1,0,-2,61,55,0
0,2,0,-2,61,55,0
0,3,0,-2,61,55,0
0,4,0,-2,61,55,0
0,5,0,-2,61,55,0
0,6,0,-2,61,56,0
0,7,0,-2,61,55,0
1,2,0,-2,119,57,0
1,3,0,-2,119,55,0
1,4,0,-2,120,55,0
1,5,0,-2,119,58,0
1,6,0,-2,120,56,0
1,7,0,-2,120,56,0
2,3,0,-2,120,56,0
2,4,0,-2,120,57,0
2,5,0,-2,121,55,0
2,6,0,-2,120,56,0
2,7,0,-2,120,56,0
3,4,0,-2,120,56,0
3,5,0,-2,121,55,0
3,6,0,-2,120,56,0
3,7,0,-2,120,56,0
4,5,0,-2,120,56,0
4,6,0,-2,120,56,0
4,7,0,-2,122,56,0
5,6,0,-2,120,55,0
5,7,0,-2,120,56,0
6,7,0,-2,119,56,0
--- ---VERSION
offset,limit,count-ms,lookup-mus,results
0,-2,37,55,1
---PATTERN START: http://aigp.csres.utexas.edu/~aigp/researcher/show/1218 http://swat.cse.lehigh.edu/resources/onto/aigp.owl#name .
--- ---VERSION MATERIALIZED
patch,offset,limit,count-ms,lookup-mus,results
0,0,-2,3,6,1
1,0,-2,105,118,1
2,0,-2,69,119,1
3,0,-2,65,118,1
4,0,-2,66,118,1
5,0,-2,66,118,1
6,0,-2,67,122,1
7,0,-2,65,121,1
--- ---DELTA MATERIALIZED
patch_start,patch_end,offset,limit,count-ms,lookup-mus,results
0,1,0,-2,62,55,0
0,2,0,-2,60,54,0
0,3,0,-2,61,55,0
0,4,0,-2,62,56,0
0,5,0,-2,64,55,0
0,6,0,-2,64,55,0
0,7,0,-2,62,55,0
1,2,0,-2,122,56,0
1,3,0,-2,122,55,0
1,4,0,-2,127,58,0
1,5,0,-2,122,55,0
1,6,0,-2,123,55,0
1,7,0,-2,121,55,0
2,3,0,-2,121,57,0
2,4,0,-2,121,55,0
2,5,0,-2,122,55,0
2,6,0,-2,122,55,0
2,7,0,-2,121,55,0
3,4,0,-2,122,54,0
3,5,0,-2,122,55,0
3,6,0,-2,122,55,0
3,7,0,-2,122,55,0
4,5,0,-2,122,57,0
4,6,0,-2,122,55,0
4,7,0,-2,122,54,0
5,6,0,-2,123,55,0
5,7,0,-2,122,55,0
6,7,0,-2,124,55,0
--- ---VERSION
offset,limit,count-ms,lookup-mus,results
0,-2,34,55,1
---PATTERN START: http://aigp.csres.utexas.edu/~aigp/researcher/show/3590 http://www.w3.org/1999/02/22-rdf-syntax-ns#type .
--- ---VERSION MATERIALIZED
patch,offset,limit,count-ms,lookup-mus,results
0,0,-2,3,5,1
1,0,-2,133,154,1
2,0,-2,92,153,1
3,0,-2,92,153,1
4,0,-2,93,159,1
5,0,-2,92,157,1
6,0,-2,94,158,1
7,0,-2,96,158,1
--- ---DELTA MATERIALIZED
patch_start,patch_end,offset,limit,count-ms,lookup-mus,results
0,1,0,-2,88,78,0
0,2,0,-2,88,77,0
0,3,0,-2,88,77,0
0,4,0,-2,88,79,0
0,5,0,-2,88,77,0
0,6,0,-2,88,76,0
0,7,0,-2,88,77,0
1,2,0,-2,173,78,0
1,3,0,-2,173,77,0
1,4,0,-2,172,77,0
1,5,0,-2,173,76,0
1,6,0,-2,175,78,0
1,7,0,-2,173,77,0
2,3,0,-2,172,75,0
2,4,0,-2,171,75,0
2,5,0,-2,169,75,0
2,6,0,-2,170,75,0
2,7,0,-2,174,79,0
3,4,0,-2,169,75,0
3,5,0,-2,169,75,0
3,6,0,-2,169,77,0
3,7,0,-2,169,75,0
4,5,0,-2,169,75,0
4,6,0,-2,168,76,0
4,7,0,-2,169,76,0
5,6,0,-2,169,75,0
5,7,0,-2,169,75,0
6,7,0,-2,171,75,0
--- ---VERSION
offset,limit,count-ms,lookup-mus,results
0,-2,51,72,1
---PATTERN START: http://aigp.csres.utexas.edu/~aigp/researcher/show/535 http://swat.cse.lehigh.edu/resources/onto/aigp.owl#hasAdvisor .
--- ---VERSION MATERIALIZED
patch,offset,limit,count-ms,lookup-mus,results
0,0,-2,4,5,1
1,0,-2,117,121,1
2,0,-2,74,121,1
3,0,-2,74,121,1
4,0,-2,73,122,1
5,0,-2,74,121,1
6,0,-2,74,121,1
7,0,-2,74,124,1
--- ---DELTA MATERIALIZED
patch_start,patch_end,offset,limit,count-ms,lookup-mus,results
0,1,0,-2,68,66,0
0,2,0,-2,70,64,0
0,3,0,-2,70,64,0
0,4,0,-2,70,64,0
0,5,0,-2,70,64,0
0,6,0,-2,70,64,0
0,7,0,-2,72,65,0
1,2,0,-2,137,65,0
1,3,0,-2,137,64,0
1,4,0,-2,137,66,0
1,5,0,-2,138,64,0
1,6,0,-2,138,65,0
1,7,0,-2,141,69,0
2,3,0,-2,138,65,0
2,4,0,-2,138,64,0
2,5,0,-2,136,66,0
2,6,0,-2,137,65,0
2,7,0,-2,138,65,0
3,4,0,-2,140,64,0
3,5,0,-2,137,65,0
3,6,0,-2,138,64,0
3,7,0,-2,137,64,0
4,5,0,-2,138,64,0
4,6,0,-2,138,65,0
4,7,0,-2,138,64,0
5,6,0,-2,138,64,0
5,7,0,-2,138,64,0
6,7,0,-2,137,64,0
--- ---VERSION
offset,limit,count-ms,lookup-mus,results
0,-2,47,65,1
---PATTERN START: http://aigp.csres.utexas.edu/~aigp/researcher/show/243 http://swat.cse.lehigh.edu/resources/onto/aigp.owl#name .
--- ---VERSION MATERIALIZED
patch,offset,limit,count-ms,lookup-mus,results
0,0,-2,4,6,1
1,0,-2,107,127,1
2,0,-2,70,126,1
3,0,-2,70,127,1
4,0,-2,70,131,1
5,0,-2,72,130,1
6,0,-2,72,130,1
7,0,-2,72,131,1
--- ---DELTA MATERIALIZED
patch_start,patch_end,offset,limit,count-ms,lookup-mus,results
0,1,0,-2,66,60,0
0,2,0,-2,67,60,0
0,3,0,-2,67,59,0
0,4,0,-2,66,59,0
0,5,0,-2,66,59,0
0,6,0,-2,70,59,0
0,7,0,-2,67,59,0
1,2,0,-2,130,59,0
1,3,0,-2,130,60,0
1,4,0,-2,131,60,0
1,5,0,-2,130,60,0
1,6,0,-2,131,59,0
1,7,0,-2,130,59,0
2,3,0,-2,130,59,0
2,4,0,-2,131,59,0
2,5,0,-2,130,59,0
2,6,0,-2,130,59,0
2,7,0,-2,129,60,0
3,4,0,-2,132,60,0
3,5,0,-2,130,59,0
3,6,0,-2,131,59,0
3,7,0,-2,130,59,0
4,5,0,-2,131,59,0
4,6,0,-2,130,59,0
4,7,0,-2,130,59,0
5,6,0,-2,130,59,0
5,7,0,-2,131,59,0
6,7,0,-2,131,59,0
--- ---VERSION
offset,limit,count-ms,lookup-mus,results
0,-2,37,60,1
---PATTERN START: http://aigp.csres.utexas.edu/~aigp/researcher/show/673 http://swat.cse.lehigh.edu/resources/onto/aigp.owl#name .
--- ---VERSION MATERIALIZED
patch,offset,limit,count-ms,lookup-mus,results
0,0,-2,3,7,1
1,0,-2,66,108,1
2,0,-2,64,108,1
3,0,-2,63,108,1
4,0,-2,63,109,1
5,0,-2,63,108,1
6,0,-2,62,107,1
7,0,-2,63,107,1
--- ---DELTA MATERIALIZED
patch_start,patch_end,offset,limit,count-ms,lookup-mus,results
0,1,0,-2,58,51,0
0,2,0,-2,59,52,0
0,3,0,-2,59,52,0
0,4,0,-2,58,51,0
0,5,0,-2,58,51,0
0,6,0,-2,58,51,0
0,7,0,-2,58,51,0
1,2,0,-2,113,51,0
1,3,0,-2,115,52,0
1,4,0,-2,113,52,0
1,5,0,-2,114,52,0
1,6,0,-2,113,52,0
1,7,0,-2,113,52,0
2,3,0,-2,115,52,0
2,4,0,-2,113,52,0
2,5,0,-2,115,52,0
2,6,0,-2,114,51,0
2,7,0,-2,115,53,0
3,4,0,-2,114,51,0
3,5,0,-2,114,52,0
3,6,0,-2,113,51,0
3,7,0,-2,113,52,0
4,5,0,-2,115,54,0
4,6,0,-2,114,51,0
4,7,0,-2,114,53,0
5,6,0,-2,115,51,0
5,7,0,-2,114,52,0
6,7,0,-2,122,57,0
--- ---VERSION
offset,limit,count-ms,lookup-mus,results
0,-2,37,57,1
---PATTERN START: http://aigp.csres.utexas.edu/~aigp/researcher/show/178 http://www.w3.org/1999/02/22-rdf-syntax-ns#type .
--- ---VERSION MATERIALIZED
patch,offset,limit,count-ms,lookup-mus,results
0,0,-2,3,4,1
1,0,-2,118,144,1
2,0,-2,85,144,1
3,0,-2,86,143,1
4,0,-2,87,154,1
5,0,-2,88,149,1
6,0,-2,92,152,1
7,0,-2,90,152,1
--- ---DELTA MATERIALIZED
patch_start,patch_end,offset,limit,count-ms,lookup-mus,results
0,1,0,-2,84,73,0
0,2,0,-2,86,73,0
0,3,0,-2,86,74,0
0,4,0,-2,85,73,0
0,5,0,-2,85,74,0
0,6,0,-2,86,74,0
0,7,0,-2,85,72,0
1,2,0,-2,166,73,0
1,3,0,-2,167,76,0
1,4,0,-2,166,73,0
1,5,0,-2,168,74,0
1,6,0,-2,167,73,0
1,7,0,-2,169,74,0
2,3,0,-2,166,73,0
2,4,0,-2,168,74,0
2,5,0,-2,167,73,0
2,6,0,-2,168,73,0
2,7,0,-2,165,73,0
3,4,0,-2,170,73,0
3,5,0,-2,166,73,0
3,6,0,-2,168,74,0
3,7,0,-2,166,74,0
4,5,0,-2,166,73,0
4,6,0,-2,166,73,0
4,7,0,-2,168,73,0
5,6,0,-2,167,74,0
5,7,0,-2,168,73,0
6,7,0,-2,166,73,0
--- ---VERSION
offset,limit,count-ms,lookup-mus,results
0,-2,49,75,1
---PATTERN START: http://aigp.csres.utexas.edu/~aigp/researcher/show/2075 http://www.w3.org/1999/02/22-rdf-syntax-ns#type .
--- ---VERSION MATERIALIZED
patch,offset,limit,count-ms,lookup-mus,results
0,0,-2,3,5,1
1,0,-2,74,89,1
2,0,-2,51,92,1
3,0,-2,52,89,1
4,0,-2,51,92,1
5,0,-2,52,92,1
6,0,-2,51,93,1
7,0,-2,51,92,1
--- ---DELTA MATERIALIZED
patch_start,patch_end,offset,limit,count-ms,lookup-mus,results
0,1,0,-2,47,41,0
0,2,0,-2,47,42,0
0,3,0,-2,48,41,0
0,4,0,-2,47,41,0
0,5,0,-2,47,41,0
0,6,0,-2,47,41,0
0,7,0,-2,47,41,0
1,2,0,-2,90,43,0
1,3,0,-2,94,41,0
1,4,0,-2,91,41,0
1,5,0,-2,91,41,0
1,6,0,-2,91,41,0
1,7,0,-2,90,41,0
2,3,0,-2,91,43,0
2,4,0,-2,90,42,0
2,5,0,-2,91,41,0
2,6,0,-2,90,41,0
2,7,0,-2,90,41,0
3,4,0,-2,91,41,0
3,5,0,-2,92,43,0
3,6,0,-2,91,41,0
3,7,0,-2,91,41,0
4,5,0,-2,90,41,0
4,6,0,-2,91,41,0
4,7,0,-2,90,41,0
5,6,0,-2,91,44,0
5,7,0,-2,91,42,0
6,7,0,-2,91,41,0
--- ---VERSION
offset,limit,count-ms,lookup-mus,results
0,-2,28,44,1
---PATTERN START: http://aigp.csres.utexas.edu/~aigp/researcher/show/3459 http://swat.cse.lehigh.edu/resources/onto/aigp.owl#hasAdvisor .
--- ---VERSION MATERIALIZED
patch,offset,limit,count-ms,lookup-mus,results
0,0,-2,3,5,1
1,0,-2,70,99,1
2,0,-2,56,98,1
3,0,-2,56,98,1
4,0,-2,57,98,1
5,0,-2,59,99,1
6,0,-2,57,97,1
7,0,-2,56,98,1
--- ---DELTA MATERIALIZED
patch_start,patch_end,offset,limit,count-ms,lookup-mus,results
0,1,0,-2,52,45,0
0,2,0,-2,52,44,0
0,3,0,-2,52,44,0
0,4,0,-2,54,45,0
0,5,0,-2,53,44,0
0,6,0,-2,53,44,0
0,7,0,-2,52,44,0
1,2,0,-2,101,45,0
1,3,0,-2,102,45,0
1,4,0,-2,102,46,0
1,5,0,-2,102,46,0
1,6,0,-2,102,45,0
1,7,0,-2,102,45,0
2,3,0,-2,102,45,0
2,4,0,-2,102,45,0
2,5,0,-2,104,45,0
2,6,0,-2,102,45,0
2,7,0,-2,102,45,0
3,4,0,-2,102,45,0
3,5,0,-2,102,45,0
3,6,0,-2,104,45,0
3,7,0,-2,103,45,0
4,5,0,-2,102,45,0
4,6,0,-2,101,46,0
4,7,0,-2,103,45,0
5,6,0,-2,102,46,0
5,7,0,-2,103,45,0
6,7,0,-2,102,45,0
--- ---VERSION
offset,limit,count-ms,lookup-mus,results
0,-2,31,48,1
---PATTERN START: http://aigp.csres.utexas.edu/~aigp/researcher/show/534 http://swat.cse.lehigh.edu/resources/onto/aigp.owl#name .
--- ---VERSION MATERIALIZED
patch,offset,limit,count-ms,lookup-mus,results
0,0,-2,3,7,1
1,0,-2,75,119,1
2,0,-2,73,119,1
3,0,-2,71,119,1
4,0,-2,75,119,1
5,0,-2,73,119,1
6,0,-2,73,118,1
7,0,-2,73,119,1
--- ---DELTA MATERIALIZED
patch_start,patch_end,offset,limit,count-ms,lookup-mus,results
0,1,0,-2,68,63,0
0,2,0,-2,68,62,0
0,3,0,-2,68,62,0
0,4,0,-2,67,62,0
0,5,0,-2,68,62,0
0,6,0,-2,67,61,0
0,7,0,-2,68,63,0
1,2,0,-2,133,62,0
1,3,0,-2,133,62,0
1,4,0,-2,133,62,0
1,5,0,-2,133,66,0
1,6,0,-2,133,62,0
1,7,0,-2,133,62,0
2,3,0,-2,133,62,0
2,4,0,-2,133,63,0
2,5,0,-2,133,62,0
2,6,0,-2,133,63,0
2,7,0,-2,132,62,0
3,4,0,-2,133,63,0
3,5,0,-2,133,62,0
3,6,0,-2,133,62,0
3,7,0,-2,132,62,0
4,5,0,-2,133,64,0
4,6,0,-2,133,63,0
4,7,0,-2,148,62,0
5,6,0,-2,133,62,0
5,7,0,-2,133,63,0
6,7,0,-2,133,62,0
--- ---VERSION
offset,limit,count-ms,lookup-mus,results
0,-2,45,63,1
---PATTERN START: http://aigp.csres.utexas.edu/~aigp/researcher/show/2838 http://www.w3.org/2002/07/owl#sameAs .
--- ---VERSION MATERIALIZED
patch,offset,limit,count-ms,lookup-mus,results
0,0,-2,3,5,1
1,0,-2,105,114,1
2,0,-2,68,113,1
3,0,-2,69,114,1
4,0,-2,68,123,1
5,0,-2,70,119,1
6,0,-2,70,118,1
7,0,-2,70,118,1
--- ---DELTA MATERIALIZED
patch_start,patch_end,offset,limit,count-ms,lookup-mus,results
0,1,0,-2,66,60,0
0,2,0,-2,66,59,0
0,3,0,-2,66,59,0
0,4,0,-2,65,59,0
0,5,0,-2,65,58,0
0,6,0,-2,65,59,0
0,7,0,-2,65,59,0
1,2,0,-2,128,59,0
1,3,0,-2,129,60,0
1,4,0,-2,128,60,0
1,5,0,-2,129,60,0
1,6,0,-2,131,60,0
1,7,0,-2,129,60,0
2,3,0,-2,129,59,0
2,4,0,-2,129,61,0
2,5,0,-2,130,60,0
2,6,0,-2,129,60,0
2,7,0,-2,129,60,0
3,4,0,-2,129,59,0
3,5,0,-2,130,60,0
3,6,0,-2,130,61,0
3,7,0,-2,130,60,0
4,5,0,-2,129,60,0
4,6,0,-2,129,62,0
4,7,0,-2,130,60,0
5,6,0,-2,129,60,0
5,7,0,-2,129,61,0
6,7,0,-2,129,60,0
--- ---VERSION
offset,limit,count-ms,lookup-mus,results
0,-2,43,63,1
---PATTERN START: http://aigp.csres.utexas.edu/~aigp/researcher/show/3661 http://swat.cse.lehigh.edu/resources/onto/aigp.owl#name .
--- ---VERSION MATERIALIZED
patch,offset,limit,count-ms,lookup-mus,results
0,0,-2,4,6,1
1,0,-2,77,98,1
2,0,-2,55,93,1
3,0,-2,55,93,1
4,0,-2,55,94,1
5,0,-2,55,93,1
6,0,-2,56,93,1
7,0,-2,58,94,1
--- ---DELTA MATERIALIZED
patch_start,patch_end,offset,limit,count-ms,lookup-mus,results
0,1,0,-2,50,44,0
0,2,0,-2,51,44,0
0,3,0,-2,51,44,0
0,4,0,-2,50,44,0
0,5,0,-2,50,44,0
0,6,0,-2,51,43,0
0,7,0,-2,50,45,0
1,2,0,-2,98,44,0
1,3,0,-2,98,44,0
1,4,0,-2,97,46,0
1,5,0,-2,98,44,0
1,6,0,-2,99,44,0
1,7,0,-2,99,44,0
2,3,0,-2,98,44,0
2,4,0,-2,98,44,0
2,5,0,-2,97,44,0
2,6,0,-2,98,45,0
2,7,0,-2,97,46,0
3,4,0,-2,97,43,0
3,5,0,-2,97,44,0
3,6,0,-2,98,44,0
3,7,0,-2,97,44,0
4,5,0,-2,97,44,0
4,6,0,-2,100,44,0
4,7,0,-2,98,44,0
5,6,0,-2,98,44,0
5,7,0,-2,97,44,0
6,7,0,-2,98,44,0
--- ---VERSION
offset,limit,count-ms,lookup-mus,results
0,-2,31,47,1
---PATTERN START: http://aigp.csres.utexas.edu/~aigp/researcher/show/1218 http://www.w3.org/1999/02/22-rdf-syntax-ns#type .
--- ---VERSION MATERIALIZED
patch,offset,limit,count-ms,lookup-mus,results
0,0,-2,3,5,1
1,0,-2,67,118,1
2,0,-2,64,120,1
3,0,-2,65,117,1
4,0,-2,65,117,1
5,0,-2,64,117,1
6,0,-2,65,118,1
7,0,-2,65,116,1
--- ---DELTA MATERIALIZED
patch_start,patch_end,offset,limit,count-ms,lookup-mus,results
0,1,0,-2,61,53,0
0,2,0,-2,61,53,0
0,3,0,-2,60,52,0
0,4,0,-2,60,52,0
0,5,0,-2,60,53,0
0,6,0,-2,61,53,0
0,7,0,-2,60,53,0
1,2,0,-2,119,53,0
1,3,0,-2,119,53,0
1,4,0,-2,119,53,0
1,5,0,-2,121,54,0
1,6,0,-2,118,53,0
1,7,0,-2,119,53,0
2,3,0,-2,118,53,0
2,4,0,-2,119,54,0
2,5,0,-2,119,53,0
2,6,0,-2,118,57,0
2,7,0,-2,122,55,0
3,4,0,-2,123,56,0
3,5,0,-2,124,55,0
3,6,0,-2,123,55,0
3,7,0,-2,123,55,0
4,5,0,-2,123,55,0
4,6,0,-2,123,58,0
4,7,0,-2,123,55,0
5,6,0,-2,122,55,0
5,7,0,-2,123,55,0
6,7,0,-2,123,55,0
--- ---VERSION
offset,limit,count-ms,lookup-mus,results
0,-2,34,55,1
---PATTERN START: http://aigp.csres.utexas.edu/~aigp/researcher/show/1045 http://swat.cse.lehigh.edu/resources/onto/aigp.owl#name .
--- ---VERSION MATERIALIZED
patch,offset,limit,count-ms,lookup-mus,results
0,0,-2,3,6,1
1,0,-2,100,111,1
2,0,-2,65,107,1
3,0,-2,66,108,1
4,0,-2,65,114,1
5,0,-2,67,111,1
6,0,-2,69,111,1
7,0,-2,68,112,1
--- ---DELTA MATERIALIZED
patch_start,patch_end,offset,limit,count-ms,lookup-mus,results
0,1,0,-2,63,55,0
0,2,0,-2,62,55,0
0,3,0,-2,63,55,0
0,4,0,-2,62,54,0
0,5,0,-2,64,54,0
0,6,0,-2,63,55,0
0,7,0,-2,63,54,0
1,2,0,-2,121,55,0
1,3,0,-2,122,55,0
1,4,0,-2,123,54,0
1,5,0,-2,121,54,0
1,6,0,-2,121,54,0
1,7,0,-2,122,54,0
2,3,0,-2,121,54,0
2,4,0,-2,123,55,0
2,5,0,-2,121,54,0
2,6,0,-2,121,54,0
2,7,0,-2,121,54,0
3,4,0,-2,122,54,0
3,5,0,-2,122,54,0
3,6,0,-2,122,54,0
3,7,0,-2,123,54,0
4,5,0,-2,121,55,0
4,6,0,-2,122,54,0
4,7,0,-2,122,54,0
5,6,0,-2,121,54,0
5,7,0,-2,121,56,0
6,7,0,-2,124,54,0
--- ---VERSION
offset,limit,count-ms,lookup-mus,results
0,-2,39,54,1
---PATTERN START: http://berrueta.net/main/about-me-and-this-site#twitterAccount http://www.w3.org/1999/02/22-rdf-syntax-ns#type .
--- ---VERSION MATERIALIZED
patch,offset,limit,count-ms,lookup-mus,results
0,0,-2,4,6,1
1,0,-2,106,86,1
2,0,-2,51,84,1
3,0,-2,50,85,1
4,0,-2,50,87,1
5,0,-2,50,91,1
6,0,-2,51,93,1
7,0,-2,52,91,1
--- ---DELTA MATERIALIZED
patch_start,patch_end,offset,limit,count-ms,lookup-mus,results
0,1,0,-2,49,43,0
0,2,0,-2,48,43,0
0,3,0,-2,49,42,0
0,4,0,-2,48,42,0
0,5,0,-2,49,43,0
0,6,0,-2,49,44,0
0,7,0,-2,51,44,0
1,2,0,-2,96,44,0
1,3,0,-2,95,43,0
1,4,0,-2,96,43,0
1,5,0,-2,96,43,0
1,6,0,-2,96,43,0
1,7,0,-2,97,43,0
2,3,0,-2,95,44,0
2,4,0,-2,95,43,0
2,5,0,-2,95,42,0
2,6,0,-2,95,43,0
2,7,0,-2,95,44,0
3,4,0,-2,95,43,0
3,5,0,-2,95,43,0
3,6,0,-2,94,43,0
3,7,0,-2,95,43,0
4,5,0,-2,95,43,0
4,6,0,-2,98,42,0
4,7,0,-2,95,43,0
5,6,0,-2,95,43,0
5,7,0,-2,95,43,0
6,7,0,-2,95,43,0
--- ---VERSION
offset,limit,count-ms,lookup-mus,results
0,-2,29,45,1
---PATTERN START: http://aigp.csres.utexas.edu/~aigp/researcher/show/103 http://swat.cse.lehigh.edu/resources/onto/aigp.owl#name .
--- ---VERSION MATERIALIZED
patch,offset,limit,count-ms,lookup-mus,results
0,0,-2,3,7,1
1,0,-2,74,118,1
2,0,-2,71,116,1
3,0,-2,72,115,1
4,0,-2,74,115,1
5,0,-2,72,116,1
6,0,-2,73,119,1
7,0,-2,73,114,1
--- ---DELTA MATERIALIZED
patch_start,patch_end,offset,limit,count-ms,lookup-mus,results
0,1,0,-2,69,61,0
0,2,0,-2,68,61,0
0,3,0,-2,68,62,0
0,4,0,-2,67,61,0
0,5,0,-2,69,61,0
0,6,0,-2,67,61,0
0,7,0,-2,67,61,0
1,2,0,-2,131,62,0
1,3,0,-2,132,61,0
1,4,0,-2,133,61,0
1,5,0,-2,132,61,0
1,6,0,-2,132,61,0
1,7,0,-2,131,61,0
2,3,0,-2,134,61,0
2,4,0,-2,131,60,0
2,5,0,-2,132,61,0
2,6,0,-2,131,60,0
2,7,0,-2,133,60,0
3,4,0,-2,131,60,0
3,5,0,-2,132,62,0
3,6,0,-2,132,60,0
3,7,0,-2,132,61,0
4,5,0,-2,132,61,0
4,6,0,-2,131,60,0
4,7,0,-2,131,61,0
5,6,0,-2,132,64,0
5,7,0,-2,132,61,0
6,7,0,-2,131,60,0
--- ---VERSION
offset,limit,count-ms,lookup-mus,results
0,-2,46,63,1
---PATTERN START: http://aigp.csres.utexas.edu/~aigp/researcher/show/2838 http://swat.cse.lehigh.edu/resources/onto/aigp.owl#name .
--- ---VERSION MATERIALIZED
patch,offset,limit,count-ms,lookup-mus,results
0,0,-2,3,5,1
1,0,-2,73,120,1
2,0,-2,70,118,1
3,0,-2,70,119,1
4,0,-2,71,118,1
5,0,-2,71,118,1
6,0,-2,70,119,1
7,0,-2,70,119,1
--- ---DELTA MATERIALIZED
patch_start,patch_end,offset,limit,count-ms,lookup-mus,results
0,1,0,-2,66,59,0
0,2,0,-2,66,60,0
0,3,0,-2,65,59,0
0,4,0,-2,66,59,0
0,5,0,-2,65,59,0
0,6,0,-2,65,68,0
0,7,0,-2,71,59,0
1,2,0,-2,127,59,0
1,3,0,-2,128,59,0
1,4,0,-2,128,59,0
1,5,0,-2,129,60,0
1,6,0,-2,129,60,0
1,7,0,-2,129,62,0
2,3,0,-2,129,59,0
2,4,0,-2,131,60,0
2,5,0,-2,129,60,0
2,6,0,-2,129,60,0
2,7,0,-2,128,60,0
3,4,0,-2,129,60,0
3,5,0,-2,129,61,0
3,6,0,-2,129,60,0
3,7,0,-2,129,60,0
4,5,0,-2,128,61,0
4,6,0,-2,129,60,0
4,7,0,-2,129,59,0
5,6,0,-2,129,61,0
5,7,0,-2,129,61,0
6,7,0,-2,125,58,0
--- ---VERSION
offset,limit,count-ms,lookup-mus,results
0,-2,41,58,1
---PATTERN START: http://aigp.csres.utexas.edu/~aigp/researcher/show/932 http://swat.cse.lehigh.edu/resources/onto/aigp.owl#name .
--- ---VERSION MATERIALIZED
patch,offset,limit,count-ms,lookup-mus,results
0,0,-2,4,4,1
1,0,-2,104,111,1
2,0,-2,65,111,1
3,0,-2,65,111,1
4,0,-2,66,112,1
5,0,-2,64,111,1
6,0,-2,65,111,1
7,0,-2,65,112,1
--- ---DELTA MATERIALIZED
patch_start,patch_end,offset,limit,count-ms,lookup-mus,results
0,1,0,-2,61,54,0
0,2,0,-2,61,54,0
0,3,0,-2,63,55,0
0,4,0,-2,61,54,0
0,5,0,-2,61,54,0
0,6,0,-2,61,54,0
0,7,0,-2,61,56,0
1,2,0,-2,119,55,0
1,3,0,-2,120,55,0
1,4,0,-2,119,55,0
1,5,0,-2,119,54,0
1,6,0,-2,119,55,0
1,7,0,-2,119,56,0
2,3,0,-2,119,56,0
2,4,0,-2,120,55,0
2,5,0,-2,119,55,0
2,6,0,-2,119,55,0
2,7,0,-2,121,54,0
3,4,0,-2,119,55,0
3,5,0,-2,119,55,0
3,6,0,-2,119,55,0
3,7,0,-2,119,56,0
4,5,0,-2,119,55,0
4,6,0,-2,119,55,0
4,7,0,-2,120,55,0
5,6,0,-2,119,58,0
5,7,0,-2,124,56,0
6,7,0,-2,121,57,0
--- ---VERSION
offset,limit,count-ms,lookup-mus,results
0,-2,39,58,1
---PATTERN START: http://aigp.csres.utexas.edu/~aigp/researcher/show/4060 http://swat.cse.lehigh.edu/resources/onto/aigp.owl#hasAdvisor .
--- ---VERSION MATERIALIZED
patch,offset,limit,count-ms,lookup-mus,results
0,0,-2,3,5,1
1,0,-2,94,125,1
2,0,-2,73,125,1
3,0,-2,73,126,1
4,0,-2,75,125,1
5,0,-2,73,125,1
6,0,-2,73,126,1
7,0,-2,74,128,1
--- ---DELTA MATERIALIZED
patch_start,patch_end,offset,limit,count-ms,lookup-mus,results
0,1,0,-2,80,61,0
0,2,0,-2,69,60,0
0,3,0,-2,69,61,0
0,4,0,-2,69,60,0
0,5,0,-2,69,61,0
0,6,0,-2,69,63,0
0,7,0,-2,69,60,0
1,2,0,-2,136,61,0
1,3,0,-2,136,60,0
1,4,0,-2,135,61,0
1,5,0,-2,136,60,0
1,6,0,-2,136,61,0
1,7,0,-2,136,61,0
2,3,0,-2,136,60,0
2,4,0,-2,137,61,0
2,5,0,-2,136,60,0
2,6,0,-2,135,61,0
2,7,0,-2,135,61,0
3,4,0,-2,138,61,0
3,5,0,-2,136,60,0
3,6,0,-2,136,64,0
3,7,0,-2,140,61,0
4,5,0,-2,138,61,0
4,6,0,-2,135,61,0
4,7,0,-2,136,61,0
5,6,0,-2,136,61,0
5,7,0,-2,136,60,0
6,7,0,-2,135,60,0
--- ---VERSION
offset,limit,count-ms,lookup-mus,results
0,-2,40,59,1
---PATTERN START: http://aigp.csres.utexas.edu/~aigp/researcher/show/928 http://www.w3.org/1999/02/22-rdf-syntax-ns#type .
--- ---VERSION MATERIALIZED
patch,offset,limit,count-ms,lookup-mus,results
0,0,-2,4,5,1
1,0,-2,470,118,1
2,0,-2,119,114,1
3,0,-2,151,115,1
4,0,-2,150,226,1
5,0,-2,398,114,1
6,0,-2,144,206,1
7,0,-2,147,250,1
--- ---DELTA MATERIALIZED
patch_start,patch_end,offset,limit,count-ms,lookup-mus,results
0,1,0,-2,138,124,0
0,2,0,-2,136,121,0
0,3,0,-2,136,121,0
0,4,0,-2,137,124,0
0,5,0,-2,136,121,0
0,6,0,-2,136,121,0
0,7,0,-2,136,114,0
1,2,0,-2,118,54,0
1,3,0,-2,117,54,0
1,4,0,-2,118,54,0
1,5,0,-2,117,54,0
1,6,0,-2,118,54,0
1,7,0,-2,117,54,0
2,3,0,-2,117,53,0
2,4,0,-2,118,53,0
2,5,0,-2,117,55,0
2,6,0,-2,119,54,0
2,7,0,-2,117,54,0
3,4,0,-2,118,53,0
3,5,0,-2,117,53,0
3,6,0,-2,119,54,0
3,7,0,-2,117,53,0
4,5,0,-2,118,53,0
4,6,0,-2,117,53,0
4,7,0,-2,118,54,0
5,6,0,-2,118,53,0
5,7,0,-2,117,53,0
6,7,0,-2,117,54,0
--- ---VERSION
offset,limit,count-ms,lookup-mus,results
0,-2,38,57,1
---PATTERN START: http://aigp.csres.utexas.edu/~aigp/researcher/show/2075 http://www.w3.org/2002/07/owl#sameAs .
--- ---VERSION MATERIALIZED
patch,offset,limit,count-ms,lookup-mus,results
0,0,-2,4,5,1
1,0,-2,53,88,1
2,0,-2,49,88,1
3,0,-2,50,87,1
4,0,-2,53,87,1
5,0,-2,50,88,1
6,0,-2,50,88,1
7,0,-2,49,88,1
--- ---DELTA MATERIALIZED
patch_start,patch_end,offset,limit,count-ms,lookup-mus,results
0,1,0,-2,45,39,0
0,2,0,-2,46,40,0
0,3,0,-2,45,40,0
0,4,0,-2,46,39,0
0,5,0,-2,45,39,0
0,6,0,-2,45,40,0
0,7,0,-2,46,39,0
1,2,0,-2,89,40,0
1,3,0,-2,88,40,0
1,4,0,-2,88,41,0
1,5,0,-2,89,39,0
1,6,0,-2,89,40,0
1,7,0,-2,89,39,0
2,3,0,-2,88,39,0
2,4,0,-2,88,39,0
2,5,0,-2,88,39,0
2,6,0,-2,90,40,0
2,7,0,-2,88,39,0
3,4,0,-2,88,40,0
3,5,0,-2,88,40,0
3,6,0,-2,88,39,0
3,7,0,-2,88,40,0
4,5,0,-2,89,41,0
4,6,0,-2,88,39,0
4,7,0,-2,88,40,0
5,6,0,-2,88,40,0
5,7,0,-2,88,40,0
6,7,0,-2,88,40,0
--- ---VERSION
offset,limit,count-ms,lookup-mus,results
0,-2,28,41,1
---PATTERN START: http://aigp.csres.utexas.edu/~aigp/researcher/show/534 http://www.w3.org/1999/02/22-rdf-syntax-ns#type .
--- ---VERSION MATERIALIZED
patch,offset,limit,count-ms,lookup-mus,results
0,0,-2,3,5,1
1,0,-2,77,119,1
2,0,-2,76,127,1
3,0,-2,79,122,1
4,0,-2,73,121,1
5,0,-2,75,123,1
6,0,-2,76,121,1
7,0,-2,75,121,1
--- ---DELTA MATERIALIZED
patch_start,patch_end,offset,limit,count-ms,lookup-mus,results
0,1,0,-2,69,64,0
0,2,0,-2,70,64,0
0,3,0,-2,70,64,0
0,4,0,-2,70,64,0
0,5,0,-2,70,63,0
0,6,0,-2,69,63,0
0,7,0,-2,70,63,0
1,2,0,-2,136,64,0
1,3,0,-2,139,64,0
1,4,0,-2,135,63,0
1,5,0,-2,136,65,0
1,6,0,-2,136,64,0
1,7,0,-2,137,63,0
2,3,0,-2,136,63,0
2,4,0,-2,135,64,0
2,5,0,-2,137,64,0
2,6,0,-2,137,64,0
2,7,0,-2,136,64,0
3,4,0,-2,137,64,0
3,5,0,-2,137,63,0
3,6,0,-2,139,64,0
3,7,0,-2,137,64,0
4,5,0,-2,137,65,0
4,6,0,-2,136,64,0
4,7,0,-2,137,64,0
5,6,0,-2,137,63,0
5,7,0,-2,137,63,0
6,7,0,-2,137,64,0
--- ---VERSION
offset,limit,count-ms,lookup-mus,results
0,-2,49,65,1
---PATTERN START: http://aigp.csres.utexas.edu/~aigp/researcher/show/3652 http://swat.cse.lehigh.edu/resources/onto/aigp.owl#hasAdvisor .
--- ---VERSION MATERIALIZED
patch,offset,limit,count-ms,lookup-mus,results
0,0,-2,3,5,1
1,0,-2,94,107,1
2,0,-2,60,102,1
3,0,-2,59,104,1
4,0,-2,61,106,1
5,0,-2,59,106,1
6,0,-2,61,109,1
7,0,-2,61,106,1
--- ---DELTA MATERIALIZED
patch_start,patch_end,offset,limit,count-ms,lookup-mus,results
0,1,0,-2,56,49,0
0,2,0,-2,57,48,0
0,3,0,-2,56,48,0
0,4,0,-2,57,49,0
0,5,0,-2,56,49,0
0,6,0,-2,58,49,0
0,7,0,-2,56,48,0
1,2,0,-2,110,49,0
1,3,0,-2,109,49,0
1,4,0,-2,107,46,0
1,5,0,-2,105,49,0
1,6,0,-2,105,47,0
1,7,0,-2,104,47,0
2,3,0,-2,105,47,0
2,4,0,-2,105,47,0
2,5,0,-2,105,48,0
2,6,0,-2,105,47,0
2,7,0,-2,105,46,0
3,4,0,-2,105,47,0
3,5,0,-2,105,47,0
3,6,0,-2,104,47,0
3,7,0,-2,106,47,0
4,5,0,-2,106,47,0
4,6,0,-2,105,47,0
4,7,0,-2,106,47,0
5,6,0,-2,104,47,0
5,7,0,-2,108,48,0
6,7,0,-2,105,47,0
--- ---VERSION
offset,limit,count-ms,lookup-mus,results
0,-2,31,45,1
---PATTERN START: http://aigp.csres.utexas.edu/~aigp/researcher/show/1694 http://swat.cse.lehigh.edu/resources/onto/aigp.owl#hasAdvisor .
--- ---VERSION MATERIALIZED
patch,offset,limit,count-ms,lookup-mus,results
0,0,-2,3,4,1
1,0,-2,75,109,1
2,0,-2,60,109,1
3,0,-2,60,108,1
4,0,-2,59,110,1
5,0,-2,61,109,1
6,0,-2,59,108,1
7,0,-2,61,109,1
--- ---DELTA MATERIALIZED
patch_start,patch_end,offset,limit,count-ms,lookup-mus,results
0,1,0,-2,56,48,0
0,2,0,-2,55,48,0
0,3,0,-2,57,48,0
0,4,0,-2,55,48,0
0,5,0,-2,55,47,0
0,6,0,-2,55,48,0
0,7,0,-2,55,48,0
1,2,0,-2,108,50,0
1,3,0,-2,107,50,0
1,4,0,-2,111,50,0
1,5,0,-2,112,50,0
1,6,0,-2,110,50,0
1,7,0,-2,111,50,0
2,3,0,-2,111,51,0
2,4,0,-2,110,50,0
2,5,0,-2,110,50,0
2,6,0,-2,110,50,0
2,7,0,-2,110,50,0
3,4,0,-2,110,52,0
3,5,0,-2,110,50,0
3,6,0,-2,111,51,0
3,7,0,-2,111,49,0
4,5,0,-2,111,49,0
4,6,0,-2,111,49,0
4,7,0,-2,111,50,0
5,6,0,-2,111,50,0
5,7,0,-2,111,51,0
6,7,0,-2,110,50,0
--- ---VERSION
offset,limit,count-ms,lookup-mus,results
0,-2,31,47,1
---PATTERN START: http://aigp.csres.utexas.edu/~aigp/researcher/show/3281 http://swat.cse.lehigh.edu/resources/onto/aigp.owl#hasAdvisor .
--- ---VERSION MATERIALIZED
patch,offset,limit,count-ms,lookup-mus,results
0,0,-2,3,4,1
1,0,-2,92,89,1
2,0,-2,55,93,1
3,0,-2,56,90,1
4,0,-2,56,89,1
5,0,-2,55,89,1
6,0,-2,54,89,1
7,0,-2,56,93,1
--- ---DELTA MATERIALIZED
patch_start,patch_end,offset,limit,count-ms,lookup-mus,results
0,1,0,-2,51,46,0
0,2,0,-2,50,45,0
0,3,0,-2,52,47,0
0,4,0,-2,53,46,0
0,5,0,-2,52,45,0
0,6,0,-2,52,46,0
0,7,0,-2,53,46,0
1,2,0,-2,103,46,0
1,3,0,-2,102,46,0
1,4,0,-2,101,45,0
1,5,0,-2,101,46,0
1,6,0,-2,100,46,0
1,7,0,-2,102,48,0
2,3,0,-2,102,46,0
2,4,0,-2,103,46,0
2,5,0,-2,102,46,0
2,6,0,-2,102,46,0
2,7,0,-2,103,47,0
3,4,0,-2,104,46,0
3,5,0,-2,101,45,0
3,6,0,-2,103,46,0
3,7,0,-2,103,46,0
4,5,0,-2,102,45,0
4,6,0,-2,103,46,0
4,7,0,-2,103,46,0
5,6,0,-2,102,46,0
5,7,0,-2,103,45,0
6,7,0,-2,102,45,0
--- ---VERSION
offset,limit,count-ms,lookup-mus,results
0,-2,33,47,1
---PATTERN START: http://aigp.csres.utexas.edu/~aigp/researcher/show/3840 http://www.w3.org/2002/07/owl#sameAs .
--- ---VERSION MATERIALIZED
patch,offset,limit,count-ms,lookup-mus,results
0,0,-2,3,6,1
1,0,-2,59,92,1
2,0,-2,55,94,1
3,0,-2,55,92,1
4,0,-2,55,91,1
5,0,-2,55,92,1
6,0,-2,55,92,1
7,0,-2,56,91,1
--- ---DELTA MATERIALIZED
patch_start,patch_end,offset,limit,count-ms,lookup-mus,results
0,1,0,-2,52,44,0
0,2,0,-2,51,43,0
0,3,0,-2,50,43,0
0,4,0,-2,50,44,0
0,5,0,-2,50,43,0
0,6,0,-2,50,42,0
0,7,0,-2,49,41,0
1,2,0,-2,95,44,0
1,3,0,-2,94,41,0
1,4,0,-2,94,41,0
1,5,0,-2,94,41,0
1,6,0,-2,94,42,0
1,7,0,-2,95,41,0
2,3,0,-2,96,42,0
2,4,0,-2,95,41,0
2,5,0,-2,95,41,0
2,6,0,-2,95,41,0
2,7,0,-2,96,42,0
3,4,0,-2,95,42,0
3,5,0,-2,96,41,0
3,6,0,-2,95,42,0
3,7,0,-2,95,42,0
4,5,0,-2,94,41,0
4,6,0,-2,94,42,0
4,7,0,-2,95,41,0
5,6,0,-2,97,41,0
5,7,0,-2,95,41,0
6,7,0,-2,95,41,0
--- ---VERSION
offset,limit,count-ms,lookup-mus,results
0,-2,32,44,1
---PATTERN START: http://aigp.csres.utexas.edu/~aigp/researcher/show/3470 http://swat.cse.lehigh.edu/resources/onto/aigp.owl#hasAdvisor .
--- ---VERSION MATERIALIZED
patch,offset,limit,count-ms,lookup-mus,results
0,0,-2,3,4,1
1,0,-2,118,170,1
2,0,-2,101,170,1
3,0,-2,102,169,1
4,0,-2,102,170,1
5,0,-2,100,172,1
6,0,-2,100,170,1
7,0,-2,100,173,1
--- ---DELTA MATERIALIZED
patch_start,patch_end,offset,limit,count-ms,lookup-mus,results
0,1,0,-2,97,87,0
0,2,0,-2,98,86,0
0,3,0,-2,97,88,0
0,4,0,-2,98,89,0
0,5,0,-2,100,90,0
0,6,0,-2,103,90,0
0,7,0,-2,102,90,0
1,2,0,-2,199,89,0
1,3,0,-2,199,91,0
1,4,0,-2,207,89,0
1,5,0,-2,199,89,0
1,6,0,-2,200,89,0
1,7,0,-2,199,90,0
2,3,0,-2,199,89,0
2,4,0,-2,201,89,0
2,5,0,-2,199,89,0
2,6,0,-2,199,91,0
2,7,0,-2,199,89,0
3,4,0,-2,199,89,0
3,5,0,-2,200,90,0
3,6,0,-2,199,89,0
3,7,0,-2,199,89,0
4,5,0,-2,201,89,0
4,6,0,-2,199,89,0
4,7,0,-2,200,89,0
5,6,0,-2,201,89,0
5,7,0,-2,198,89,0
6,7,0,-2,198,90,0
--- ---VERSION
offset,limit,count-ms,lookup-mus,results
0,-2,60,86,1
---PATTERN START: http://aigp.csres.utexas.edu/~aigp/researcher/show/1208 http://www.w3.org/1999/02/22-rdf-syntax-ns#type .
--- ---VERSION MATERIALIZED
patch,offset,limit,count-ms,lookup-mus,results
0,0,-2,3,5,1
1,0,-2,78,88,1
2,0,-2,50,87,1
3,0,-2,51,87,1
4,0,-2,50,87,1
5,0,-2,50,87,1
6,0,-2,49,89,1
7,0,-2,51,90,1
--- ---DELTA MATERIALIZED
patch_start,patch_end,offset,limit,count-ms,lookup-mus,results
0,1,0,-2,46,41,0
0,2,0,-2,46,42,0
0,3,0,-2,47,41,0
0,4,0,-2,47,41,0
0,5,0,-2,47,41,0
0,6,0,-2,47,41,0
0,7,0,-2,46,42,0
1,2,0,-2,92,42,0
1,3,0,-2,91,42,0
1,4,0,-2,91,42,0
1,5,0,-2,90,42,0
1,6,0,-2,91,41,0
1,7,0,-2,91,41,0
2,3,0,-2,92,41,0
2,4,0,-2,90,41,0
2,5,0,-2,90,41,0
2,6,0,-2,91,41,0
2,7,0,-2,91,42,0
3,4,0,-2,91,44,0
3,5,0,-2,91,41,0
3,6,0,-2,91,41,0
3,7,0,-2,91,41,0
4,5,0,-2,92,42,0
4,6,0,-2,91,41,0
4,7,0,-2,90,42,0
5,6,0,-2,91,41,0
5,7,0,-2,91,41,0
6,7,0,-2,91,41,0
--- ---VERSION
offset,limit,count-ms,lookup-mus,results
0,-2,29,43,1
---PATTERN START: http://aigp.csres.utexas.edu/~aigp/researcher/show/1008 http://swat.cse.lehigh.edu/resources/onto/aigp.owl#hasAdvisor .
--- ---VERSION MATERIALIZED
patch,offset,limit,count-ms,lookup-mus,results
0,0,-2,3,4,1
1,0,-2,116,162,1
2,0,-2,94,160,1
3,0,-2,96,167,1
4,0,-2,101,172,1
5,0,-2,100,171,1
6,0,-2,97,175,1
7,0,-2,97,158,1
--- ---DELTA MATERIALIZED
patch_start,patch_end,offset,limit,count-ms,lookup-mus,results
0,1,0,-2,88,79,0
0,2,0,-2,89,79,0
0,3,0,-2,87,79,0
0,4,0,-2,88,79,0
0,5,0,-2,88,81,0
0,6,0,-2,88,79,0
0,7,0,-2,90,79,0
1,2,0,-2,172,79,0
1,3,0,-2,172,78,0
1,4,0,-2,173,79,0
1,5,0,-2,171,79,0
1,6,0,-2,171,79,0
1,7,0,-2,172,81,0
2,3,0,-2,171,79,0
2,4,0,-2,171,79,0
2,5,0,-2,171,82,0
2,6,0,-2,172,79,0
2,7,0,-2,171,79,0
3,4,0,-2,173,80,0
3,5,0,-2,173,80,0
3,6,0,-2,172,79,0
3,7,0,-2,172,80,0
4,5,0,-2,173,79,0
4,6,0,-2,172,79,0
4,7,0,-2,172,80,0
5,6,0,-2,174,80,0
5,7,0,-2,172,80,0
6,7,0,-2,173,79,0
--- ---VERSION
offset,limit,count-ms,lookup-mus,results
0,-2,52,77,1
---PATTERN START: http://aigp.csres.utexas.edu/~aigp/researcher/show/178 http://swat.cse.lehigh.edu/resources/onto/aigp.owl#name .
--- ---VERSION MATERIALIZED
patch,offset,limit,count-ms,lookup-mus,results
0,0,-2,3,5,1
1,0,-2,87,142,1
2,0,-2,87,140,1
3,0,-2,84,142,1
4,0,-2,84,140,1
5,0,-2,85,144,1
6,0,-2,83,141,1
7,0,-2,84,140,1
--- ---DELTA MATERIALIZED
patch_start,patch_end,offset,limit,count-ms,lookup-mus,results
0,1,0,-2,80,69,0
0,2,0,-2,81,69,0
0,3,0,-2,81,70,0
0,4,0,-2,80,69,0
0,5,0,-2,81,70,0
0,6,0,-2,81,70,0
0,7,0,-2,80,71,0
1,2,0,-2,158,70,0
1,3,0,-2,158,69,0
1,4,0,-2,158,70,0
1,5,0,-2,161,69,0
1,6,0,-2,157,70,0
1,7,0,-2,158,70,0
2,3,0,-2,157,70,0
2,4,0,-2,158,69,0
2,5,0,-2,159,69,0
2,6,0,-2,158,69,0
2,7,0,-2,159,69,0
3,4,0,-2,157,69,0
3,5,0,-2,159,70,0
3,6,0,-2,162,81,0
3,7,0,-2,158,69,0
4,5,0,-2,158,70,0
4,6,0,-2,158,70,0
4,7,0,-2,158,70,0
5,6,0,-2,159,71,0
5,7,0,-2,158,69,0
6,7,0,-2,159,69,0
--- ---VERSION
offset,limit,count-ms,lookup-mus,results
0,-2,47,68,1
---PATTERN START: http://aigp.csres.utexas.edu/~aigp/researcher/show/2075 http://swat.cse.lehigh.edu/resources/onto/aigp.owl#hasAdvisor .
--- ---VERSION MATERIALIZED
patch,offset,limit,count-ms,lookup-mus,results
0,0,-2,3,5,1
1,0,-2,79,100,1
2,0,-2,54,97,1
3,0,-2,54,99,1
4,0,-2,55,99,1
5,0,-2,54,98,1
6,0,-2,57,99,1
7,0,-2,56,99,1
--- ---DELTA MATERIALIZED
patch_start,patch_end,offset,limit,count-ms,lookup-mus,results
0,1,0,-2,50,44,0
0,2,0,-2,50,43,0
0,3,0,-2,50,43,0
0,4,0,-2,50,44,0
0,5,0,-2,49,43,0
0,6,0,-2,51,42,0
0,7,0,-2,50,43,0
1,2,0,-2,95,43,0
1,3,0,-2,96,44,0
1,4,0,-2,96,43,0
1,5,0,-2,96,43,0
1,6,0,-2,99,43,0
1,7,0,-2,97,42,0
2,3,0,-2,96,43,0
2,4,0,-2,96,44,0
2,5,0,-2,96,43,0
2,6,0,-2,97,43,0
2,7,0,-2,97,43,0
3,4,0,-2,96,43,0
3,5,0,-2,96,43,0
3,6,0,-2,96,43,0
3,7,0,-2,96,43,0
4,5,0,-2,95,44,0
4,6,0,-2,96,43,0
4,7,0,-2,96,43,0
5,6,0,-2,96,43,0
5,7,0,-2,96,43,0
6,7,0,-2,97,43,0
--- ---VERSION
offset,limit,count-ms,lookup-mus,results
0,-2,27,46,1
---PATTERN START: http://aigp.csres.utexas.edu/~aigp/researcher/show/4060 http://swat.cse.lehigh.edu/resources/onto/aigp.owl#name .
--- ---VERSION MATERIALIZED
patch,offset,limit,count-ms,lookup-mus,results
0,0,-2,3,6,1
1,0,-2,88,145,1
2,0,-2,86,140,1
3,0,-2,84,139,1
4,0,-2,84,141,1
5,0,-2,85,142,1
6,0,-2,84,138,1
7,0,-2,85,140,1
--- ---DELTA MATERIALIZED
patch_start,patch_end,offset,limit,count-ms,lookup-mus,results
0,1,0,-2,80,71,0
0,2,0,-2,83,71,0
0,3,0,-2,81,71,0
0,4,0,-2,81,71,0
0,5,0,-2,81,71,0
0,6,0,-2,81,71,0
0,7,0,-2,81,72,0
1,2,0,-2,159,72,0
1,3,0,-2,159,71,0
1,4,0,-2,158,71,0
1,5,0,-2,160,71,0
1,6,0,-2,159,71,0
1,7,0,-2,158,71,0
2,3,0,-2,161,71,0
2,4,0,-2,158,72,0
2,5,0,-2,159,70,0
2,6,0,-2,158,72,0
2,7,0,-2,160,71,0
3,4,0,-2,159,71,0
3,5,0,-2,159,71,0
3,6,0,-2,160,72,0
3,7,0,-2,159,72,0
4,5,0,-2,158,71,0
4,6,0,-2,159,74,0
4,7,0,-2,159,71,0
5,6,0,-2,159,71,0
5,7,0,-2,159,72,0
6,7,0,-2,160,71,0
--- ---VERSION
offset,limit,count-ms,lookup-mus,results
0,-2,51,70,1
---PATTERN START: http://aigp.csres.utexas.edu/~aigp/researcher/show/529 http://www.w3.org/1999/02/22-rdf-syntax-ns#type .
--- ---VERSION MATERIALIZED
patch,offset,limit,count-ms,lookup-mus,results
0,0,-2,3,5,1
1,0,-2,95,123,1
2,0,-2,65,122,1
3,0,-2,65,121,1
4,0,-2,65,129,1
5,0,-2,70,121,1
6,0,-2,65,122,1
7,0,-2,65,121,1
--- ---DELTA MATERIALIZED
patch_start,patch_end,offset,limit,count-ms,lookup-mus,results
0,1,0,-2,61,54,0
0,2,0,-2,61,54,0
0,3,0,-2,60,53,0
0,4,0,-2,61,54,0
0,5,0,-2,61,54,0
0,6,0,-2,60,53,0
0,7,0,-2,60,53,0
1,2,0,-2,118,56,0
1,3,0,-2,118,54,0
1,4,0,-2,117,54,0
1,5,0,-2,118,54,0
1,6,0,-2,117,54,0
1,7,0,-2,121,55,0
2,3,0,-2,118,55,0
2,4,0,-2,118,54,0
2,5,0,-2,119,54,0
2,6,0,-2,118,53,0
2,7,0,-2,120,54,0
3,4,0,-2,118,54,0
3,5,0,-2,118,54,0
3,6,0,-2,118,54,0
3,7,0,-2,119,54,0
4,5,0,-2,119,54,0
4,6,0,-2,118,54,0
4,7,0,-2,117,54,0
5,6,0,-2,119,54,0
5,7,0,-2,121,55,0
6,7,0,-2,118,54,0
--- ---VERSION
offset,limit,count-ms,lookup-mus,results
0,-2,31,55,1
---PATTERN START: http://aigp.csres.utexas.edu/~aigp/researcher/show/529 http://swat.cse.lehigh.edu/resources/onto/aigp.owl#hasAdvisor .
--- ---VERSION MATERIALIZED
patch,offset,limit,count-ms,lookup-mus,results
0,0,-2,3,5,1
1,0,-2,76,118,1
2,0,-2,66,118,1
3,0,-2,64,117,1
4,0,-2,64,119,1
5,0,-2,65,117,1
6,0,-2,65,119,1
7,0,-2,63,120,1
--- ---DELTA MATERIALIZED
patch_start,patch_end,offset,limit,count-ms,lookup-mus,results
0,1,0,-2,63,53,0
0,2,0,-2,63,54,0
0,3,0,-2,59,53,0
0,4,0,-2,59,53,0
0,5,0,-2,59,54,0
0,6,0,-2,60,53,0
0,7,0,-2,59,53,0
1,2,0,-2,118,54,0
1,3,0,-2,116,54,0
1,4,0,-2,116,53,0
1,5,0,-2,116,53,0
1,6,0,-2,116,53,0
1,7,0,-2,117,54,0
2,3,0,-2,117,53,0
2,4,0,-2,116,53,0
2,5,0,-2,117,53,0
2,6,0,-2,117,55,0
2,7,0,-2,116,53,0
3,4,0,-2,116,54,0
3,5,0,-2,116,54,0
3,6,0,-2,117,53,0
3,7,0,-2,117,53,0
4,5,0,-2,117,54,0
4,6,0,-2,117,53,0
4,7,0,-2,117,54,0
5,6,0,-2,116,53,0
5,7,0,-2,117,53,0
6,7,0,-2,117,53,0
--- ---VERSION
offset,limit,count-ms,lookup-mus,results
0,-2,33,56,1
---PATTERN START: http://aigp.csres.utexas.edu/~aigp/researcher/show/1208 http://www.w3.org/2002/07/owl#sameAs .
--- ---VERSION MATERIALIZED
patch,offset,limit,count-ms,lookup-mus,results
0,0,-2,4,5,1
1,0,-2,55,91,1
2,0,-2,50,90,1
3,0,-2,51,90,1
4,0,-2,52,90,1
5,0,-2,52,90,1
6,0,-2,51,90,1
7,0,-2,52,89,1
--- ---DELTA MATERIALIZED
patch_start,patch_end,offset,limit,count-ms,lookup-mus,results
0,1,0,-2,47,42,0
0,2,0,-2,47,41,0
0,3,0,-2,47,42,0
0,4,0,-2,48,41,0
0,5,0,-2,47,43,0
0,6,0,-2,47,41,0
0,7,0,-2,47,41,0
1,2,0,-2,91,42,0
1,3,0,-2,91,41,0
1,4,0,-2,91,41,0
1,5,0,-2,90,41,0
1,6,0,-2,93,42,0
1,7,0,-2,91,41,0
2,3,0,-2,90,41,0
2,4,0,-2,91,41,0
2,5,0,-2,91,41,0
2,6,0,-2,90,41,0
2,7,0,-2,91,41,0
3,4,0,-2,91,42,0
3,5,0,-2,90,41,0
3,6,0,-2,90,41,0
3,7,0,-2,90,41,0
4,5,0,-2,90,41,0
4,6,0,-2,92,41,0
4,7,0,-2,90,42,0
5,6,0,-2,90,42,0
5,7,0,-2,90,41,0
6,7,0,-2,90,41,0
--- ---VERSION
offset,limit,count-ms,lookup-mus,results
0,-2,29,42,1
---PATTERN START: http://bnb.data.bl.uk/doc/resource/006893251.html?_metadata=all,views,formats,execution,bindings&_view=publicationViewer http://www.w3.org/2000/01/rdf-schema#label .
--- ---VERSION MATERIALIZED
patch,offset,limit,count-ms,lookup-mus,results
0,0,-2,3,4,1
1,0,-2,57,95,1
2,0,-2,54,95,1
3,0,-2,54,93,1
4,0,-2,52,92,1
5,0,-2,52,92,1
6,0,-2,53,92,1
7,0,-2,52,92,1
--- ---DELTA MATERIALIZED
patch_start,patch_end,offset,limit,count-ms,lookup-mus,results
0,1,0,-2,51,44,0
0,2,0,-2,49,43,0
0,3,0,-2,48,43,0
0,4,0,-2,50,43,0
0,5,0,-2,49,44,0
0,6,0,-2,49,43,0
0,7,0,-2,49,43,0
1,2,0,-2,95,42,0
1,3,0,-2,96,42,0
1,4,0,-2,94,42,0
1,5,0,-2,95,42,0
1,6,0,-2,94,42,0
1,7,0,-2,94,43,0
2,3,0,-2,94,42,0
2,4,0,-2,95,42,0
2,5,0,-2,94,42,0
2,6,0,-2,94,42,0
2,7,0,-2,94,42,0
3,4,0,-2,93,43,0
3,5,0,-2,94,42,0
3,6,0,-2,94,43,0
3,7,0,-2,94,42,0
4,5,0,-2,94,41,0
4,6,0,-2,94,41,0
4,7,0,-2,94,43,0
5,6,0,-2,96,42,0
5,7,0,-2,94,42,0
6,7,0,-2,93,42,0
--- ---VERSION
offset,limit,count-ms,lookup-mus,results
0,-2,28,45,1
