---PATTERN START:  http://ogp.me/ns#postal-code .
--- ---VERSION MATERIALIZED
patch,offset,limit,count-ms,lookup-mus,results
0,0,-2,9,1075,445
1,0,-2,4493,17746,450
2,0,-2,4212,14996,454
3,0,-2,38,14899,441
4,0,-2,38,14817,441
5,0,-2,37,14774,443
6,0,-2,38,14750,453
7,0,-2,36,14807,467
--- ---DELTA MATERIALIZED
patch_start,patch_end,offset,limit,count-ms,lookup-mus,results
0,1,0,-2,4274,6684,39
0,2,0,-2,4182,6985,181
0,3,0,-2,32,7310,238
0,4,0,-2,32,7967,270
0,5,0,-2,32,7507,312
0,6,0,-2,32,8087,338
0,7,0,-2,31,7730,367
1,2,0,-2,8508,7474,148
1,3,0,-2,4347,7785,201
1,4,0,-2,4318,7275,233
1,5,0,-2,4316,8158,293
1,6,0,-2,4325,7652,319
1,7,0,-2,4316,8355,349
2,3,0,-2,4215,6957,83
2,4,0,-2,4215,7549,119
2,5,0,-2,4275,7672,209
2,6,0,-2,4205,8140,237
2,7,0,-2,4275,7829,279
3,4,0,-2,60,7368,46
3,5,0,-2,60,7607,146
3,6,0,-2,59,7670,178
3,7,0,-2,60,7783,224
4,5,0,-2,60,7616,100
4,6,0,-2,61,7497,132
4,7,0,-2,60,7913,188
5,6,0,-2,61,7171,36
5,7,0,-2,60,7886,110
6,7,0,-2,59,7321,84
--- ---VERSION
offset,limit,count-ms,lookup-mus,results
0,-2,5,19687,699
---PATTERN START:  http://d-nb.info/standards/elementset/gnd#relatedDdcWithDegreeOfDeterminacy1 .
--- ---VERSION MATERIALIZED
patch,offset,limit,count-ms,lookup-mus,results
0,0,-2,7,581,283
1,0,-2,2367,7737,307
2,0,-2,1426,6602,284
3,0,-2,1232,6274,252
4,0,-2,2269,7424,308
5,0,-2,2283,7467,343
6,0,-2,1429,6574,285
7,0,-2,2283,7445,314
--- ---DELTA MATERIALIZED
patch_start,patch_end,offset,limit,count-ms,lookup-mus,results
0,1,0,-2,2247,2358,24
0,2,0,-2,1410,2313,9
0,3,0,-2,1220,2398,31
0,4,0,-2,2251,2469,45
0,5,0,-2,2263,2708,91
0,6,0,-2,1418,2366,10
0,7,0,-2,2271,2376,31
1,2,0,-2,3656,2337,24
1,3,0,-2,3456,2447,57
1,4,0,-2,4489,2476,21
1,5,0,-2,4499,2728,67
1,6,0,-2,3659,2425,24
1,7,0,-2,4493,2403,7
2,3,0,-2,2632,2417,33
2,4,0,-2,3660,2509,50
2,5,0,-2,3678,2767,109
2,6,0,-2,2826,2401,1
2,7,0,-2,3675,2435,30
3,4,0,-2,3462,2564,86
3,5,0,-2,3506,2820,146
3,6,0,-2,2631,2453,33
3,7,0,-2,3470,2483,62
4,5,0,-2,4507,2659,35
4,6,0,-2,3661,2421,25
4,7,0,-2,4498,2398,6
5,6,0,-2,3690,2459,58
5,7,0,-2,4519,2422,29
6,7,0,-2,3672,2426,29
--- ---VERSION
offset,limit,count-ms,lookup-mus,results
0,-2,1219,7122,343
---PATTERN START:  http://ogp.me/ns#locality .
--- ---VERSION MATERIALIZED
patch,offset,limit,count-ms,lookup-mus,results
0,0,-2,5,1584,449
1,0,-2,4148,16314,454
2,0,-2,3989,15609,451
3,0,-2,50,14934,418
4,0,-2,49,15698,445
5,0,-2,49,15721,447
6,0,-2,50,15776,457
7,0,-2,44,15476,470
--- ---DELTA MATERIALIZED
patch_start,patch_end,offset,limit,count-ms,lookup-mus,results
0,1,0,-2,4086,6968,39
0,2,0,-2,4022,7751,181
0,3,0,-2,44,7745,238
0,4,0,-2,43,7944,270
0,5,0,-2,44,8406,312
0,6,0,-2,44,11493,350
0,7,0,-2,41,8610,387
1,2,0,-2,8039,7269,148
1,3,0,-2,4131,7985,201
1,4,0,-2,4134,7851,233
1,5,0,-2,4126,8313,293
1,6,0,-2,4152,11961,372
1,7,0,-2,4126,8959,426
2,3,0,-2,4024,7066,83
2,4,0,-2,4015,7762,119
2,5,0,-2,4067,7915,209
2,6,0,-2,4016,11651,287
2,7,0,-2,4032,8469,353
3,4,0,-2,83,7580,46
3,5,0,-2,88,7561,146
3,6,0,-2,83,11472,221
3,7,0,-2,81,8347,293
4,5,0,-2,82,7569,100
4,6,0,-2,84,11201,166
4,7,0,-2,80,8158,252
5,6,0,-2,83,10763,43
5,7,0,-2,82,7919,149
6,7,0,-2,82,7724,118
--- ---VERSION
offset,limit,count-ms,lookup-mus,results
0,-2,5,20499,704
---PATTERN START:  http://ogp.me/ns#country-name .
--- ---VERSION MATERIALIZED
patch,offset,limit,count-ms,lookup-mus,results
0,0,-2,3,942,449
1,0,-2,4296,15329,454
2,0,-2,4068,14791,451
3,0,-2,53,14187,418
4,0,-2,52,14972,445
5,0,-2,53,14936,447
6,0,-2,52,12879,390
7,0,-2,43,14501,470
--- ---DELTA MATERIALIZED
patch_start,patch_end,offset,limit,count-ms,lookup-mus,results
0,1,0,-2,4188,7124,39
0,2,0,-2,4190,7611,181
0,3,0,-2,47,7494,238
0,4,0,-2,47,7293,270
0,5,0,-2,48,8103,312
0,6,0,-2,48,10998,350
0,7,0,-2,41,8061,370
1,2,0,-2,8282,7010,148
1,3,0,-2,4251,7755,201
1,4,0,-2,4267,7604,233
1,5,0,-2,4268,7715,293
1,6,0,-2,4274,11266,372
1,7,0,-2,4228,8057,351
2,3,0,-2,4156,7270,83
2,4,0,-2,4122,7197,119
2,5,0,-2,4180,7963,209
2,6,0,-2,4132,10928,287
2,7,0,-2,4198,7988,281
3,4,0,-2,91,7177,46
3,5,0,-2,91,7816,146
3,6,0,-2,91,10800,221
3,7,0,-2,84,7842,226
4,5,0,-2,90,7503,100
4,6,0,-2,92,10837,166
4,7,0,-2,84,7858,190
5,6,0,-2,92,10412,43
5,7,0,-2,83,7887,112
6,7,0,-2,84,7394,87
--- ---VERSION
offset,limit,count-ms,lookup-mus,results
0,-2,4,19353,704
---PATTERN START:  http://ogp.me/ns#phone_number .
--- ---VERSION MATERIALIZED
patch,offset,limit,count-ms,lookup-mus,results
0,0,-2,3,978,447
1,0,-2,4334,15138,452
2,0,-2,4111,14927,456
3,0,-2,41,15709,442
4,0,-2,43,15013,443
5,0,-2,42,14892,445
6,0,-2,42,13518,412
7,0,-2,42,14762,470
--- ---DELTA MATERIALIZED
patch_start,patch_end,offset,limit,count-ms,lookup-mus,results
0,1,0,-2,4190,6549,39
0,2,0,-2,4089,6838,181
0,3,0,-2,37,7511,239
0,4,0,-2,37,7608,270
0,5,0,-2,38,7301,312
0,6,0,-2,36,7794,350
0,7,0,-2,36,7622,386
1,2,0,-2,8307,7450,148
1,3,0,-2,4239,7264,202
1,4,0,-2,4221,7305,233
1,5,0,-2,4238,7873,293
1,6,0,-2,4617,8266,372
1,7,0,-2,4264,7941,425
2,3,0,-2,4152,7266,84
2,4,0,-2,4170,7404,119
2,5,0,-2,4151,7269,209
2,6,0,-2,4152,7629,287
2,7,0,-2,4128,7916,352
3,4,0,-2,70,7071,47
3,5,0,-2,68,7355,147
3,6,0,-2,70,7386,222
3,7,0,-2,70,7927,293
4,5,0,-2,69,7039,100
4,6,0,-2,72,7519,166
4,7,0,-2,70,7640,251
5,6,0,-2,69,7091,43
5,7,0,-2,70,7738,148
6,7,0,-2,71,7373,117
--- ---VERSION
offset,limit,count-ms,lookup-mus,results
0,-2,7,19148,702
---PATTERN START:  http://ogp.me/ns#street-address .
--- ---VERSION MATERIALIZED
patch,offset,limit,count-ms,lookup-mus,results
0,0,-2,3,990,445
1,0,-2,4645,15330,450
2,0,-2,4474,15068,454
3,0,-2,40,14943,441
4,0,-2,40,14918,441
5,0,-2,40,14885,443
6,0,-2,40,14869,453
7,0,-2,40,14903,467
--- ---DELTA MATERIALIZED
patch_start,patch_end,offset,limit,count-ms,lookup-mus,results
0,1,0,-2,4546,7348,39
0,2,0,-2,4679,7855,181
0,3,0,-2,35,7553,238
0,4,0,-2,35,7631,270
0,5,0,-2,36,8347,312
0,6,0,-2,35,7715,338
0,7,0,-2,36,8430,367
1,2,0,-2,9037,7159,148
1,3,0,-2,4587,7785,201
1,4,0,-2,4639,8041,233
1,5,0,-2,4587,7796,293
1,6,0,-2,4634,8382,319
1,7,0,-2,4590,8078,349
2,3,0,-2,4711,7774,83
2,4,0,-2,4549,7277,119
2,5,0,-2,4527,8194,209
2,6,0,-2,4676,7711,237
2,7,0,-2,4524,8411,279
3,4,0,-2,65,7147,46
3,5,0,-2,66,8070,146
3,6,0,-2,66,7643,178
3,7,0,-2,65,8305,224
4,5,0,-2,66,7387,100
4,6,0,-2,69,8188,132
4,7,0,-2,65,7692,188
5,6,0,-2,67,7858,36
5,7,0,-2,68,7691,110
6,7,0,-2,66,7775,84
--- ---VERSION
offset,limit,count-ms,lookup-mus,results
0,-2,5,19542,699
