---PATTERN START:   http://sec.gov/Archives/edgar/data/816956/0000914317-09-000511.txt.
--- ---VERSION MATERIALIZED
patch,offset,limit,count-ms,lookup-mus,results
0,0,-2,5,8,1
1,0,-2,313,252,2
2,0,-2,177,246,2
3,0,-2,177,249,3
4,0,-2,159,230,2
5,0,-2,164,221,2
6,0,-2,174,240,3
7,0,-2,152,215,2
--- ---DELTA MATERIALIZED
patch_start,patch_end,offset,limit,count-ms,lookup-mus,results
0,1,0,-2,167,182,2
0,2,0,-2,163,181,3
0,3,0,-2,169,186,3
0,4,0,-2,147,183,3
0,5,0,-2,156,183,3
0,6,0,-2,169,187,3
0,7,0,-2,139,185,3
1,2,0,-2,336,179,1
1,3,0,-2,329,188,3
1,4,0,-2,310,185,3
1,5,0,-2,319,187,3
1,6,0,-2,330,192,3
1,7,0,-2,304,192,3
2,3,0,-2,333,184,2
2,4,0,-2,303,188,4
2,5,0,-2,317,188,4
2,6,0,-2,329,196,4
2,7,0,-2,300,191,4
3,4,0,-2,314,182,2
3,5,0,-2,321,190,4
3,6,0,-2,331,192,4
3,7,0,-2,308,192,4
4,5,0,-2,299,186,2
4,6,0,-2,317,194,4
4,7,0,-2,280,193,4
5,6,0,-2,321,187,2
5,7,0,-2,292,190,4
6,7,0,-2,305,187,2
--- ---VERSION
offset,limit,count-ms,lookup-mus,results
0,-2,96,294,8
---PATTERN START:   http://d.opencalais.com/er/company/ralg-tr1r/7fb0d5f2-cdcb-388d-91db-fb710c3b211d.
--- ---VERSION MATERIALIZED
patch,offset,limit,count-ms,lookup-mus,results
0,0,-2,3,7,2
1,0,-2,359,359,3
2,0,-2,255,371,5
3,0,-2,256,364,6
4,0,-2,258,363,6
5,0,-2,260,365,6
6,0,-2,257,364,6
7,0,-2,252,357,6
--- ---DELTA MATERIALIZED
patch_start,patch_end,offset,limit,count-ms,lookup-mus,results
0,1,0,-2,251,376,3
0,2,0,-2,246,373,5
0,3,0,-2,247,373,6
0,4,0,-2,247,379,6
0,5,0,-2,253,377,6
0,6,0,-2,254,388,6
0,7,0,-2,247,382,6
1,2,0,-2,492,375,2
1,3,0,-2,499,373,5
1,4,0,-2,491,371,5
1,5,0,-2,512,398,5
1,6,0,-2,500,385,5
1,7,0,-2,503,394,5
2,3,0,-2,498,383,3
2,4,0,-2,506,401,7
2,5,0,-2,498,393,7
2,6,0,-2,499,396,7
2,7,0,-2,498,396,7
3,4,0,-2,508,389,4
3,5,0,-2,508,392,8
3,6,0,-2,499,381,8
3,7,0,-2,503,380,8
4,5,0,-2,489,374,4
4,6,0,-2,493,377,8
4,7,0,-2,492,386,8
5,6,0,-2,494,372,4
5,7,0,-2,501,385,8
6,7,0,-2,500,374,4
--- ---VERSION
offset,limit,count-ms,lookup-mus,results
0,-2,207,673,15
---PATTERN START:   http://swrc.ontoware.org/ontology#volume.
--- ---VERSION MATERIALIZED
patch,offset,limit,count-ms,lookup-mus,results
0,0,-2,3,18,7
1,0,-2,824,997,7
2,0,-2,751,870,8
3,0,-2,685,815,8
4,0,-2,747,907,7
5,0,-2,578,705,8
6,0,-2,746,907,7
7,0,-2,468,597,8
--- ---DELTA MATERIALIZED
patch_start,patch_end,offset,limit,count-ms,lookup-mus,results
0,1,0,-2,740,820,12
0,2,0,-2,701,833,18
0,3,0,-2,643,843,18
0,4,0,-2,738,1098,12
0,5,0,-2,540,859,18
0,6,0,-2,738,857,12
0,7,0,-2,434,869,18
1,2,0,-2,1434,828,6
1,3,0,-2,1377,853,18
1,4,0,-2,1471,854,12
1,5,0,-2,1275,872,18
1,6,0,-2,1479,869,12
1,7,0,-2,1165,888,18
2,3,0,-2,1340,843,12
2,4,0,-2,1433,862,18
2,5,0,-2,1229,880,24
2,6,0,-2,1432,880,18
2,7,0,-2,1128,896,24
3,4,0,-2,1386,863,18
3,5,0,-2,1183,880,24
3,6,0,-2,1384,880,18
3,7,0,-2,1081,896,24
4,5,0,-2,1266,854,6
4,6,0,-2,1471,871,12
4,7,0,-2,1164,887,18
5,6,0,-2,1272,894,18
5,7,0,-2,961,893,24
6,7,0,-2,1167,869,6
--- ---VERSION
offset,limit,count-ms,lookup-mus,results
0,-2,399,1655,49
---PATTERN START:   http://www.london-gazette.co.uk/issues/59418/notices/1118052/page.htm.
--- ---VERSION MATERIALIZED
patch,offset,limit,count-ms,lookup-mus,results
0,0,-2,3,7,1
1,0,-2,277,193,1
2,0,-2,174,191,1
3,0,-2,171,193,1
4,0,-2,172,193,1
5,0,-2,171,193,1
6,0,-2,173,193,1
7,0,-2,170,197,1
--- ---DELTA MATERIALIZED
patch_start,patch_end,offset,limit,count-ms,lookup-mus,results
0,1,0,-2,167,172,2
0,2,0,-2,165,169,2
0,3,0,-2,166,171,2
0,4,0,-2,168,172,2
0,5,0,-2,167,173,2
0,6,0,-2,167,174,2
0,7,0,-2,167,175,2
1,2,0,-2,329,171,2
1,3,0,-2,328,172,2
1,4,0,-2,328,175,2
1,5,0,-2,328,175,2
1,6,0,-2,328,177,2
1,7,0,-2,330,179,2
2,3,0,-2,326,172,2
2,4,0,-2,326,173,2
2,5,0,-2,327,173,2
2,6,0,-2,327,177,2
2,7,0,-2,328,177,2
3,4,0,-2,327,172,2
3,5,0,-2,328,173,2
3,6,0,-2,328,176,2
3,7,0,-2,326,179,2
4,5,0,-2,328,173,2
4,6,0,-2,331,178,2
4,7,0,-2,329,180,2
5,6,0,-2,328,177,2
5,7,0,-2,330,178,2
6,7,0,-2,328,178,2
--- ---VERSION
offset,limit,count-ms,lookup-mus,results
0,-2,86,376,8
---PATTERN START:   http://www.loa-cnr.it/ontologies/DUL.owl#SocialPerson.
--- ---VERSION MATERIALIZED
patch,offset,limit,count-ms,lookup-mus,results
0,0,-2,2,6,1
1,0,-2,231,169,1
2,0,-2,174,171,1
3,0,-2,169,167,1
4,0,-2,151,160,1
5,0,-2,144,147,1
6,0,-2,138,139,1
7,0,-2,136,135,1
--- ---DELTA MATERIALIZED
patch_start,patch_end,offset,limit,count-ms,lookup-mus,results
0,1,0,-2,143,143,2
0,2,0,-2,142,145,3
0,3,0,-2,137,146,3
0,4,0,-2,126,147,3
0,5,0,-2,119,149,3
0,6,0,-2,115,150,3
0,7,0,-2,105,150,3
1,2,0,-2,280,145,1
1,3,0,-2,274,148,3
1,4,0,-2,265,152,3
1,5,0,-2,257,151,3
1,6,0,-2,253,153,3
1,7,0,-2,248,158,3
2,3,0,-2,283,151,2
2,4,0,-2,274,155,4
2,5,0,-2,269,156,4
2,6,0,-2,259,159,4
2,7,0,-2,253,160,4
3,4,0,-2,267,151,2
3,5,0,-2,260,157,4
3,6,0,-2,252,160,4
3,7,0,-2,248,160,4
4,5,0,-2,253,157,2
4,6,0,-2,246,158,4
4,7,0,-2,236,160,4
5,6,0,-2,236,155,2
5,7,0,-2,228,159,4
6,7,0,-2,225,155,2
--- ---VERSION
offset,limit,count-ms,lookup-mus,results
0,-2,77,215,8
---PATTERN START:   http://www.gazettes-online.co.uk/ontology/legislation#thebrent(parkingplaces)(no.1,2001)(amendmentno.1)order2010.
--- ---VERSION MATERIALIZED
patch,offset,limit,count-ms,lookup-mus,results
0,0,-2,3,10,3
1,0,-2,445,468,3
2,0,-2,410,429,3
3,0,-2,379,404,3
4,0,-2,385,430,3
5,0,-2,324,344,3
6,0,-2,301,321,3
7,0,-2,272,303,3
--- ---DELTA MATERIALIZED
patch_start,patch_end,offset,limit,count-ms,lookup-mus,results
0,1,0,-2,378,417,6
0,2,0,-2,381,421,7
0,3,0,-2,351,426,7
0,4,0,-2,379,428,6
0,5,0,-2,296,431,7
0,6,0,-2,273,433,7
0,7,0,-2,250,436,7
1,2,0,-2,757,421,5
1,3,0,-2,722,428,7
1,4,0,-2,752,432,6
1,5,0,-2,667,436,7
1,6,0,-2,649,441,7
1,7,0,-2,622,446,7
2,3,0,-2,741,425,6
2,4,0,-2,758,432,7
2,5,0,-2,677,439,8
2,6,0,-2,653,442,8
2,7,0,-2,619,444,8
3,4,0,-2,721,428,7
3,5,0,-2,637,436,8
3,6,0,-2,613,438,8
3,7,0,-2,590,442,8
4,5,0,-2,669,430,5
4,6,0,-2,645,437,7
4,7,0,-2,624,441,7
5,6,0,-2,560,436,6
5,7,0,-2,535,445,8
6,7,0,-2,512,446,6
--- ---VERSION
offset,limit,count-ms,lookup-mus,results
0,-2,205,832,24
---PATTERN START:   http://www.handbook.qut.edu.au/courses/it/staff.jsp.
--- ---VERSION MATERIALIZED
patch,offset,limit,count-ms,lookup-mus,results
0,0,-2,3,10,2
1,0,-2,387,424,2
2,0,-2,323,380,3
3,0,-2,306,373,3
4,0,-2,295,365,3
5,0,-2,294,341,3
6,0,-2,269,333,3
7,0,-2,269,322,3
--- ---DELTA MATERIALIZED
patch_start,patch_end,offset,limit,count-ms,lookup-mus,results
0,1,0,-2,293,305,2
0,2,0,-2,294,307,3
0,3,0,-2,283,317,3
0,4,0,-2,273,319,3
0,5,0,-2,255,324,3
0,6,0,-2,247,321,3
0,7,0,-2,230,315,3
1,2,0,-2,589,303,1
1,3,0,-2,567,305,3
1,4,0,-2,551,307,3
1,5,0,-2,547,317,3
1,6,0,-2,525,310,3
1,7,0,-2,509,313,3
2,3,0,-2,560,304,2
2,4,0,-2,545,309,4
2,5,0,-2,534,311,4
2,6,0,-2,521,312,4
2,7,0,-2,508,314,4
3,4,0,-2,531,307,2
3,5,0,-2,522,311,4
3,6,0,-2,507,310,4
3,7,0,-2,494,312,4
4,5,0,-2,510,306,2
4,6,0,-2,494,312,4
4,7,0,-2,482,312,4
5,6,0,-2,481,308,2
5,7,0,-2,471,312,4
6,7,0,-2,455,316,2
--- ---VERSION
offset,limit,count-ms,lookup-mus,results
0,-2,171,340,9
---PATTERN START:   http://purl.org/net/provenance/files#usedGuidelineFile.
--- ---VERSION MATERIALIZED
patch,offset,limit,count-ms,lookup-mus,results
0,0,-2,2,6,1
1,0,-2,295,204,1
2,0,-2,214,205,1
3,0,-2,208,200,1
4,0,-2,197,190,1
5,0,-2,185,184,1
6,0,-2,182,175,1
7,0,-2,172,169,1
--- ---DELTA MATERIALIZED
patch_start,patch_end,offset,limit,count-ms,lookup-mus,results
0,1,0,-2,181,181,2
0,2,0,-2,181,185,3
0,3,0,-2,174,184,3
0,4,0,-2,166,186,3
0,5,0,-2,160,187,3
0,6,0,-2,152,187,3
0,7,0,-2,147,189,3
1,2,0,-2,360,183,1
1,3,0,-2,350,185,3
1,4,0,-2,344,187,3
1,5,0,-2,336,189,3
1,6,0,-2,329,190,3
1,7,0,-2,325,191,3
2,3,0,-2,353,187,2
2,4,0,-2,349,190,4
2,5,0,-2,344,194,4
2,6,0,-2,334,196,4
2,7,0,-2,330,194,4
3,4,0,-2,344,188,2
3,5,0,-2,335,193,4
3,6,0,-2,330,194,4
3,7,0,-2,325,195,4
4,5,0,-2,327,191,2
4,6,0,-2,321,193,4
4,7,0,-2,315,194,4
5,6,0,-2,311,191,2
5,7,0,-2,310,195,4
6,7,0,-2,300,192,2
--- ---VERSION
offset,limit,count-ms,lookup-mus,results
0,-2,121,249,8
---PATTERN START:   http://diskpig.org/blog.
--- ---VERSION MATERIALIZED
patch,offset,limit,count-ms,lookup-mus,results
0,0,-2,3,5,1
1,0,-2,392,290,1
2,0,-2,282,292,1
3,0,-2,269,279,1
4,0,-2,258,267,1
5,0,-2,250,253,1
6,0,-2,246,241,1
7,0,-2,231,231,1
--- ---DELTA MATERIALIZED
patch_start,patch_end,offset,limit,count-ms,lookup-mus,results
0,1,0,-2,265,269,2
0,2,0,-2,260,271,3
0,3,0,-2,248,276,3
0,4,0,-2,237,275,3
0,5,0,-2,226,276,3
0,6,0,-2,215,279,3
0,7,0,-2,204,278,3
1,2,0,-2,522,270,1
1,3,0,-2,510,275,3
1,4,0,-2,502,281,3
1,5,0,-2,489,280,3
1,6,0,-2,476,282,3
1,7,0,-2,466,284,3
2,3,0,-2,520,277,2
2,4,0,-2,503,280,4
2,5,0,-2,493,283,4
2,6,0,-2,483,284,4
2,7,0,-2,471,284,4
3,4,0,-2,491,278,2
3,5,0,-2,483,287,4
3,6,0,-2,467,285,4
3,7,0,-2,458,287,4
4,5,0,-2,469,282,2
4,6,0,-2,457,286,4
4,7,0,-2,447,286,4
5,6,0,-2,446,280,2
5,7,0,-2,437,286,4
6,7,0,-2,424,282,2
--- ---VERSION
offset,limit,count-ms,lookup-mus,results
0,-2,153,287,8
---PATTERN START:   http://www.bosatsu.net/foaf/brian.rdf.
--- ---VERSION MATERIALIZED
patch,offset,limit,count-ms,lookup-mus,results
0,0,-2,3,6,1
1,0,-2,471,412,1
2,0,-2,407,402,1
3,0,-2,413,417,1
4,0,-2,370,385,1
5,0,-2,355,360,1
6,0,-2,349,344,1
7,0,-2,354,352,1
--- ---DELTA MATERIALIZED
patch_start,patch_end,offset,limit,count-ms,lookup-mus,results
0,1,0,-2,389,408,2
0,2,0,-2,402,424,3
0,3,0,-2,392,434,3
0,4,0,-2,378,431,3
0,5,0,-2,360,432,3
0,6,0,-2,349,436,3
0,7,0,-2,328,431,3
1,2,0,-2,769,425,1
1,3,0,-2,747,424,3
1,4,0,-2,739,429,3
1,5,0,-2,723,430,3
1,6,0,-2,713,440,3
1,7,0,-2,695,436,3
2,3,0,-2,811,428,2
2,4,0,-2,778,435,4
2,5,0,-2,764,437,4
2,6,0,-2,747,435,4
2,7,0,-2,733,441,4
3,4,0,-2,759,431,2
3,5,0,-2,749,438,4
3,6,0,-2,739,437,4
3,7,0,-2,719,436,4
4,5,0,-2,731,434,2
4,6,0,-2,719,436,4
4,7,0,-2,703,439,4
5,6,0,-2,703,437,2
5,7,0,-2,692,437,4
6,7,0,-2,612,398,2
--- ---VERSION
offset,limit,count-ms,lookup-mus,results
0,-2,237,374,8
---PATTERN START:   http://lod.geospecies.org/orders/zyb2p.
--- ---VERSION MATERIALIZED
patch,offset,limit,count-ms,lookup-mus,results
0,0,-2,3,30,10
1,0,-2,484,774,10
2,0,-2,418,605,11
3,0,-2,383,591,11
4,0,-2,342,566,11
5,0,-2,335,529,11
6,0,-2,302,502,11
7,0,-2,281,479,11
--- ---DELTA MATERIALIZED
patch_start,patch_end,offset,limit,count-ms,lookup-mus,results
0,1,0,-2,396,436,6
0,2,0,-2,378,442,7
0,3,0,-2,353,446,7
0,4,0,-2,326,449,7
0,5,0,-2,301,451,7
0,6,0,-2,273,458,7
0,7,0,-2,251,457,7
1,2,0,-2,772,440,5
1,3,0,-2,747,451,7
1,4,0,-2,718,456,7
1,5,0,-2,697,459,7
1,6,0,-2,668,464,7
1,7,0,-2,645,467,7
2,3,0,-2,734,448,6
2,4,0,-2,707,456,8
2,5,0,-2,681,461,8
2,6,0,-2,654,467,8
2,7,0,-2,631,468,8
3,4,0,-2,678,454,6
3,5,0,-2,650,459,8
3,6,0,-2,622,465,8
3,7,0,-2,599,468,8
4,5,0,-2,624,456,6
4,6,0,-2,600,464,8
4,7,0,-2,572,469,8
5,6,0,-2,574,460,6
5,7,0,-2,548,468,8
6,7,0,-2,519,465,6
--- ---VERSION
offset,limit,count-ms,lookup-mus,results
0,-2,217,1026,31
---PATTERN START:   https://118586ac-a-47a503ad-s-sites.googlegroups.com/a/gearoid.org/index/index/78f7eea5cda74c6912341f44f8d52726fa977248.
--- ---VERSION MATERIALIZED
patch,offset,limit,count-ms,lookup-mus,results
0,0,-2,3,8,2
1,0,-2,729,738,4
2,0,-2,424,527,4
3,0,-2,497,611,4
4,0,-2,430,549,4
5,0,-2,588,729,6
6,0,-2,580,695,4
7,0,-2,498,625,4
--- ---DELTA MATERIALIZED
patch_start,patch_end,offset,limit,count-ms,lookup-mus,results
0,1,0,-2,588,714,4
0,2,0,-2,409,686,6
0,3,0,-2,493,691,6
0,4,0,-2,425,694,6
0,5,0,-2,566,698,6
0,6,0,-2,524,680,6
0,7,0,-2,458,683,6
1,2,0,-2,955,668,2
1,3,0,-2,1046,676,6
1,4,0,-2,972,680,6
1,5,0,-2,1103,686,6
1,6,0,-2,1100,689,6
1,7,0,-2,1017,693,6
2,3,0,-2,868,672,4
2,4,0,-2,805,680,8
2,5,0,-2,1006,747,8
2,6,0,-2,982,740,8
2,7,0,-2,919,747,8
3,4,0,-2,964,727,4
3,5,0,-2,1111,740,8
3,6,0,-2,1080,744,8
3,7,0,-2,1008,748,8
4,5,0,-2,1052,732,4
4,6,0,-2,1009,742,8
4,7,0,-2,939,745,8
5,6,0,-2,1166,737,4
5,7,0,-2,1095,750,8
6,7,0,-2,1053,738,4
--- ---VERSION
offset,limit,count-ms,lookup-mus,results
0,-2,335,751,16
---PATTERN START:   http://www.softwarememetics.com/about_us.html.
--- ---VERSION MATERIALIZED
patch,offset,limit,count-ms,lookup-mus,results
0,0,-2,2,5,1
1,0,-2,331,263,1
2,0,-2,249,265,1
3,0,-2,240,251,1
4,0,-2,229,241,1
5,0,-2,229,230,1
6,0,-2,222,220,1
7,0,-2,207,212,1
--- ---DELTA MATERIALIZED
patch_start,patch_end,offset,limit,count-ms,lookup-mus,results
0,1,0,-2,237,244,2
0,2,0,-2,233,245,3
0,3,0,-2,221,247,3
0,4,0,-2,213,248,3
0,5,0,-2,202,252,3
0,6,0,-2,191,249,3
0,7,0,-2,183,254,3
1,2,0,-2,463,243,1
1,3,0,-2,452,245,3
1,4,0,-2,442,247,3
1,5,0,-2,439,253,3
1,6,0,-2,428,254,3
1,7,0,-2,422,256,3
2,3,0,-2,455,248,2
2,4,0,-2,447,253,4
2,5,0,-2,433,254,4
2,6,0,-2,427,254,4
2,7,0,-2,418,263,4
3,4,0,-2,439,251,2
3,5,0,-2,425,252,4
3,6,0,-2,415,254,4
3,7,0,-2,403,257,4
4,5,0,-2,417,251,2
4,6,0,-2,410,254,4
4,7,0,-2,395,256,4
5,6,0,-2,400,253,2
5,7,0,-2,387,257,4
6,7,0,-2,377,254,2
--- ---VERSION
offset,limit,count-ms,lookup-mus,results
0,-2,134,266,8
---PATTERN START:   http://ontrenet.com/.
--- ---VERSION MATERIALIZED
patch,offset,limit,count-ms,lookup-mus,results
0,0,-2,3,6,1
1,0,-2,307,274,1
2,0,-2,252,261,1
3,0,-2,252,254,1
4,0,-2,229,243,1
5,0,-2,229,229,1
6,0,-2,214,223,1
7,0,-2,202,202,1
--- ---DELTA MATERIALIZED
patch_start,patch_end,offset,limit,count-ms,lookup-mus,results
0,1,0,-2,234,243,2
0,2,0,-2,230,245,3
0,3,0,-2,221,246,3
0,4,0,-2,212,248,3
0,5,0,-2,204,248,3
0,6,0,-2,189,251,3
0,7,0,-2,176,250,3
1,2,0,-2,463,241,1
1,3,0,-2,449,246,3
1,4,0,-2,443,247,3
1,5,0,-2,432,251,3
1,6,0,-2,419,250,3
1,7,0,-2,409,251,3
2,3,0,-2,446,245,2
2,4,0,-2,437,248,4
2,5,0,-2,428,263,4
2,6,0,-2,424,261,4
2,7,0,-2,410,261,4
3,4,0,-2,443,254,2
3,5,0,-2,432,259,4
3,6,0,-2,416,262,4
3,7,0,-2,401,260,4
4,5,0,-2,419,257,2
4,6,0,-2,402,260,4
4,7,0,-2,394,260,4
5,6,0,-2,397,258,2
5,7,0,-2,387,262,4
6,7,0,-2,372,259,2
--- ---VERSION
offset,limit,count-ms,lookup-mus,results
0,-2,127,254,8
---PATTERN START:   http://zepheira.com/team/eric/#me.
--- ---VERSION MATERIALIZED
patch,offset,limit,count-ms,lookup-mus,results
0,0,-2,3,9,2
1,0,-2,407,446,2
2,0,-2,365,388,3
3,0,-2,340,366,3
4,0,-2,317,354,3
5,0,-2,296,329,3
6,0,-2,280,307,3
7,0,-2,255,286,3
--- ---DELTA MATERIALIZED
patch_start,patch_end,offset,limit,count-ms,lookup-mus,results
0,1,0,-2,344,359,2
0,2,0,-2,328,377,3
0,3,0,-2,319,364,3
0,4,0,-2,289,366,3
0,5,0,-2,269,364,3
0,6,0,-2,251,367,3
0,7,0,-2,230,369,3
1,2,0,-2,674,357,1
1,3,0,-2,650,362,3
1,4,0,-2,628,365,3
1,5,0,-2,607,369,3
1,6,0,-2,588,368,3
1,7,0,-2,570,369,3
2,3,0,-2,633,362,2
2,4,0,-2,612,367,4
2,5,0,-2,593,382,4
2,6,0,-2,591,382,4
2,7,0,-2,570,382,4
3,4,0,-2,617,377,2
3,5,0,-2,589,383,4
3,6,0,-2,568,380,4
3,7,0,-2,551,382,4
4,5,0,-2,569,378,2
4,6,0,-2,547,383,4
4,7,0,-2,526,385,4
5,6,0,-2,528,380,2
5,7,0,-2,507,384,4
6,7,0,-2,490,381,2
--- ---VERSION
offset,limit,count-ms,lookup-mus,results
0,-2,180,341,9
---PATTERN START:   http://www.deri.ie/about/team/member/gearoid_hynes/.
--- ---VERSION MATERIALIZED
patch,offset,limit,count-ms,lookup-mus,results
0,0,-2,2,7,2
1,0,-2,460,550,4
2,0,-2,341,447,4
3,0,-2,377,492,4
4,0,-2,341,457,4
5,0,-2,415,535,6
6,0,-2,400,514,4
7,0,-2,366,479,4
--- ---DELTA MATERIALIZED
patch_start,patch_end,offset,limit,count-ms,lookup-mus,results
0,1,0,-2,408,505,4
0,2,0,-2,326,494,6
0,3,0,-2,372,497,6
0,4,0,-2,336,498,6
0,5,0,-2,409,503,6
0,6,0,-2,394,505,6
0,7,0,-2,359,508,6
1,2,0,-2,730,490,2
1,3,0,-2,775,503,6
1,4,0,-2,750,546,6
1,5,0,-2,849,538,6
1,6,0,-2,847,542,6
1,7,0,-2,810,547,6
2,3,0,-2,731,524,4
2,4,0,-2,698,537,8
2,5,0,-2,779,541,8
2,6,0,-2,758,540,8
2,7,0,-2,721,545,8
3,4,0,-2,741,530,4
3,5,0,-2,821,543,8
3,6,0,-2,808,543,8
3,7,0,-2,771,546,8
4,5,0,-2,788,535,4
4,6,0,-2,768,543,8
4,7,0,-2,731,520,8
5,6,0,-2,805,511,4
5,7,0,-2,769,522,8
6,7,0,-2,751,515,4
--- ---VERSION
offset,limit,count-ms,lookup-mus,results
0,-2,258,649,16
---PATTERN START:   http://www.itee.uq.edu.au/people/staff/davec.html.
--- ---VERSION MATERIALIZED
patch,offset,limit,count-ms,lookup-mus,results
0,0,-2,2,5,1
1,0,-2,352,302,1
2,0,-2,280,294,1
3,0,-2,271,284,1
4,0,-2,258,270,1
5,0,-2,252,254,1
6,0,-2,241,238,1
7,0,-2,223,223,1
--- ---DELTA MATERIALIZED
patch_start,patch_end,offset,limit,count-ms,lookup-mus,results
0,1,0,-2,274,281,2
0,2,0,-2,267,283,3
0,3,0,-2,251,287,3
0,4,0,-2,238,286,3
0,5,0,-2,226,288,3
0,6,0,-2,210,289,3
0,7,0,-2,197,289,3
1,2,0,-2,539,283,1
1,3,0,-2,526,291,3
1,4,0,-2,512,294,3
1,5,0,-2,502,296,3
1,6,0,-2,487,295,3
1,7,0,-2,475,300,3
2,3,0,-2,533,293,2
2,4,0,-2,512,297,4
2,5,0,-2,515,299,4
2,6,0,-2,487,302,4
2,7,0,-2,475,302,4
3,4,0,-2,499,296,2
3,5,0,-2,488,298,4
3,6,0,-2,474,300,4
3,7,0,-2,459,302,4
4,5,0,-2,477,296,2
4,6,0,-2,460,300,4
4,7,0,-2,445,302,4
5,6,0,-2,449,299,2
5,7,0,-2,435,301,4
6,7,0,-2,419,300,2
--- ---VERSION
offset,limit,count-ms,lookup-mus,results
0,-2,146,276,8
---PATTERN START:   http://www.livejournal.com/users/nooks/.
--- ---VERSION MATERIALIZED
patch,offset,limit,count-ms,lookup-mus,results
0,0,-2,2,4,1
1,0,-2,357,311,1
2,0,-2,306,321,1
3,0,-2,295,309,1
4,0,-2,286,294,1
5,0,-2,264,266,1
6,0,-2,247,251,1
7,0,-2,241,247,1
--- ---DELTA MATERIALIZED
patch_start,patch_end,offset,limit,count-ms,lookup-mus,results
0,1,0,-2,299,304,2
0,2,0,-2,294,319,3
0,3,0,-2,282,297,3
0,4,0,-2,254,297,3
0,5,0,-2,238,303,3
0,6,0,-2,224,301,3
0,7,0,-2,206,301,3
1,2,0,-2,567,291,1
1,3,0,-2,553,295,3
1,4,0,-2,539,297,3
1,5,0,-2,522,299,3
1,6,0,-2,505,299,3
1,7,0,-2,488,303,3
2,3,0,-2,537,294,2
2,4,0,-2,527,297,4
2,5,0,-2,510,300,4
2,6,0,-2,495,301,4
2,7,0,-2,484,303,4
3,4,0,-2,515,296,2
3,5,0,-2,495,299,4
3,6,0,-2,488,301,4
3,7,0,-2,468,304,4
4,5,0,-2,483,297,2
4,6,0,-2,484,323,4
4,7,0,-2,487,326,4
5,6,0,-2,490,326,2
5,7,0,-2,480,326,4
6,7,0,-2,459,324,2
--- ---VERSION
offset,limit,count-ms,lookup-mus,results
0,-2,159,288,8
---PATTERN START:   http://www.last.fm/user/bblfish.
--- ---VERSION MATERIALIZED
patch,offset,limit,count-ms,lookup-mus,results
0,0,-2,3,14,5
1,0,-2,913,1031,5
2,0,-2,818,927,7
3,0,-2,757,884,7
4,0,-2,706,822,6
5,0,-2,667,781,8
6,0,-2,615,731,8
7,0,-2,557,674,8
--- ---DELTA MATERIALIZED
patch_start,patch_end,offset,limit,count-ms,lookup-mus,results
0,1,0,-2,838,940,6
0,2,0,-2,781,942,8
0,3,0,-2,727,946,8
0,4,0,-2,678,950,7
0,5,0,-2,639,958,9
0,6,0,-2,581,964,9
0,7,0,-2,530,968,9
1,2,0,-2,1625,939,4
1,3,0,-2,1556,951,8
1,4,0,-2,1506,956,7
1,5,0,-2,1462,965,9
1,6,0,-2,1410,973,9
1,7,0,-2,1361,977,9
2,3,0,-2,1520,946,6
2,4,0,-2,1469,958,9
2,5,0,-2,1443,973,11
2,6,0,-2,1372,971,11
2,7,0,-2,1332,977,11
3,4,0,-2,1413,956,7
3,5,0,-2,1360,964,11
3,6,0,-2,1310,971,11
3,7,0,-2,1257,979,11
4,5,0,-2,1306,959,6
4,6,0,-2,1260,969,10
4,7,0,-2,1206,974,10
5,6,0,-2,1217,964,6
5,7,0,-2,1159,984,12
6,7,0,-2,1118,969,8
--- ---VERSION
offset,limit,count-ms,lookup-mus,results
0,-2,469,1244,28
---PATTERN START:   http://etymon.blogspot.com/.
--- ---VERSION MATERIALIZED
patch,offset,limit,count-ms,lookup-mus,results
0,0,-2,2,11,3
1,0,-2,372,436,3
2,0,-2,317,450,4
3,0,-2,296,409,4
4,0,-2,300,413,4
5,0,-2,275,376,4
6,0,-2,264,358,4
7,0,-2,243,343,4
--- ---DELTA MATERIALIZED
patch_start,patch_end,offset,limit,count-ms,lookup-mus,results
0,1,0,-2,301,312,2
0,2,0,-2,294,312,3
0,3,0,-2,279,312,3
0,4,0,-2,264,314,3
0,5,0,-2,247,318,3
0,6,0,-2,233,314,3
0,7,0,-2,217,317,3
1,2,0,-2,593,306,1
1,3,0,-2,573,312,3
1,4,0,-2,560,313,3
1,5,0,-2,542,315,3
1,6,0,-2,533,323,3
1,7,0,-2,513,329,3
2,3,0,-2,597,328,2
2,4,0,-2,581,330,4
2,5,0,-2,563,333,4
2,6,0,-2,554,335,4
2,7,0,-2,533,335,4
3,4,0,-2,563,329,2
3,5,0,-2,549,331,4
3,6,0,-2,534,335,4
3,7,0,-2,512,336,4
4,5,0,-2,529,329,2
4,6,0,-2,521,336,4
4,7,0,-2,511,336,4
5,6,0,-2,501,334,2
5,7,0,-2,483,336,4
6,7,0,-2,472,332,2
--- ---VERSION
offset,limit,count-ms,lookup-mus,results
0,-2,165,356,10
---PATTERN START:   http://www.w3.org/People/all#swick.
--- ---VERSION MATERIALIZED
patch,offset,limit,count-ms,lookup-mus,results
0,0,-2,2,5,1
1,0,-2,345,283,1
2,0,-2,284,296,1
3,0,-2,266,274,1
4,0,-2,252,265,1
5,0,-2,253,255,1
6,0,-2,247,241,1
7,0,-2,226,223,1
--- ---DELTA MATERIALIZED
patch_start,patch_end,offset,limit,count-ms,lookup-mus,results
0,1,0,-2,260,266,2
0,2,0,-2,256,267,3
0,3,0,-2,248,268,3
0,4,0,-2,237,273,3
0,5,0,-2,228,272,3
0,6,0,-2,218,284,3
0,7,0,-2,197,274,3
1,2,0,-2,515,264,1
1,3,0,-2,506,269,3
1,4,0,-2,493,270,3
1,5,0,-2,483,272,3
1,6,0,-2,471,274,3
1,7,0,-2,454,277,3
2,3,0,-2,498,267,2
2,4,0,-2,491,272,4
2,5,0,-2,479,273,4
2,6,0,-2,467,275,4
2,7,0,-2,452,289,4
3,4,0,-2,502,279,2
3,5,0,-2,490,286,4
3,6,0,-2,477,290,4
3,7,0,-2,459,289,4
4,5,0,-2,481,283,2
4,6,0,-2,468,290,4
4,7,0,-2,450,303,4
5,6,0,-2,459,286,2
5,7,0,-2,444,286,4
6,7,0,-2,431,286,2
--- ---VERSION
offset,limit,count-ms,lookup-mus,results
0,-2,141,276,8
---PATTERN START:   mailto:em@zepheira.com.
--- ---VERSION MATERIALIZED
patch,offset,limit,count-ms,lookup-mus,results
0,0,-2,3,5,1
1,0,-2,274,240,1
2,0,-2,216,235,1
3,0,-2,200,221,1
4,0,-2,190,209,1
5,0,-2,177,199,1
6,0,-2,167,186,1
7,0,-2,153,174,1
--- ---DELTA MATERIALIZED
patch_start,patch_end,offset,limit,count-ms,lookup-mus,results
0,1,0,-2,215,227,2
0,2,0,-2,207,227,3
0,3,0,-2,196,229,3
0,4,0,-2,183,230,3
0,5,0,-2,173,238,3
0,6,0,-2,160,232,3
0,7,0,-2,150,233,3
1,2,0,-2,419,225,1
1,3,0,-2,410,233,3
1,4,0,-2,399,233,3
1,5,0,-2,389,235,3
1,6,0,-2,376,238,3
1,7,0,-2,364,241,3
2,3,0,-2,407,232,2
2,4,0,-2,397,235,4
2,5,0,-2,386,238,4
2,6,0,-2,372,241,4
2,7,0,-2,359,242,4
3,4,0,-2,382,232,2
3,5,0,-2,372,238,4
3,6,0,-2,358,240,4
3,7,0,-2,347,242,4
4,5,0,-2,359,235,2
4,6,0,-2,347,240,4
4,7,0,-2,335,240,4
5,6,0,-2,335,236,2
5,7,0,-2,324,240,4
6,7,0,-2,312,237,2
--- ---VERSION
offset,limit,count-ms,lookup-mus,results
0,-2,99,236,8
---PATTERN START:   http://d.opencalais.com/er/company/ralg-tr1r/af84ad38-063e-3c08-8a05-8ef11e730630.
--- ---VERSION MATERIALIZED
patch,offset,limit,count-ms,lookup-mus,results
0,0,-2,2,20,8
1,0,-2,865,1100,14
2,0,-2,788,1074,14
3,0,-2,783,1127,24
4,0,-2,792,1133,24
5,0,-2,787,1122,24
6,0,-2,808,1466,24
7,0,-2,793,1127,23
--- ---DELTA MATERIALIZED
patch_start,patch_end,offset,limit,count-ms,lookup-mus,results
0,1,0,-2,791,1633,13
0,2,0,-2,777,1633,23
0,3,0,-2,805,1649,25
0,4,0,-2,788,1615,25
0,5,0,-2,782,1597,25
0,6,0,-2,784,1638,25
0,7,0,-2,778,1610,22
1,2,0,-2,1542,1585,10
1,3,0,-2,1588,1587,22
1,4,0,-2,1546,1678,22
1,5,0,-2,1579,1685,22
1,6,0,-2,1554,1690,22
1,7,0,-2,1563,1704,19
2,3,0,-2,1597,1658,16
2,4,0,-2,1579,1676,32
2,5,0,-2,1543,1636,32
2,6,0,-2,1530,1697,32
2,7,0,-2,1545,1658,29
3,4,0,-2,1558,1631,16
3,5,0,-2,1602,1646,32
3,6,0,-2,1575,1707,32
3,7,0,-2,1576,1716,29
4,5,0,-2,1566,1673,16
4,6,0,-2,1571,1709,32
4,7,0,-2,1573,1718,29
5,6,0,-2,1589,1635,16
5,7,0,-2,1558,1695,29
6,7,0,-2,1578,1634,15
--- ---VERSION
offset,limit,count-ms,lookup-mus,results
0,-2,690,2519,62
---PATTERN START:   http://www.gazettes-online.co.uk/ontology/legislation#thebrent(parkingplaces)(no.3)order2010.
--- ---VERSION MATERIALIZED
patch,offset,limit,count-ms,lookup-mus,results
0,0,-2,2,9,3
1,0,-2,407,490,3
2,0,-2,424,454,3
3,0,-2,386,427,3
4,0,-2,394,453,3
5,0,-2,339,372,3
6,0,-2,316,353,3
7,0,-2,274,324,3
--- ---DELTA MATERIALIZED
patch_start,patch_end,offset,limit,count-ms,lookup-mus,results
0,1,0,-2,388,427,6
0,2,0,-2,393,432,7
0,3,0,-2,363,435,7
0,4,0,-2,388,434,6
0,5,0,-2,311,442,7
0,6,0,-2,285,445,7
0,7,0,-2,257,448,7
1,2,0,-2,776,428,5
1,3,0,-2,742,440,7
1,4,0,-2,769,435,6
1,5,0,-2,691,443,7
1,6,0,-2,664,446,7
1,7,0,-2,637,450,7
2,3,0,-2,744,432,6
2,4,0,-2,772,437,7
2,5,0,-2,692,444,8
2,6,0,-2,665,446,8
2,7,0,-2,640,452,8
3,4,0,-2,741,436,7
3,5,0,-2,670,443,8
3,6,0,-2,641,453,8
3,7,0,-2,623,458,8
4,5,0,-2,696,444,5
4,6,0,-2,673,451,7
4,7,0,-2,652,456,7
5,6,0,-2,593,452,6
5,7,0,-2,569,462,8
6,7,0,-2,539,452,6
--- ---VERSION
offset,limit,count-ms,lookup-mus,results
0,-2,225,774,24
---PATTERN START:   http://sec.gov/Archives/edgar/data/773840/0000930413-08-002454.txt.
--- ---VERSION MATERIALIZED
patch,offset,limit,count-ms,lookup-mus,results
0,0,-2,3,5,1
1,0,-2,239,237,2
2,0,-2,170,236,3
3,0,-2,176,221,2
4,0,-2,171,233,3
5,0,-2,153,200,2
6,0,-2,149,213,2
7,0,-2,161,210,2
--- ---DELTA MATERIALIZED
patch_start,patch_end,offset,limit,count-ms,lookup-mus,results
0,1,0,-2,165,181,2
0,2,0,-2,168,178,3
0,3,0,-2,154,173,3
0,4,0,-2,169,176,3
0,5,0,-2,133,176,3
0,6,0,-2,147,172,3
0,7,0,-2,140,181,3
1,2,0,-2,335,179,1
1,3,0,-2,336,177,3
1,4,0,-2,331,187,3
1,5,0,-2,299,182,3
1,6,0,-2,316,183,3
1,7,0,-2,311,190,3
2,3,0,-2,327,175,2
2,4,0,-2,332,184,4
2,5,0,-2,308,183,4
2,6,0,-2,315,184,4
2,7,0,-2,309,188,4
3,4,0,-2,327,183,2
3,5,0,-2,295,183,4
3,6,0,-2,309,184,4
3,7,0,-2,303,179,4
4,5,0,-2,305,177,2
4,6,0,-2,315,185,4
4,7,0,-2,309,183,4
5,6,0,-2,276,178,2
5,7,0,-2,269,180,4
6,7,0,-2,285,179,2
--- ---VERSION
offset,limit,count-ms,lookup-mus,results
0,-2,95,297,8
---PATTERN START:   http://swrc.ontoware.org/ontology#source.
--- ---VERSION MATERIALIZED
patch,offset,limit,count-ms,lookup-mus,results
0,0,-2,2,4,1
1,0,-2,182,168,1
2,0,-2,161,173,1
3,0,-2,151,161,1
4,0,-2,147,170,1
5,0,-2,137,149,1
6,0,-2,147,168,1
7,0,-2,126,134,1
--- ---DELTA MATERIALIZED
patch_start,patch_end,offset,limit,count-ms,lookup-mus,results
0,1,0,-2,143,146,2
0,2,0,-2,144,148,3
0,3,0,-2,136,149,3
0,4,0,-2,143,149,2
0,5,0,-2,120,154,3
0,6,0,-2,144,151,2
0,7,0,-2,107,153,3
1,2,0,-2,284,146,1
1,3,0,-2,273,151,3
1,4,0,-2,283,151,2
1,5,0,-2,259,154,3
1,6,0,-2,285,153,2
1,7,0,-2,248,156,3
2,3,0,-2,277,149,2
2,4,0,-2,285,161,3
2,5,0,-2,274,157,4
2,6,0,-2,287,158,3
2,7,0,-2,255,159,4
3,4,0,-2,278,153,3
3,5,0,-2,257,156,4
3,6,0,-2,278,156,3
3,7,0,-2,243,160,4
4,5,0,-2,264,151,1
4,6,0,-2,284,156,2
4,7,0,-2,252,157,3
5,6,0,-2,263,156,3
5,7,0,-2,231,159,4
6,7,0,-2,252,154,1
--- ---VERSION
offset,limit,count-ms,lookup-mus,results
0,-2,82,219,8
---PATTERN START:   http://www.london-gazette.co.uk/issues/59418/notices/1118048.
--- ---VERSION MATERIALIZED
patch,offset,limit,count-ms,lookup-mus,results
0,0,-2,2,8,2
1,0,-2,336,336,2
2,0,-2,315,321,2
3,0,-2,299,306,2
4,0,-2,287,320,2
5,0,-2,256,270,2
6,0,-2,245,253,2
7,0,-2,213,238,2
--- ---DELTA MATERIALIZED
patch_start,patch_end,offset,limit,count-ms,lookup-mus,results
0,1,0,-2,283,303,4
0,2,0,-2,285,306,5
0,3,0,-2,265,309,5
0,4,0,-2,282,312,4
0,5,0,-2,233,313,5
0,6,0,-2,216,317,5
0,7,0,-2,199,318,5
1,2,0,-2,560,308,3
1,3,0,-2,542,312,5
1,4,0,-2,559,314,4
1,5,0,-2,510,321,5
1,6,0,-2,499,325,5
1,7,0,-2,478,326,5
2,3,0,-2,557,313,4
2,4,0,-2,568,317,5
2,5,0,-2,521,321,6
2,6,0,-2,513,323,6
2,7,0,-2,488,327,6
3,4,0,-2,550,318,5
3,5,0,-2,503,321,6
3,6,0,-2,486,324,6
3,7,0,-2,470,327,6
4,5,0,-2,515,315,3
4,6,0,-2,496,322,5
4,7,0,-2,479,327,5
5,6,0,-2,455,319,4
5,7,0,-2,429,323,6
6,7,0,-2,414,320,4
--- ---VERSION
offset,limit,count-ms,lookup-mus,results
0,-2,150,502,16
---PATTERN START:   http://www.loa-cnr.it/ontologies/DUL.owl#concretelyExpresses.
--- ---VERSION MATERIALIZED
patch,offset,limit,count-ms,lookup-mus,results
0,0,-2,2,8,2
1,0,-2,190,241,2
2,0,-2,155,210,3
3,0,-2,163,209,3
4,0,-2,143,210,3
5,0,-2,146,191,3
6,0,-2,140,195,3
7,0,-2,131,177,3
--- ---DELTA MATERIALIZED
patch_start,patch_end,offset,limit,count-ms,lookup-mus,results
0,1,0,-2,143,144,2
0,2,0,-2,145,149,3
0,3,0,-2,139,150,3
0,4,0,-2,131,151,3
0,5,0,-2,126,152,3
0,6,0,-2,117,154,3
0,7,0,-2,109,154,3
1,2,0,-2,286,146,1
1,3,0,-2,277,153,3
1,4,0,-2,268,153,3
1,5,0,-2,263,157,3
1,6,0,-2,263,155,3
1,7,0,-2,249,154,3
2,3,0,-2,273,146,2
2,4,0,-2,265,152,4
2,5,0,-2,258,152,4
2,6,0,-2,255,153,4
2,7,0,-2,245,155,4
3,4,0,-2,259,147,2
3,5,0,-2,250,152,4
3,6,0,-2,245,153,4
3,7,0,-2,236,156,4
4,5,0,-2,244,149,2
4,6,0,-2,236,153,4
4,7,0,-2,231,155,4
5,6,0,-2,229,151,2
5,7,0,-2,221,156,4
6,7,0,-2,215,152,2
--- ---VERSION
offset,limit,count-ms,lookup-mus,results
0,-2,77,230,9
---PATTERN START:   http://purl.org/net/provenance/files#usedDataFile.
--- ---VERSION MATERIALIZED
patch,offset,limit,count-ms,lookup-mus,results
0,0,-2,2,4,1
1,0,-2,246,258,1
2,0,-2,233,245,1
3,0,-2,239,235,1
4,0,-2,221,230,1
5,0,-2,207,219,1
6,0,-2,202,210,1
7,0,-2,189,198,1
--- ---DELTA MATERIALIZED
patch_start,patch_end,offset,limit,count-ms,lookup-mus,results
0,1,0,-2,220,246,2
0,2,0,-2,218,235,3
0,3,0,-2,211,235,3
0,4,0,-2,200,237,3
0,5,0,-2,195,238,3
0,6,0,-2,186,240,3
0,7,0,-2,176,240,3
1,2,0,-2,438,232,1
1,3,0,-2,427,252,3
1,4,0,-2,419,240,3
1,5,0,-2,412,241,3
1,6,0,-2,407,243,3
1,7,0,-2,397,244,3
2,3,0,-2,426,236,2
2,4,0,-2,419,242,4
2,5,0,-2,410,248,4
2,6,0,-2,407,245,4
2,7,0,-2,398,245,4
3,4,0,-2,410,238,2
3,5,0,-2,401,242,4
3,6,0,-2,394,243,4
3,7,0,-2,383,246,4
4,5,0,-2,397,239,2
4,6,0,-2,387,242,4
4,7,0,-2,376,245,4
5,6,0,-2,377,241,2
5,7,0,-2,372,245,4
6,7,0,-2,364,242,2
--- ---VERSION
offset,limit,count-ms,lookup-mus,results
0,-2,147,275,8
---PATTERN START:   http://lod.geospecies.org/orders/ywWNa.
--- ---VERSION MATERIALIZED
patch,offset,limit,count-ms,lookup-mus,results
0,0,-2,2,17,10
1,0,-2,407,668,10
2,0,-2,359,597,11
3,0,-2,336,576,11
4,0,-2,314,549,11
5,0,-2,290,530,11
6,0,-2,266,506,11
7,0,-2,242,482,11
--- ---DELTA MATERIALIZED
patch_start,patch_end,offset,limit,count-ms,lookup-mus,results
0,1,0,-2,368,402,6
0,2,0,-2,354,406,7
0,3,0,-2,331,410,7
0,4,0,-2,308,413,7
0,5,0,-2,285,417,7
0,6,0,-2,260,417,7
0,7,0,-2,238,420,7
1,2,0,-2,718,408,5
1,3,0,-2,695,412,7
1,4,0,-2,672,418,7
1,5,0,-2,651,422,7
1,6,0,-2,626,427,7
1,7,0,-2,602,430,7
2,3,0,-2,683,414,6
2,4,0,-2,659,419,8
2,5,0,-2,635,423,8
2,6,0,-2,613,437,8
2,7,0,-2,590,430,8
3,4,0,-2,633,416,6
3,5,0,-2,610,423,8
3,6,0,-2,583,428,8
3,7,0,-2,563,431,8
4,5,0,-2,587,420,6
4,6,0,-2,562,429,8
4,7,0,-2,537,432,8
5,6,0,-2,539,423,6
5,7,0,-2,517,430,8
6,7,0,-2,505,427,6
--- ---VERSION
offset,limit,count-ms,lookup-mus,results
0,-2,206,783,31
---PATTERN START:   http://d.opencalais.com/er/company/ralg-tr1r/29d48a16-4b3a-3d7d-8305-0a3a3226879c.
--- ---VERSION MATERIALIZED
patch,offset,limit,count-ms,lookup-mus,results
0,0,-2,3,6,1
1,0,-2,453,459,2
2,0,-2,358,414,2
3,0,-2,323,369,2
4,0,-2,341,393,2
5,0,-2,386,434,2
6,0,-2,312,348,2
7,0,-2,395,458,3
--- ---DELTA MATERIALIZED
patch_start,patch_end,offset,limit,count-ms,lookup-mus,results
0,1,0,-2,390,410,2
0,2,0,-2,345,409,3
0,3,0,-2,311,403,3
0,4,0,-2,325,404,3
0,5,0,-2,364,431,3
0,6,0,-2,297,425,3
0,7,0,-2,395,433,3
1,2,0,-2,755,422,1
1,3,0,-2,700,421,3
1,4,0,-2,725,422,3
1,5,0,-2,776,433,3
1,6,0,-2,695,426,3
1,7,0,-2,786,440,3
2,3,0,-2,673,421,2
2,4,0,-2,695,430,4
2,5,0,-2,738,436,4
2,6,0,-2,653,432,4
2,7,0,-2,757,444,4
3,4,0,-2,651,420,2
3,5,0,-2,697,438,4
3,6,0,-2,604,434,4
3,7,0,-2,714,438,4
4,5,0,-2,713,431,2
4,6,0,-2,601,409,4
4,7,0,-2,710,425,4
5,6,0,-2,638,430,2
5,7,0,-2,761,422,4
6,7,0,-2,665,420,2
--- ---VERSION
offset,limit,count-ms,lookup-mus,results
0,-2,204,403,8
---PATTERN START:   http://sec.gov/Archives/edgar/data/1750/0001047469-08-008126.txt.
--- ---VERSION MATERIALIZED
patch,offset,limit,count-ms,lookup-mus,results
0,0,-2,2,5,1
1,0,-2,230,257,2
2,0,-2,176,240,2
3,0,-2,149,212,2
4,0,-2,161,229,2
5,0,-2,174,249,3
6,0,-2,158,221,2
7,0,-2,163,227,2
--- ---DELTA MATERIALIZED
patch_start,patch_end,offset,limit,count-ms,lookup-mus,results
0,1,0,-2,166,161,2
0,2,0,-2,154,162,3
0,3,0,-2,127,163,3
0,4,0,-2,135,161,3
0,5,0,-2,169,164,3
0,6,0,-2,141,164,3
0,7,0,-2,146,168,3
1,2,0,-2,320,161,1
1,3,0,-2,294,163,3
1,4,0,-2,300,167,3
1,5,0,-2,332,166,3
1,6,0,-2,306,172,3
1,7,0,-2,315,173,3
2,3,0,-2,293,167,2
2,4,0,-2,298,172,4
2,5,0,-2,326,175,4
2,6,0,-2,306,176,4
2,7,0,-2,312,175,4
3,4,0,-2,272,166,2
3,5,0,-2,298,175,4
3,6,0,-2,281,173,4
3,7,0,-2,281,176,4
4,5,0,-2,306,169,2
4,6,0,-2,282,175,4
4,7,0,-2,290,174,4
5,6,0,-2,313,175,2
5,7,0,-2,317,175,4
6,7,0,-2,298,174,2
--- ---VERSION
offset,limit,count-ms,lookup-mus,results
0,-2,90,279,8
---PATTERN START:   http://swrc.ontoware.org/ontology#howpublished.
--- ---VERSION MATERIALIZED
patch,offset,limit,count-ms,lookup-mus,results
0,0,-2,3,6,2
1,0,-2,312,313,2
2,0,-2,259,287,2
3,0,-2,243,264,2
4,0,-2,259,291,2
5,0,-2,212,240,2
6,0,-2,260,292,2
7,0,-2,187,211,2
--- ---DELTA MATERIALIZED
patch_start,patch_end,offset,limit,count-ms,lookup-mus,results
0,1,0,-2,254,280,4
0,2,0,-2,248,285,6
0,3,0,-2,228,289,6
0,4,0,-2,254,287,4
0,5,0,-2,199,291,6
0,6,0,-2,255,291,4
0,7,0,-2,174,295,6
1,2,0,-2,497,280,2
1,3,0,-2,476,288,6
1,4,0,-2,501,289,4
1,5,0,-2,448,294,6
1,6,0,-2,504,293,4
1,7,0,-2,422,300,6
2,3,0,-2,470,284,4
2,4,0,-2,497,292,6
2,5,0,-2,438,298,8
2,6,0,-2,497,297,6
2,7,0,-2,413,304,8
3,4,0,-2,477,291,6
3,5,0,-2,418,299,8
3,6,0,-2,480,302,6
3,7,0,-2,401,307,8
4,5,0,-2,449,290,2
4,6,0,-2,505,296,4
4,7,0,-2,424,301,6
5,6,0,-2,450,299,6
5,7,0,-2,373,305,8
6,7,0,-2,426,295,2
--- ---VERSION
offset,limit,count-ms,lookup-mus,results
0,-2,140,460,16
---PATTERN START:   http://www.london-gazette.co.uk/issues/59418/notices/1118001/page.htm.
--- ---VERSION MATERIALIZED
patch,offset,limit,count-ms,lookup-mus,results
0,0,-2,2,3,1
1,0,-2,202,198,1
2,0,-2,179,201,1
3,0,-2,180,200,1
4,0,-2,182,203,1
5,0,-2,181,202,1
6,0,-2,181,205,1
7,0,-2,180,203,1
--- ---DELTA MATERIALIZED
patch_start,patch_end,offset,limit,count-ms,lookup-mus,results
0,1,0,-2,177,180,2
0,2,0,-2,176,179,2
0,3,0,-2,174,180,2
0,4,0,-2,176,181,2
0,5,0,-2,176,183,2
0,6,0,-2,178,184,2
0,7,0,-2,176,184,2
1,2,0,-2,348,179,2
1,3,0,-2,343,182,2
1,4,0,-2,347,183,2
1,5,0,-2,347,183,2
1,6,0,-2,343,185,2
1,7,0,-2,345,185,2
2,3,0,-2,347,179,2
2,4,0,-2,347,182,2
2,5,0,-2,345,183,2
2,6,0,-2,345,184,2
2,7,0,-2,345,193,2
3,4,0,-2,346,181,2
3,5,0,-2,346,182,2
3,6,0,-2,350,188,2
3,7,0,-2,346,188,2
4,5,0,-2,348,185,2
4,6,0,-2,347,188,2
4,7,0,-2,345,187,2
5,6,0,-2,347,185,2
5,7,0,-2,345,189,2
6,7,0,-2,344,187,2
--- ---VERSION
offset,limit,count-ms,lookup-mus,results
0,-2,94,287,8
---PATTERN START:   http://www.loa-cnr.it/ontologies/DUL.owl#NaturalPerson.
--- ---VERSION MATERIALIZED
patch,offset,limit,count-ms,lookup-mus,results
0,0,-2,2,4,1
1,0,-2,195,175,1
2,0,-2,165,179,1
3,0,-2,157,170,1
4,0,-2,152,164,1
5,0,-2,140,157,1
6,0,-2,135,146,1
7,0,-2,129,142,1
--- ---DELTA MATERIALIZED
patch_start,patch_end,offset,limit,count-ms,lookup-mus,results
0,1,0,-2,148,157,2
0,2,0,-2,150,159,3
0,3,0,-2,141,159,3
0,4,0,-2,138,161,3
0,5,0,-2,128,162,3
0,6,0,-2,121,163,3
0,7,0,-2,126,164,3
1,2,0,-2,291,153,1
1,3,0,-2,283,159,3
1,4,0,-2,276,160,3
1,5,0,-2,268,161,3
1,6,0,-2,260,165,3
1,7,0,-2,254,164,3
2,3,0,-2,280,157,2
2,4,0,-2,274,161,4
2,5,0,-2,267,163,4
2,6,0,-2,259,164,4
2,7,0,-2,256,165,4
3,4,0,-2,266,158,2
3,5,0,-2,259,163,4
3,6,0,-2,252,164,4
3,7,0,-2,247,165,4
4,5,0,-2,251,160,2
4,6,0,-2,248,164,4
4,7,0,-2,240,165,4
5,6,0,-2,244,165,2
5,7,0,-2,238,170,4
6,7,0,-2,232,166,2
--- ---VERSION
offset,limit,count-ms,lookup-mus,results
0,-2,81,217,8
---PATTERN START:   http://www.gazettes-online.co.uk/ontology/legislation#them53motorway(junction1,northboundandsouthboundcarriagewaysandsouthboundentrysliproad)(temporaryprohibitionandrestrictionoftraffic)order2010.
--- ---VERSION MATERIALIZED
patch,offset,limit,count-ms,lookup-mus,results
0,0,-2,2,5,1
1,0,-2,268,248,1
2,0,-2,224,257,1
3,0,-2,226,247,1
4,0,-2,223,249,1
5,0,-2,224,246,1
6,0,-2,222,248,1
7,0,-2,222,246,1
--- ---DELTA MATERIALIZED
patch_start,patch_end,offset,limit,count-ms,lookup-mus,results
0,1,0,-2,219,219,2
0,2,0,-2,216,221,2
0,3,0,-2,233,222,2
0,4,0,-2,216,224,2
0,5,0,-2,216,225,2
0,6,0,-2,217,228,2
0,7,0,-2,216,229,2
1,2,0,-2,433,221,2
1,3,0,-2,437,230,2
1,4,0,-2,440,235,2
1,5,0,-2,446,239,2
1,6,0,-2,446,235,2
1,7,0,-2,451,237,2
2,3,0,-2,449,230,2
2,4,0,-2,452,232,2
2,5,0,-2,457,243,2
2,6,0,-2,447,236,2
2,7,0,-2,447,238,2
3,4,0,-2,447,235,2
3,5,0,-2,435,227,2
3,6,0,-2,430,229,2
3,7,0,-2,431,233,2
4,5,0,-2,431,228,2
4,6,0,-2,429,230,2
4,7,0,-2,429,231,2
5,6,0,-2,433,228,2
5,7,0,-2,431,230,2
6,7,0,-2,431,230,2
--- ---VERSION
offset,limit,count-ms,lookup-mus,results
0,-2,126,382,8
---PATTERN START:   http://purl.org/meducator/resources/3b914b02-c0db-4902-9af0-f893312ccde1.
--- ---VERSION MATERIALIZED
patch,offset,limit,count-ms,lookup-mus,results
0,0,-2,2,7,1
1,0,-2,413,415,2
2,0,-2,327,399,2
3,0,-2,309,384,2
4,0,-2,292,370,2
5,0,-2,275,355,2
6,0,-2,271,343,2
7,0,-2,244,324,2
--- ---DELTA MATERIALIZED
patch_start,patch_end,offset,limit,count-ms,lookup-mus,results
0,1,0,-2,335,338,2
0,2,0,-2,315,342,3
0,3,0,-2,298,344,3
0,4,0,-2,284,347,3
0,5,0,-2,273,350,3
0,6,0,-2,261,349,3
0,7,0,-2,245,353,3
1,2,0,-2,650,339,1
1,3,0,-2,631,345,3
1,4,0,-2,617,347,3
1,5,0,-2,602,351,3
1,6,0,-2,573,336,3
1,7,0,-2,555,334,3
2,3,0,-2,584,326,2
2,4,0,-2,572,330,4
2,5,0,-2,557,333,4
2,6,0,-2,543,335,4
2,7,0,-2,530,337,4
3,4,0,-2,557,329,2
3,5,0,-2,543,337,4
3,6,0,-2,530,335,4
3,7,0,-2,518,336,4
4,5,0,-2,531,330,2
4,6,0,-2,515,334,4
4,7,0,-2,502,336,4
5,6,0,-2,505,331,2
5,7,0,-2,488,336,4
6,7,0,-2,476,333,2
--- ---VERSION
offset,limit,count-ms,lookup-mus,results
0,-2,175,332,8
---PATTERN START:   http://d.opencalais.com/er/company/ralg-tr1r/9c39fbee-0361-3082-a169-92e3d5d016fb.
--- ---VERSION MATERIALIZED
patch,offset,limit,count-ms,lookup-mus,results
0,0,-2,2,8,2
1,0,-2,425,476,4
2,0,-2,328,417,4
3,0,-2,286,377,3
4,0,-2,324,426,3
5,0,-2,319,444,2
6,0,-2,320,446,2
7,0,-2,304,396,5
--- ---DELTA MATERIALIZED
patch_start,patch_end,offset,limit,count-ms,lookup-mus,results
0,1,0,-2,353,389,3
0,2,0,-2,301,396,5
0,3,0,-2,269,382,4
0,4,0,-2,315,383,4
0,5,0,-2,314,394,6
0,6,0,-2,315,395,6
0,7,0,-2,293,404,5
1,2,0,-2,662,410,2
1,3,0,-2,637,401,5
1,4,0,-2,670,407,5
1,5,0,-2,672,412,6
1,6,0,-2,669,417,6
1,7,0,-2,654,413,5
2,3,0,-2,598,399,3
2,4,0,-2,630,410,7
2,5,0,-2,638,413,8
2,6,0,-2,634,418,8
2,7,0,-2,601,418,7
3,4,0,-2,607,405,6
3,5,0,-2,608,414,7
3,6,0,-2,595,396,7
3,7,0,-2,544,406,6
4,5,0,-2,624,391,3
4,6,0,-2,628,400,7
4,7,0,-2,589,404,6
5,6,0,-2,625,389,4
5,7,0,-2,599,401,7
6,7,0,-2,590,390,3
--- ---VERSION
offset,limit,count-ms,lookup-mus,results
0,-2,212,618,15
---PATTERN START:   http://sec.gov/Archives/edgar/data/896159/0001193125-09-040758.txt.
--- ---VERSION MATERIALIZED
patch,offset,limit,count-ms,lookup-mus,results
0,0,-2,2,5,1
1,0,-2,215,247,2
2,0,-2,207,242,2
3,0,-2,171,211,2
4,0,-2,158,217,2
5,0,-2,156,207,3
6,0,-2,160,223,1
7,0,-2,158,226,1
--- ---DELTA MATERIALIZED
patch_start,patch_end,offset,limit,count-ms,lookup-mus,results
0,1,0,-2,162,162,1
0,2,0,-2,175,167,2
0,3,0,-2,144,162,2
0,4,0,-2,153,162,1
0,5,0,-2,137,161,2
0,6,0,-2,154,165,2
0,7,0,-2,154,169,2
1,2,0,-2,339,164,1
1,3,0,-2,321,170,3
1,4,0,-2,323,174,2
1,5,0,-2,306,171,3
1,6,0,-2,319,175,3
1,7,0,-2,320,176,3
2,3,0,-2,326,169,2
2,4,0,-2,332,176,3
2,5,0,-2,317,172,4
2,6,0,-2,336,176,4
2,7,0,-2,335,177,4
3,4,0,-2,304,172,3
3,5,0,-2,289,176,4
3,6,0,-2,302,177,4
3,7,0,-2,301,176,4
4,5,0,-2,289,169,1
4,6,0,-2,310,174,3
4,7,0,-2,306,180,3
5,6,0,-2,296,174,2
5,7,0,-2,295,176,4
6,7,0,-2,310,169,2
--- ---VERSION
offset,limit,count-ms,lookup-mus,results
0,-2,102,283,8
---PATTERN START:   http://swrc.ontoware.org/ontology#type.
--- ---VERSION MATERIALIZED
patch,offset,limit,count-ms,lookup-mus,results
0,0,-2,2,5,3
1,0,-2,420,444,3
2,0,-2,379,413,3
3,0,-2,352,385,3
4,0,-2,383,425,3
5,0,-2,298,334,3
6,0,-2,384,427,3
7,0,-2,257,284,3
--- ---DELTA MATERIALIZED
patch_start,patch_end,offset,limit,count-ms,lookup-mus,results
0,1,0,-2,380,413,6
0,2,0,-2,367,420,9
0,3,0,-2,340,424,9
0,4,0,-2,382,424,6
0,5,0,-2,284,430,9
0,6,0,-2,376,432,6
0,7,0,-2,236,437,9
1,2,0,-2,736,416,3
1,3,0,-2,710,428,9
1,4,0,-2,751,429,6
1,5,0,-2,660,438,9
1,6,0,-2,751,438,6
1,7,0,-2,613,446,9
2,3,0,-2,692,427,6
2,4,0,-2,744,434,9
2,5,0,-2,651,444,12
2,6,0,-2,743,443,9
2,7,0,-2,603,450,12
3,4,0,-2,716,436,9
3,5,0,-2,624,442,12
3,6,0,-2,715,446,9
3,7,0,-2,574,453,12
4,5,0,-2,665,439,3
4,6,0,-2,764,440,6
4,7,0,-2,616,447,9
5,6,0,-2,662,442,9
5,7,0,-2,518,450,12
6,7,0,-2,612,437,3
--- ---VERSION
offset,limit,count-ms,lookup-mus,results
0,-2,206,679,24
---PATTERN START:   http://www.london-gazette.co.uk/id/issues/59418/notices/1117988#authoriser001.
--- ---VERSION MATERIALIZED
patch,offset,limit,count-ms,lookup-mus,results
0,0,-2,2,5,1
1,0,-2,201,181,1
2,0,-2,159,181,1
3,0,-2,157,181,1
4,0,-2,158,183,1
5,0,-2,157,182,1
6,0,-2,157,182,1
7,0,-2,157,182,1
--- ---DELTA MATERIALIZED
patch_start,patch_end,offset,limit,count-ms,lookup-mus,results
0,1,0,-2,152,153,2
0,2,0,-2,154,154,2
0,3,0,-2,154,156,2
0,4,0,-2,153,159,2
0,5,0,-2,154,160,2
0,6,0,-2,153,161,2
0,7,0,-2,154,162,2
1,2,0,-2,301,157,2
1,3,0,-2,306,158,2
1,4,0,-2,303,161,2
1,5,0,-2,303,162,2
1,6,0,-2,304,163,2
1,7,0,-2,303,165,2
2,3,0,-2,305,159,2
2,4,0,-2,302,160,2
2,5,0,-2,304,159,2
2,6,0,-2,300,161,2
2,7,0,-2,300,162,2
3,4,0,-2,302,157,2
3,5,0,-2,301,158,2
3,6,0,-2,300,160,2
3,7,0,-2,299,162,2
4,5,0,-2,301,159,2
4,6,0,-2,300,163,2
4,7,0,-2,304,165,2
5,6,0,-2,303,164,2
5,7,0,-2,302,164,2
6,7,0,-2,304,164,2
--- ---VERSION
offset,limit,count-ms,lookup-mus,results
0,-2,77,278,8
---PATTERN START:   http://www.gazettes-online.co.uk/ontology/legislation#thebrent(waitingandloadingrestriction)(amendmentno.344)order2010.
--- ---VERSION MATERIALIZED
patch,offset,limit,count-ms,lookup-mus,results
0,0,-2,2,8,3
1,0,-2,396,418,3
2,0,-2,382,422,3
3,0,-2,349,393,3
4,0,-2,374,421,3
5,0,-2,297,346,3
6,0,-2,277,327,3
7,0,-2,253,300,3
--- ---DELTA MATERIALIZED
patch_start,patch_end,offset,limit,count-ms,lookup-mus,results
0,1,0,-2,369,409,6
0,2,0,-2,370,414,7
0,3,0,-2,343,418,7
0,4,0,-2,369,419,6
0,5,0,-2,294,424,7
0,6,0,-2,275,428,7
0,7,0,-2,248,431,7
1,2,0,-2,733,412,5
1,3,0,-2,705,423,7
1,4,0,-2,746,436,6
1,5,0,-2,658,432,7
1,6,0,-2,634,438,7
1,7,0,-2,614,440,7
2,3,0,-2,707,420,6
2,4,0,-2,734,426,7
2,5,0,-2,662,435,8
2,6,0,-2,638,438,8
2,7,0,-2,608,437,8
3,4,0,-2,700,425,7
3,5,0,-2,622,431,8
3,6,0,-2,603,433,8
3,7,0,-2,580,439,8
4,5,0,-2,652,425,5
4,6,0,-2,633,438,7
4,7,0,-2,608,436,7
5,6,0,-2,554,432,6
5,7,0,-2,530,438,8
6,7,0,-2,511,437,6
--- ---VERSION
offset,limit,count-ms,lookup-mus,results
0,-2,205,650,24
---PATTERN START:   http://www.loa-cnr.it/ontologies/DUL.owl#isTaskDefinedIn.
--- ---VERSION MATERIALIZED
patch,offset,limit,count-ms,lookup-mus,results
0,0,-2,2,8,2
1,0,-2,210,223,2
2,0,-2,181,224,3
3,0,-2,173,217,3
4,0,-2,159,208,3
5,0,-2,146,197,3
6,0,-2,138,199,3
7,0,-2,139,183,3
--- ---DELTA MATERIALIZED
patch_start,patch_end,offset,limit,count-ms,lookup-mus,results
0,1,0,-2,152,154,2
0,2,0,-2,154,156,3
0,3,0,-2,143,156,3
0,4,0,-2,138,157,3
0,5,0,-2,126,159,3
0,6,0,-2,120,161,3
0,7,0,-2,112,161,3
1,2,0,-2,302,153,1
1,3,0,-2,295,156,3
1,4,0,-2,280,160,3
1,5,0,-2,271,160,3
1,6,0,-2,265,162,3
1,7,0,-2,257,162,3
2,3,0,-2,288,156,2
2,4,0,-2,278,159,4
2,5,0,-2,272,161,4
2,6,0,-2,263,164,4
2,7,0,-2,257,164,4
3,4,0,-2,269,156,2
3,5,0,-2,262,161,4
3,6,0,-2,253,165,4
3,7,0,-2,248,164,4
4,5,0,-2,253,160,2
4,6,0,-2,247,163,4
4,7,0,-2,238,166,4
5,6,0,-2,237,159,2
5,7,0,-2,229,166,4
6,7,0,-2,229,162,2
--- ---VERSION
offset,limit,count-ms,lookup-mus,results
0,-2,79,233,9
---PATTERN START:   http://d.opencalais.com/er/company/ralg-tr1r/d9a693ed-7603-3393-90fe-16056c06b69c.
--- ---VERSION MATERIALIZED
patch,offset,limit,count-ms,lookup-mus,results
0,0,-2,2,7,2
1,0,-2,226,296,4
2,0,-2,193,307,6
3,0,-2,199,302,6
4,0,-2,194,305,6
5,0,-2,197,302,6
6,0,-2,194,300,6
7,0,-2,191,299,6
--- ---DELTA MATERIALIZED
patch_start,patch_end,offset,limit,count-ms,lookup-mus,results
0,1,0,-2,188,333,4
0,2,0,-2,186,336,6
0,3,0,-2,188,333,6
0,4,0,-2,188,338,6
0,5,0,-2,188,339,6
0,6,0,-2,189,343,6
0,7,0,-2,192,333,6
1,2,0,-2,373,330,2
1,3,0,-2,376,337,6
1,4,0,-2,374,353,6
1,5,0,-2,376,355,6
1,6,0,-2,373,359,6
1,7,0,-2,374,358,6
2,3,0,-2,380,345,4
2,4,0,-2,381,356,8
2,5,0,-2,375,359,8
2,6,0,-2,378,362,8
2,7,0,-2,375,357,8
3,4,0,-2,377,339,4
3,5,0,-2,375,342,8
3,6,0,-2,374,354,8
3,7,0,-2,372,346,8
4,5,0,-2,370,344,4
4,6,0,-2,377,347,8
4,7,0,-2,373,355,8
5,6,0,-2,378,341,4
5,7,0,-2,373,363,8
6,7,0,-2,377,350,4
--- ---VERSION
offset,limit,count-ms,lookup-mus,results
0,-2,154,615,16
---PATTERN START:   http://sec.gov/Archives/edgar/data/833829/0001193125-08-251337.txt.
--- ---VERSION MATERIALIZED
patch,offset,limit,count-ms,lookup-mus,results
0,0,-2,2,5,1
1,0,-2,229,256,2
2,0,-2,178,246,2
3,0,-2,158,231,2
4,0,-2,182,259,3
5,0,-2,171,240,2
6,0,-2,167,226,2
7,0,-2,147,208,2
--- ---DELTA MATERIALIZED
patch_start,patch_end,offset,limit,count-ms,lookup-mus,results
0,1,0,-2,177,182,2
0,2,0,-2,159,177,3
0,3,0,-2,142,172,3
0,4,0,-2,174,172,3
0,5,0,-2,163,176,3
0,6,0,-2,148,175,3
0,7,0,-2,132,178,3
1,2,0,-2,329,172,1
1,3,0,-2,324,171,3
1,4,0,-2,349,178,3
1,5,0,-2,341,180,3
1,6,0,-2,324,186,3
1,7,0,-2,305,187,3
2,3,0,-2,308,177,2
2,4,0,-2,338,182,4
2,5,0,-2,328,183,4
2,6,0,-2,312,188,4
2,7,0,-2,295,188,4
3,4,0,-2,323,178,2
3,5,0,-2,314,182,4
3,6,0,-2,293,187,4
3,7,0,-2,283,186,4
4,5,0,-2,340,181,2
4,6,0,-2,329,187,4
4,7,0,-2,311,185,4
5,6,0,-2,318,186,2
5,7,0,-2,306,187,4
6,7,0,-2,290,181,2
--- ---VERSION
offset,limit,count-ms,lookup-mus,results
0,-2,94,276,8
---PATTERN START:   http://swrc.ontoware.org/ontology#note.
--- ---VERSION MATERIALIZED
patch,offset,limit,count-ms,lookup-mus,results
0,0,-2,2,4,1
1,0,-2,193,179,1
2,0,-2,173,185,1
3,0,-2,163,172,1
4,0,-2,161,179,1
5,0,-2,147,159,1
6,0,-2,160,180,1
7,0,-2,127,140,1
--- ---DELTA MATERIALIZED
patch_start,patch_end,offset,limit,count-ms,lookup-mus,results
0,1,0,-2,154,157,2
0,2,0,-2,160,159,3
0,3,0,-2,149,161,3
0,4,0,-2,155,170,2
0,5,0,-2,140,163,3
0,6,0,-2,155,162,2
0,7,0,-2,116,166,3
1,2,0,-2,309,157,1
1,3,0,-2,302,161,3
1,4,0,-2,306,162,2
1,5,0,-2,286,166,3
1,6,0,-2,305,166,2
1,7,0,-2,266,168,3
2,3,0,-2,308,160,2
2,4,0,-2,310,163,3
2,5,0,-2,292,167,4
2,6,0,-2,311,167,3
2,7,0,-2,266,169,4
3,4,0,-2,298,163,3
3,5,0,-2,274,166,4
3,6,0,-2,300,165,3
3,7,0,-2,257,169,4
4,5,0,-2,283,162,1
4,6,0,-2,304,164,2
4,7,0,-2,266,167,3
5,6,0,-2,283,168,3
5,7,0,-2,241,169,4
6,7,0,-2,263,166,1
--- ---VERSION
offset,limit,count-ms,lookup-mus,results
0,-2,81,231,8
---PATTERN START:   http://www.london-gazette.co.uk/id/issues/59418/notices/1118044#authoriser001.
--- ---VERSION MATERIALIZED
patch,offset,limit,count-ms,lookup-mus,results
0,0,-2,2,10,3
1,0,-2,420,499,3
2,0,-2,418,459,3
3,0,-2,393,436,3
4,0,-2,411,482,3
5,0,-2,360,386,3
6,0,-2,332,364,3
7,0,-2,298,336,3
--- ---DELTA MATERIALIZED
patch_start,patch_end,offset,limit,count-ms,lookup-mus,results
0,1,0,-2,401,444,6
0,2,0,-2,403,448,7
0,3,0,-2,376,452,7
0,4,0,-2,403,454,6
0,5,0,-2,329,458,7
0,6,0,-2,306,462,7
0,7,0,-2,278,464,7
1,2,0,-2,801,449,5
1,3,0,-2,780,456,7
1,4,0,-2,802,461,6
1,5,0,-2,728,465,7
1,6,0,-2,703,471,7
1,7,0,-2,681,477,7
2,3,0,-2,785,457,6
2,4,0,-2,806,461,7
2,5,0,-2,734,793,8
2,6,0,-2,713,473,8
2,7,0,-2,691,478,8
3,4,0,-2,781,462,7
3,5,0,-2,709,468,8
3,6,0,-2,686,473,8
3,7,0,-2,660,479,8
4,5,0,-2,735,462,5
4,6,0,-2,710,473,7
4,7,0,-2,682,472,7
5,6,0,-2,634,467,6
5,7,0,-2,605,473,8
6,7,0,-2,580,469,6
--- ---VERSION
offset,limit,count-ms,lookup-mus,results
0,-2,228,754,24
---PATTERN START:   http://www.gazettes-online.co.uk/ontology/legislation#TheCamden(WaitingandLoadingRestrictions)(AmendmentNo.*240*)TrafficOrder2010.
--- ---VERSION MATERIALIZED
patch,offset,limit,count-ms,lookup-mus,results
0,0,-2,2,4,1
1,0,-2,293,282,1
2,0,-2,250,283,1
3,0,-2,249,282,1
4,0,-2,250,281,1
5,0,-2,248,282,1
6,0,-2,247,283,1
7,0,-2,255,288,1
--- ---DELTA MATERIALIZED
patch_start,patch_end,offset,limit,count-ms,lookup-mus,results
0,1,0,-2,244,254,2
0,2,0,-2,249,251,2
0,3,0,-2,252,250,2
0,4,0,-2,250,263,2
0,5,0,-2,255,257,2
0,6,0,-2,253,254,2
0,7,0,-2,251,258,2
1,2,0,-2,500,254,2
1,3,0,-2,504,257,2
1,4,0,-2,504,257,2
1,5,0,-2,501,255,2
1,6,0,-2,502,259,2
1,7,0,-2,503,260,2
2,3,0,-2,490,244,2
2,4,0,-2,487,246,2
2,5,0,-2,486,248,2
2,6,0,-2,485,248,2
2,7,0,-2,485,251,2
3,4,0,-2,487,246,2
3,5,0,-2,484,248,2
3,6,0,-2,485,252,2
3,7,0,-2,485,253,2
4,5,0,-2,487,257,2
4,6,0,-2,488,260,2
4,7,0,-2,496,259,2
5,6,0,-2,497,257,2
5,7,0,-2,503,260,2
6,7,0,-2,502,258,2
--- ---VERSION
offset,limit,count-ms,lookup-mus,results
0,-2,128,294,8
---PATTERN START:   http://www.loa-cnr.it/ontologies/DUL.owl#parametrizes.
--- ---VERSION MATERIALIZED
patch,offset,limit,count-ms,lookup-mus,results
0,0,-2,2,7,2
1,0,-2,180,215,2
2,0,-2,177,221,3
3,0,-2,170,220,3
4,0,-2,159,212,3
5,0,-2,153,198,3
6,0,-2,149,196,3
7,0,-2,138,182,3
--- ---DELTA MATERIALIZED
patch_start,patch_end,offset,limit,count-ms,lookup-mus,results
0,1,0,-2,150,152,2
0,2,0,-2,152,157,3
0,3,0,-2,145,155,3
0,4,0,-2,137,156,3
0,5,0,-2,132,157,3
0,6,0,-2,125,159,3
0,7,0,-2,115,159,3
1,2,0,-2,299,153,1
1,3,0,-2,290,159,3
1,4,0,-2,280,157,3
1,5,0,-2,275,174,3
1,6,0,-2,275,166,3
1,7,0,-2,260,162,3
2,3,0,-2,287,154,2
2,4,0,-2,284,158,4
2,5,0,-2,274,160,4
2,6,0,-2,268,161,4
2,7,0,-2,260,163,4
3,4,0,-2,273,156,2
3,5,0,-2,266,163,4
3,6,0,-2,259,161,4
3,7,0,-2,251,163,4
4,5,0,-2,258,158,2
4,6,0,-2,256,166,4
4,7,0,-2,243,162,4
5,6,0,-2,249,159,2
5,7,0,-2,237,166,4
6,7,0,-2,237,162,2
--- ---VERSION
offset,limit,count-ms,lookup-mus,results
0,-2,84,233,9
---PATTERN START:   http://d.opencalais.com/er/company/ralg-tr1r/3e922417-fe83-3a54-974f-17257f03501c.
--- ---VERSION MATERIALIZED
patch,offset,limit,count-ms,lookup-mus,results
0,0,-2,2,9,3
1,0,-2,358,449,5
2,0,-2,313,458,7
3,0,-2,311,434,5
4,0,-2,313,454,8
5,0,-2,310,443,7
6,0,-2,290,410,5
7,0,-2,277,396,6
--- ---DELTA MATERIALIZED
patch_start,patch_end,offset,limit,count-ms,lookup-mus,results
0,1,0,-2,305,473,5
0,2,0,-2,307,464,7
0,3,0,-2,287,460,8
0,4,0,-2,307,476,8
0,5,0,-2,311,469,8
0,6,0,-2,276,478,10
0,7,0,-2,268,483,9
1,2,0,-2,615,474,2
1,3,0,-2,595,488,7
1,4,0,-2,605,491,7
1,5,0,-2,606,501,7
1,6,0,-2,596,509,8
1,7,0,-2,582,497,6
2,3,0,-2,609,487,5
2,4,0,-2,610,504,9
2,5,0,-2,623,501,9
2,6,0,-2,601,505,10
2,7,0,-2,580,497,8
3,4,0,-2,593,465,4
3,5,0,-2,587,485,10
3,6,0,-2,564,492,11
3,7,0,-2,548,484,9
4,5,0,-2,606,480,6
4,6,0,-2,584,485,11
4,7,0,-2,576,492,9
5,6,0,-2,583,481,7
5,7,0,-2,571,492,9
6,7,0,-2,536,483,4
--- ---VERSION
offset,limit,count-ms,lookup-mus,results
0,-2,234,764,20
