---PATTERN START: http://www.bbc.co.uk/nature/life/Vogelkop_Bowerbird#species http://purl.org/ontology/wo/adaptation http://www.bbc.co.uk/nature/adaptations/Hearing_(sense)#adaptation.
--- ---VERSION MATERIALIZED
patch,offset,limit,count-ms,lookup-mus,results
0,0,-2,8981,6,1
1,0,-2,330,180,1
2,0,-2,101,179,1
3,0,-2,101,181,1
4,0,-2,102,180,1
5,0,-2,100,180,1
6,0,-2,101,182,1
7,0,-2,101,181,1
--- ---DELTA MATERIALIZED
patch_start,patch_end,offset,limit,count-ms,lookup-mus,results
0,1,0,-2,95,84,0
0,2,0,-2,96,83,0
0,3,0,-2,98,83,0
0,4,0,-2,97,83,0
0,5,0,-2,96,83,0
0,6,0,-2,96,83,0
0,7,0,-2,96,84,0
1,2,0,-2,190,85,0
1,3,0,-2,190,83,0
1,4,0,-2,189,84,0
1,5,0,-2,189,83,0
1,6,0,-2,190,83,0
1,7,0,-2,191,86,0
2,3,0,-2,188,83,0
2,4,0,-2,190,83,0
2,5,0,-2,194,87,0
2,6,0,-2,190,83,0
2,7,0,-2,190,83,0
3,4,0,-2,191,83,0
3,5,0,-2,189,83,0
3,6,0,-2,189,83,0
3,7,0,-2,192,83,0
4,5,0,-2,190,83,0
4,6,0,-2,189,83,0
4,7,0,-2,211,83,0
5,6,0,-2,189,84,0
5,7,0,-2,190,83,0
6,7,0,-2,192,83,0
--- ---VERSION
offset,limit,count-ms,lookup-mus,results
0,-2,50,79,1
---PATTERN START: http://identi.ca/user/299172 http://www.w3.org/1999/02/22-rdf-syntax-ns#type http://xmlns.com/foaf/0.1/Agent.
--- ---VERSION MATERIALIZED
patch,offset,limit,count-ms,lookup-mus,results
0,0,-2,4611,5,1
1,0,-2,286,68,1
2,0,-2,43,68,1
3,0,-2,43,74,1
4,0,-2,48,67,1
5,0,-2,42,66,1
6,0,-2,43,68,1
7,0,-2,41,67,1
--- ---DELTA MATERIALIZED
patch_start,patch_end,offset,limit,count-ms,lookup-mus,results
0,1,0,-2,38,32,0
0,2,0,-2,38,32,0
0,3,0,-2,38,32,0
0,4,0,-2,38,33,0
0,5,0,-2,38,32,0
0,6,0,-2,37,32,0
0,7,0,-2,38,32,0
1,2,0,-2,74,34,0
1,3,0,-2,74,32,0
1,4,0,-2,74,32,0
1,5,0,-2,73,32,0
1,6,0,-2,75,32,0
1,7,0,-2,73,32,0
2,3,0,-2,75,32,0
2,4,0,-2,75,33,0
2,5,0,-2,77,33,0
2,6,0,-2,73,32,0
2,7,0,-2,75,32,0
3,4,0,-2,74,32,0
3,5,0,-2,74,32,0
3,6,0,-2,74,33,0
3,7,0,-2,74,32,0
4,5,0,-2,75,33,0
4,6,0,-2,73,33,0
4,7,0,-2,72,32,0
5,6,0,-2,75,32,0
5,7,0,-2,74,32,0
6,7,0,-2,73,32,0
--- ---VERSION
offset,limit,count-ms,lookup-mus,results
0,-2,25,33,1
---PATTERN START: http://identi.ca/user/11272 http://xmlns.com/foaf/0.1/account http://identi.ca/user/11272#acct.
--- ---VERSION MATERIALIZED
patch,offset,limit,count-ms,lookup-mus,results
0,0,-2,5141,5,1
1,0,-2,142,100,1
2,0,-2,59,99,1
3,0,-2,60,98,1
4,0,-2,59,98,1
5,0,-2,59,100,1
6,0,-2,59,99,1
7,0,-2,63,98,1
--- ---DELTA MATERIALIZED
patch_start,patch_end,offset,limit,count-ms,lookup-mus,results
0,1,0,-2,55,47,0
0,2,0,-2,55,47,0
0,3,0,-2,56,46,0
0,4,0,-2,55,48,0
0,5,0,-2,55,47,0
0,6,0,-2,56,46,0
0,7,0,-2,56,46,0
1,2,0,-2,110,47,0
1,3,0,-2,108,46,0
1,4,0,-2,109,50,0
1,5,0,-2,108,47,0
1,6,0,-2,110,47,0
1,7,0,-2,109,47,0
2,3,0,-2,108,47,0
2,4,0,-2,108,48,0
2,5,0,-2,109,47,0
2,6,0,-2,109,47,0
2,7,0,-2,109,47,0
3,4,0,-2,108,47,0
3,5,0,-2,108,48,0
3,6,0,-2,109,46,0
3,7,0,-2,110,47,0
4,5,0,-2,108,46,0
4,6,0,-2,109,48,0
4,7,0,-2,110,49,0
5,6,0,-2,109,47,0
5,7,0,-2,109,46,0
6,7,0,-2,110,47,0
--- ---VERSION
offset,limit,count-ms,lookup-mus,results
0,-2,33,46,1
---PATTERN START: http://identi.ca/varuolo/foaf http://xmlns.com/foaf/0.1/maker http://identi.ca/user/6849.
--- ---VERSION MATERIALIZED
patch,offset,limit,count-ms,lookup-mus,results
0,0,-2,4898,5,1
1,0,-2,311,114,1
2,0,-2,72,109,1
3,0,-2,71,108,1
4,0,-2,71,108,1
5,0,-2,71,109,1
6,0,-2,73,110,1
7,0,-2,72,108,1
--- ---DELTA MATERIALIZED
patch_start,patch_end,offset,limit,count-ms,lookup-mus,results
0,1,0,-2,68,62,0
0,2,0,-2,67,63,0
0,3,0,-2,67,63,0
0,4,0,-2,68,61,0
0,5,0,-2,67,62,0
0,6,0,-2,67,61,0
0,7,0,-2,67,62,0
1,2,0,-2,132,62,0
1,3,0,-2,132,62,0
1,4,0,-2,131,62,0
1,5,0,-2,133,62,0
1,6,0,-2,133,62,0
1,7,0,-2,133,62,0
2,3,0,-2,131,62,0
2,4,0,-2,131,62,0
2,5,0,-2,131,62,0
2,6,0,-2,133,62,0
2,7,0,-2,133,61,0
3,4,0,-2,131,62,0
3,5,0,-2,132,62,0
3,6,0,-2,132,63,0
3,7,0,-2,132,62,0
4,5,0,-2,132,62,0
4,6,0,-2,131,62,0
4,7,0,-2,132,64,0
5,6,0,-2,133,61,0
5,7,0,-2,132,62,0
6,7,0,-2,132,62,0
--- ---VERSION
offset,limit,count-ms,lookup-mus,results
0,-2,49,64,1
---PATTERN START: http://identi.ca/user/65822 http://xmlns.com/foaf/0.1/account http://identi.ca/user/65822#acct.
--- ---VERSION MATERIALIZED
patch,offset,limit,count-ms,lookup-mus,results
0,0,-2,4812,5,1
1,0,-2,151,62,1
2,0,-2,36,65,1
3,0,-2,37,62,1
4,0,-2,36,62,1
5,0,-2,36,62,1
6,0,-2,36,62,1
7,0,-2,35,62,1
--- ---DELTA MATERIALIZED
patch_start,patch_end,offset,limit,count-ms,lookup-mus,results
0,1,0,-2,32,29,0
0,2,0,-2,31,28,0
0,3,0,-2,32,28,0
0,4,0,-2,31,28,0
0,5,0,-2,34,28,0
0,6,0,-2,32,28,0
0,7,0,-2,32,29,0
1,2,0,-2,63,28,0
1,3,0,-2,62,27,0
1,4,0,-2,61,28,0
1,5,0,-2,62,28,0
1,6,0,-2,61,28,0
1,7,0,-2,62,28,0
2,3,0,-2,62,29,0
2,4,0,-2,62,28,0
2,5,0,-2,61,28,0
2,6,0,-2,62,28,0
2,7,0,-2,62,28,0
3,4,0,-2,62,28,0
3,5,0,-2,62,28,0
3,6,0,-2,62,28,0
3,7,0,-2,61,28,0
4,5,0,-2,63,28,0
4,6,0,-2,61,28,0
4,7,0,-2,61,27,0
5,6,0,-2,62,28,0
5,7,0,-2,62,29,0
6,7,0,-2,61,28,0
--- ---VERSION
offset,limit,count-ms,lookup-mus,results
0,-2,21,30,1
---PATTERN START: http://eprints.ecs.soton.ac.uk/id/document/8580 http://eprints.org/relation/hasVolatileVersion http://eprints.ecs.soton.ac.uk/id/document/22818.
--- ---VERSION MATERIALIZED
patch,offset,limit,count-ms,lookup-mus,results
0,0,-2,4967,6,1
1,0,-2,331,144,1
2,0,-2,82,143,1
3,0,-2,81,144,1
4,0,-2,82,145,1
5,0,-2,82,144,1
6,0,-2,81,144,1
7,0,-2,81,144,1
--- ---DELTA MATERIALIZED
patch_start,patch_end,offset,limit,count-ms,lookup-mus,results
0,1,0,-2,79,69,0
0,2,0,-2,76,68,0
0,3,0,-2,76,69,0
0,4,0,-2,77,69,0
0,5,0,-2,77,69,0
0,6,0,-2,76,70,0
0,7,0,-2,76,68,0
1,2,0,-2,150,69,0
1,3,0,-2,151,69,0
1,4,0,-2,153,69,0
1,5,0,-2,150,69,0
1,6,0,-2,150,68,0
1,7,0,-2,152,68,0
2,3,0,-2,153,68,0
2,4,0,-2,151,68,0
2,5,0,-2,150,68,0
2,6,0,-2,150,69,0
2,7,0,-2,151,69,0
3,4,0,-2,152,69,0
3,5,0,-2,151,69,0
3,6,0,-2,152,68,0
3,7,0,-2,150,69,0
4,5,0,-2,151,68,0
4,6,0,-2,152,71,0
4,7,0,-2,153,69,0
5,6,0,-2,151,68,0
5,7,0,-2,150,68,0
6,7,0,-2,152,69,0
--- ---VERSION
offset,limit,count-ms,lookup-mus,results
0,-2,43,69,1
---PATTERN START: http://identi.ca/emilio/foaf http://xmlns.com/foaf/0.1/maker http://identi.ca/user/13127.
--- ---VERSION MATERIALIZED
patch,offset,limit,count-ms,lookup-mus,results
0,0,-2,145,5,1
1,0,-2,171,128,1
2,0,-2,75,127,1
3,0,-2,75,129,1
4,0,-2,73,127,1
5,0,-2,75,125,1
6,0,-2,75,124,1
7,0,-2,78,128,1
--- ---DELTA MATERIALIZED
patch_start,patch_end,offset,limit,count-ms,lookup-mus,results
0,1,0,-2,70,62,0
0,2,0,-2,70,62,0
0,3,0,-2,71,62,0
0,4,0,-2,70,63,0
0,5,0,-2,71,62,0
0,6,0,-2,69,63,0
0,7,0,-2,70,62,0
1,2,0,-2,136,62,0
1,3,0,-2,134,63,0
1,4,0,-2,136,62,0
1,5,0,-2,140,63,0
1,6,0,-2,137,62,0
1,7,0,-2,137,62,0
2,3,0,-2,136,63,0
2,4,0,-2,137,62,0
2,5,0,-2,136,63,0
2,6,0,-2,136,62,0
2,7,0,-2,136,65,0
3,4,0,-2,138,61,0
3,5,0,-2,138,62,0
3,6,0,-2,136,62,0
3,7,0,-2,137,73,0
4,5,0,-2,142,62,0
4,6,0,-2,135,62,0
4,7,0,-2,136,63,0
5,6,0,-2,138,63,0
5,7,0,-2,137,62,0
6,7,0,-2,140,62,0
--- ---VERSION
offset,limit,count-ms,lookup-mus,results
0,-2,41,60,1
---PATTERN START: http://data.linkedmdb.org/resource/director/10474 http://www.w3.org/1999/02/22-rdf-syntax-ns#type http://xmlns.com/foaf/0.1/Person.
--- ---VERSION MATERIALIZED
patch,offset,limit,count-ms,lookup-mus,results
0,0,-2,4293,6,1
1,0,-2,388,150,1
2,0,-2,87,148,1
3,0,-2,86,157,1
4,0,-2,89,149,1
5,0,-2,88,149,1
6,0,-2,87,148,1
7,0,-2,88,148,1
--- ---DELTA MATERIALIZED
patch_start,patch_end,offset,limit,count-ms,lookup-mus,results
0,1,0,-2,83,75,0
0,2,0,-2,83,75,0
0,3,0,-2,82,75,0
0,4,0,-2,82,76,0
0,5,0,-2,83,75,0
0,6,0,-2,82,74,0
0,7,0,-2,82,75,0
1,2,0,-2,164,74,0
1,3,0,-2,164,75,0
1,4,0,-2,162,75,0
1,5,0,-2,163,75,0
1,6,0,-2,170,74,0
1,7,0,-2,163,74,0
2,3,0,-2,162,74,0
2,4,0,-2,162,75,0
2,5,0,-2,163,74,0
2,6,0,-2,162,75,0
2,7,0,-2,162,74,0
3,4,0,-2,168,74,0
3,5,0,-2,162,75,0
3,6,0,-2,161,75,0
3,7,0,-2,171,75,0
4,5,0,-2,162,74,0
4,6,0,-2,161,75,0
4,7,0,-2,161,75,0
5,6,0,-2,162,74,0
5,7,0,-2,163,74,0
6,7,0,-2,161,75,0
--- ---VERSION
offset,limit,count-ms,lookup-mus,results
0,-2,51,74,1
---PATTERN START: http://example.org/bnode/httpx3Ax2Fx2Fwwwx2Elegislationx2Egovx2Eukx2Fukpgax2F1985x2F67x2Fsectionx2F67xxdocument11 http://www.metalex.eu/metalex/2008-05-02#realizes http://www.legislation.gov.uk/id/ukpga/1985/67.
--- ---VERSION MATERIALIZED
patch,offset,limit,count-ms,lookup-mus,results
0,0,-2,17,4,0
1,0,-2,175,68,0
2,0,-2,70,67,0
3,0,-2,69,67,0
4,0,-2,68,67,0
5,0,-2,68,67,0
6,0,-2,68,74,0
7,0,-2,73,68,0
--- ---DELTA MATERIALIZED
patch_start,patch_end,offset,limit,count-ms,lookup-mus,results
0,1,0,-2,60,54,0
0,2,0,-2,60,53,0
0,3,0,-2,60,52,0
0,4,0,-2,60,53,0
0,5,0,-2,61,53,0
0,6,0,-2,70,60,0
0,7,0,-2,60,53,0
1,2,0,-2,118,52,0
1,3,0,-2,118,53,0
1,4,0,-2,118,53,0
1,5,0,-2,125,53,0
1,6,0,-2,117,53,0
1,7,0,-2,117,53,0
2,3,0,-2,118,53,0
2,4,0,-2,117,54,0
2,5,0,-2,117,53,0
2,6,0,-2,117,53,0
2,7,0,-2,117,53,0
3,4,0,-2,118,53,0
3,5,0,-2,119,53,0
3,6,0,-2,118,53,0
3,7,0,-2,117,53,0
4,5,0,-2,117,53,0
4,6,0,-2,117,53,0
4,7,0,-2,118,52,0
5,6,0,-2,117,53,0
5,7,0,-2,117,53,0
6,7,0,-2,116,53,0
--- ---VERSION
offset,limit,count-ms,lookup-mus,results
0,-2,38,36,0
---PATTERN START: http://identi.ca/user/375840 http://xmlns.com/foaf/0.1/knows http://identi.ca/user/82035.
--- ---VERSION MATERIALIZED
patch,offset,limit,count-ms,lookup-mus,results
0,0,-2,3325,5,1
1,0,-2,152,68,1
2,0,-2,41,63,1
3,0,-2,37,64,1
4,0,-2,37,63,1
5,0,-2,37,63,1
6,0,-2,37,64,1
7,0,-2,38,63,1
--- ---DELTA MATERIALIZED
patch_start,patch_end,offset,limit,count-ms,lookup-mus,results
0,1,0,-2,33,29,0
0,2,0,-2,34,30,0
0,3,0,-2,33,29,0
0,4,0,-2,33,29,0
0,5,0,-2,33,29,0
0,6,0,-2,33,30,0
0,7,0,-2,34,29,0
1,2,0,-2,64,30,0
1,3,0,-2,64,29,0
1,4,0,-2,65,30,0
1,5,0,-2,67,29,0
1,6,0,-2,64,32,0
1,7,0,-2,64,29,0
2,3,0,-2,65,29,0
2,4,0,-2,64,29,0
2,5,0,-2,64,30,0
2,6,0,-2,65,29,0
2,7,0,-2,65,29,0
3,4,0,-2,64,29,0
3,5,0,-2,64,30,0
3,6,0,-2,66,29,0
3,7,0,-2,65,29,0
4,5,0,-2,64,29,0
4,6,0,-2,64,29,0
4,7,0,-2,64,29,0
5,6,0,-2,63,29,0
5,7,0,-2,64,30,0
6,7,0,-2,64,29,0
--- ---VERSION
offset,limit,count-ms,lookup-mus,results
0,-2,23,34,1
---PATTERN START: http://example.org/bnode/httpx3Ax2Fx2Fx78irclesx2Ecodehausx2Eorgx2Fusersx2Fscryanx2Ffoafxxbnode139 http://www.w3.org/1999/02/22-rdf-syntax-ns#type http://xmlns.com/foaf/0.1/Person.
--- ---VERSION MATERIALIZED
patch,offset,limit,count-ms,lookup-mus,results
0,0,-2,6,4,0
1,0,-2,147,75,0
2,0,-2,75,67,0
3,0,-2,69,68,0
4,0,-2,69,68,0
5,0,-2,69,69,0
6,0,-2,69,68,0
7,0,-2,68,70,0
--- ---DELTA MATERIALIZED
patch_start,patch_end,offset,limit,count-ms,lookup-mus,results
0,1,0,-2,59,54,0
0,2,0,-2,61,54,0
0,3,0,-2,60,54,0
0,4,0,-2,60,53,0
0,5,0,-2,60,54,0
0,6,0,-2,60,53,0
0,7,0,-2,60,54,0
1,2,0,-2,119,54,0
1,3,0,-2,118,55,0
1,4,0,-2,117,54,0
1,5,0,-2,118,54,0
1,6,0,-2,121,55,0
1,7,0,-2,118,55,0
2,3,0,-2,116,55,0
2,4,0,-2,117,54,0
2,5,0,-2,119,54,0
2,6,0,-2,117,55,0
2,7,0,-2,118,54,0
3,4,0,-2,118,55,0
3,5,0,-2,116,54,0
3,6,0,-2,117,54,0
3,7,0,-2,118,54,0
4,5,0,-2,117,54,0
4,6,0,-2,116,55,0
4,7,0,-2,117,56,0
5,6,0,-2,118,53,0
5,7,0,-2,119,54,0
6,7,0,-2,117,53,0
--- ---VERSION
offset,limit,count-ms,lookup-mus,results
0,-2,39,36,0
---PATTERN START: http://identi.ca/user/374059#acct http://rdfs.org/sioc/ns#follows http://identi.ca/user/300865#acct.
--- ---VERSION MATERIALIZED
patch,offset,limit,count-ms,lookup-mus,results
0,0,-2,4,5,1
1,0,-2,109,64,1
2,0,-2,38,62,1
3,0,-2,37,65,1
4,0,-2,40,64,1
5,0,-2,40,63,1
6,0,-2,37,63,1
7,0,-2,36,62,1
--- ---DELTA MATERIALIZED
patch_start,patch_end,offset,limit,count-ms,lookup-mus,results
0,1,0,-2,33,29,0
0,2,0,-2,33,29,0
0,3,0,-2,33,29,0
0,4,0,-2,33,30,0
0,5,0,-2,33,29,0
0,6,0,-2,33,28,0
0,7,0,-2,34,29,0
1,2,0,-2,63,30,0
1,3,0,-2,63,29,0
1,4,0,-2,65,29,0
1,5,0,-2,64,29,0
1,6,0,-2,62,28,0
1,7,0,-2,64,28,0
2,3,0,-2,64,29,0
2,4,0,-2,63,30,0
2,5,0,-2,64,28,0
2,6,0,-2,63,29,0
2,7,0,-2,63,29,0
3,4,0,-2,64,29,0
3,5,0,-2,64,28,0
3,6,0,-2,63,28,0
3,7,0,-2,62,29,0
4,5,0,-2,65,29,0
4,6,0,-2,65,29,0
4,7,0,-2,64,29,0
5,6,0,-2,63,29,0
5,7,0,-2,63,29,0
6,7,0,-2,64,29,0
--- ---VERSION
offset,limit,count-ms,lookup-mus,results
0,-2,21,31,1
---PATTERN START: http://identi.ca/user/291584#acct http://rdfs.org/sioc/ns#follows http://identi.ca/user/48404#acct.
--- ---VERSION MATERIALIZED
patch,offset,limit,count-ms,lookup-mus,results
0,0,-2,4,5,1
1,0,-2,140,67,1
2,0,-2,41,71,1
3,0,-2,42,71,1
4,0,-2,42,72,1
5,0,-2,42,70,1
6,0,-2,43,69,1
7,0,-2,45,71,1
--- ---DELTA MATERIALIZED
patch_start,patch_end,offset,limit,count-ms,lookup-mus,results
0,1,0,-2,36,33,0
0,2,0,-2,40,34,0
0,3,0,-2,38,33,0
0,4,0,-2,38,33,0
0,5,0,-2,37,34,0
0,6,0,-2,40,34,0
0,7,0,-2,38,33,0
1,2,0,-2,72,34,0
1,3,0,-2,73,34,0
1,4,0,-2,72,33,0
1,5,0,-2,71,33,0
1,6,0,-2,73,34,0
1,7,0,-2,73,33,0
2,3,0,-2,77,34,0
2,4,0,-2,73,34,0
2,5,0,-2,72,34,0
2,6,0,-2,74,33,0
2,7,0,-2,73,33,0
3,4,0,-2,76,33,0
3,5,0,-2,73,34,0
3,6,0,-2,72,33,0
3,7,0,-2,73,34,0
4,5,0,-2,72,33,0
4,6,0,-2,72,34,0
4,7,0,-2,72,33,0
5,6,0,-2,72,33,0
5,7,0,-2,71,33,0
6,7,0,-2,73,34,0
--- ---VERSION
offset,limit,count-ms,lookup-mus,results
0,-2,26,36,1
---PATTERN START: http://lod.geospecies.org/orders/D8gSC http://www.w3.org/2004/02/skos/core#narrowerTransitive http://lod.geospecies.org/families/tel4y.
--- ---VERSION MATERIALIZED
patch,offset,limit,count-ms,lookup-mus,results
0,0,-2,3854,6,1
1,0,-2,363,106,1
2,0,-2,58,106,1
3,0,-2,58,106,1
4,0,-2,58,105,1
5,0,-2,59,108,1
6,0,-2,59,105,1
7,0,-2,57,104,1
--- ---DELTA MATERIALIZED
patch_start,patch_end,offset,limit,count-ms,lookup-mus,results
0,1,0,-2,53,48,0
0,2,0,-2,53,48,0
0,3,0,-2,53,48,0
0,4,0,-2,53,48,0
0,5,0,-2,55,48,0
0,6,0,-2,54,47,0
0,7,0,-2,54,48,0
1,2,0,-2,103,48,0
1,3,0,-2,104,48,0
1,4,0,-2,104,48,0
1,5,0,-2,105,48,0
1,6,0,-2,105,48,0
1,7,0,-2,104,48,0
2,3,0,-2,103,48,0
2,4,0,-2,104,48,0
2,5,0,-2,107,49,0
2,6,0,-2,104,48,0
2,7,0,-2,103,49,0
3,4,0,-2,103,48,0
3,5,0,-2,104,48,0
3,6,0,-2,105,48,0
3,7,0,-2,104,48,0
4,5,0,-2,104,49,0
4,6,0,-2,103,48,0
4,7,0,-2,104,48,0
5,6,0,-2,106,49,0
5,7,0,-2,105,48,0
6,7,0,-2,104,48,0
--- ---VERSION
offset,limit,count-ms,lookup-mus,results
0,-2,31,50,1
---PATTERN START: http://www.advogato.org/person/strlen/foaf.rdf#me http://xmlns.com/foaf/0.1/knows http://www.advogato.org/person/rms/foaf.rdf#me.
--- ---VERSION MATERIALIZED
patch,offset,limit,count-ms,lookup-mus,results
0,0,-2,1892,6,1
1,0,-2,188,91,1
2,0,-2,52,90,1
3,0,-2,50,91,1
4,0,-2,50,90,1
5,0,-2,50,90,1
6,0,-2,49,90,1
7,0,-2,49,95,1
--- ---DELTA MATERIALIZED
patch_start,patch_end,offset,limit,count-ms,lookup-mus,results
0,1,0,-2,46,42,0
0,2,0,-2,44,41,0
0,3,0,-2,45,42,0
0,4,0,-2,45,42,0
0,5,0,-2,45,42,0
0,6,0,-2,45,42,0
0,7,0,-2,45,42,0
1,2,0,-2,87,42,0
1,3,0,-2,88,42,0
1,4,0,-2,88,42,0
1,5,0,-2,88,41,0
1,6,0,-2,87,41,0
1,7,0,-2,86,41,0
2,3,0,-2,88,40,0
2,4,0,-2,89,43,0
2,5,0,-2,87,42,0
2,6,0,-2,86,42,0
2,7,0,-2,87,42,0
3,4,0,-2,88,41,0
3,5,0,-2,88,41,0
3,6,0,-2,89,42,0
3,7,0,-2,88,42,0
4,5,0,-2,88,42,0
4,6,0,-2,88,42,0
4,7,0,-2,87,43,0
5,6,0,-2,88,42,0
5,7,0,-2,95,42,0
6,7,0,-2,86,42,0
--- ---VERSION
offset,limit,count-ms,lookup-mus,results
0,-2,27,45,1
---PATTERN START: http://www.ebusiness-unibw.org/ontologies/eclass/5.1.4/#C_AKH240002-tax http://www.w3.org/1999/02/22-rdf-syntax-ns#type http://www.w3.org/2002/07/owl#Class.
--- ---VERSION MATERIALIZED
patch,offset,limit,count-ms,lookup-mus,results
0,0,-2,2464,5,1
1,0,-2,354,161,1
2,0,-2,93,159,1
3,0,-2,93,161,1
4,0,-2,93,158,1
5,0,-2,93,161,1
6,0,-2,93,161,1
7,0,-2,93,159,1
--- ---DELTA MATERIALIZED
patch_start,patch_end,offset,limit,count-ms,lookup-mus,results
0,1,0,-2,88,78,0
0,2,0,-2,88,77,0
0,3,0,-2,88,84,0
0,4,0,-2,93,77,0
0,5,0,-2,88,77,0
0,6,0,-2,88,78,0
0,7,0,-2,88,77,0
1,2,0,-2,175,77,0
1,3,0,-2,174,77,0
1,4,0,-2,174,77,0
1,5,0,-2,176,79,0
1,6,0,-2,174,77,0
1,7,0,-2,174,77,0
2,3,0,-2,176,84,0
2,4,0,-2,175,77,0
2,5,0,-2,173,78,0
2,6,0,-2,173,82,0
2,7,0,-2,176,76,0
3,4,0,-2,173,76,0
3,5,0,-2,173,78,0
3,6,0,-2,173,77,0
3,7,0,-2,174,77,0
4,5,0,-2,173,77,0
4,6,0,-2,175,76,0
4,7,0,-2,173,77,0
5,6,0,-2,173,76,0
5,7,0,-2,177,84,0
6,7,0,-2,174,77,0
--- ---VERSION
offset,limit,count-ms,lookup-mus,results
0,-2,49,75,1
---PATTERN START: http://identi.ca/user/11256 http://xmlns.com/foaf/0.1/knows http://identi.ca/user/160.
--- ---VERSION MATERIALIZED
patch,offset,limit,count-ms,lookup-mus,results
0,0,-2,4,4,1
1,0,-2,116,90,1
2,0,-2,50,88,1
3,0,-2,49,91,1
4,0,-2,49,88,1
5,0,-2,52,92,1
6,0,-2,51,92,1
7,0,-2,52,92,1
--- ---DELTA MATERIALIZED
patch_start,patch_end,offset,limit,count-ms,lookup-mus,results
0,1,0,-2,47,41,0
0,2,0,-2,49,42,0
0,3,0,-2,48,40,0
0,4,0,-2,47,41,0
0,5,0,-2,46,41,0
0,6,0,-2,47,40,0
0,7,0,-2,48,41,0
1,2,0,-2,92,41,0
1,3,0,-2,92,40,0
1,4,0,-2,97,42,0
1,5,0,-2,92,41,0
1,6,0,-2,92,41,0
1,7,0,-2,91,41,0
2,3,0,-2,92,41,0
2,4,0,-2,92,40,0
2,5,0,-2,94,41,0
2,6,0,-2,93,40,0
2,7,0,-2,92,41,0
3,4,0,-2,93,42,0
3,5,0,-2,92,40,0
3,6,0,-2,91,40,0
3,7,0,-2,93,40,0
4,5,0,-2,92,40,0
4,6,0,-2,91,42,0
4,7,0,-2,93,41,0
5,6,0,-2,92,40,0
5,7,0,-2,92,42,0
6,7,0,-2,98,40,0
--- ---VERSION
offset,limit,count-ms,lookup-mus,results
0,-2,26,40,1
---PATTERN START: http://identi.ca/mattcen/foaf http://xmlns.com/foaf/0.1/maker http://identi.ca/user/68167.
--- ---VERSION MATERIALIZED
patch,offset,limit,count-ms,lookup-mus,results
0,0,-2,566,5,1
1,0,-2,221,99,1
2,0,-2,62,98,1
3,0,-2,60,97,1
4,0,-2,63,103,1
5,0,-2,63,102,1
6,0,-2,65,105,1
7,0,-2,63,102,1
--- ---DELTA MATERIALIZED
patch_start,patch_end,offset,limit,count-ms,lookup-mus,results
0,1,0,-2,58,54,0
0,2,0,-2,60,55,0
0,3,0,-2,59,55,0
0,4,0,-2,59,53,0
0,5,0,-2,59,57,0
0,6,0,-2,59,55,0
0,7,0,-2,58,54,0
1,2,0,-2,114,55,0
1,3,0,-2,114,54,0
1,4,0,-2,114,55,0
1,5,0,-2,114,54,0
1,6,0,-2,116,55,0
1,7,0,-2,113,55,0
2,3,0,-2,114,55,0
2,4,0,-2,115,56,0
2,5,0,-2,114,54,0
2,6,0,-2,115,54,0
2,7,0,-2,114,54,0
3,4,0,-2,113,54,0
3,5,0,-2,116,55,0
3,6,0,-2,114,55,0
3,7,0,-2,115,55,0
4,5,0,-2,114,55,0
4,6,0,-2,112,54,0
4,7,0,-2,117,55,0
5,6,0,-2,114,54,0
5,7,0,-2,113,55,0
6,7,0,-2,114,54,0
--- ---VERSION
offset,limit,count-ms,lookup-mus,results
0,-2,41,56,1
---PATTERN START: http://lod.geospecies.org/orders/uySxe.rdf http://xmlns.com/foaf/0.1/primaryTopic http://lod.geospecies.org/orders/uySxe.
--- ---VERSION MATERIALIZED
patch,offset,limit,count-ms,lookup-mus,results
0,0,-2,4,5,1
1,0,-2,166,106,1
2,0,-2,57,104,1
3,0,-2,57,104,1
4,0,-2,57,109,1
5,0,-2,57,108,1
6,0,-2,59,109,1
7,0,-2,60,109,1
--- ---DELTA MATERIALIZED
patch_start,patch_end,offset,limit,count-ms,lookup-mus,results
0,1,0,-2,54,49,0
0,2,0,-2,54,48,0
0,3,0,-2,55,47,0
0,4,0,-2,55,48,0
0,5,0,-2,54,48,0
0,6,0,-2,55,48,0
0,7,0,-2,54,47,0
1,2,0,-2,105,48,0
1,3,0,-2,106,48,0
1,4,0,-2,107,49,0
1,5,0,-2,105,48,0
1,6,0,-2,108,48,0
1,7,0,-2,104,48,0
2,3,0,-2,105,48,0
2,4,0,-2,105,48,0
2,5,0,-2,105,47,0
2,6,0,-2,107,48,0
2,7,0,-2,105,48,0
3,4,0,-2,105,49,0
3,5,0,-2,106,49,0
3,6,0,-2,105,48,0
3,7,0,-2,106,48,0
4,5,0,-2,105,49,0
4,6,0,-2,107,48,0
4,7,0,-2,103,48,0
5,6,0,-2,105,48,0
5,7,0,-2,107,48,0
6,7,0,-2,105,48,0
--- ---VERSION
offset,limit,count-ms,lookup-mus,results
0,-2,30,46,1
---PATTERN START: http://identi.ca/user/16938#acct http://rdfs.org/sioc/ns#follows http://identi.ca/user/3081#acct.
--- ---VERSION MATERIALIZED
patch,offset,limit,count-ms,lookup-mus,results
0,0,-2,148,6,1
1,0,-2,184,63,1
2,0,-2,38,63,1
3,0,-2,38,64,1
4,0,-2,42,65,1
5,0,-2,38,63,1
6,0,-2,37,63,1
7,0,-2,37,63,1
--- ---DELTA MATERIALIZED
patch_start,patch_end,offset,limit,count-ms,lookup-mus,results
0,1,0,-2,33,30,0
0,2,0,-2,33,29,0
0,3,0,-2,33,30,0
0,4,0,-2,34,29,0
0,5,0,-2,33,29,0
0,6,0,-2,33,30,0
0,7,0,-2,33,30,0
1,2,0,-2,67,30,0
1,3,0,-2,65,30,0
1,4,0,-2,65,30,0
1,5,0,-2,64,29,0
1,6,0,-2,64,30,0
1,7,0,-2,65,29,0
2,3,0,-2,65,29,0
2,4,0,-2,65,29,0
2,5,0,-2,66,30,0
2,6,0,-2,65,30,0
2,7,0,-2,65,30,0
3,4,0,-2,66,29,0
3,5,0,-2,65,30,0
3,6,0,-2,65,30,0
3,7,0,-2,65,30,0
4,5,0,-2,64,30,0
4,6,0,-2,66,30,0
4,7,0,-2,66,29,0
5,6,0,-2,64,30,0
5,7,0,-2,65,30,0
6,7,0,-2,65,30,0
--- ---VERSION
offset,limit,count-ms,lookup-mus,results
0,-2,24,32,1
---PATTERN START: http://example.org/bnode/httpx3Ax2Fx2Flegislationx2Edatax2Egovx2Eukx2Fukpgax2F1985x2F67x2Fdatax2Erdfxxdocument58 http://www.w3.org/1999/02/22-rdf-syntax-ns#type http://www.metalex.eu/metalex/2008-05-02#BibliographicExpression.
--- ---VERSION MATERIALIZED
patch,offset,limit,count-ms,lookup-mus,results
0,0,-2,5,4,0
1,0,-2,172,68,0
2,0,-2,70,68,0
3,0,-2,70,70,0
4,0,-2,71,68,0
5,0,-2,70,68,0
6,0,-2,71,70,0
7,0,-2,70,68,0
--- ---DELTA MATERIALIZED
patch_start,patch_end,offset,limit,count-ms,lookup-mus,results
0,1,0,-2,61,55,0
0,2,0,-2,61,54,0
0,3,0,-2,61,54,0
0,4,0,-2,62,56,0
0,5,0,-2,62,54,0
0,6,0,-2,61,54,0
0,7,0,-2,61,53,0
1,2,0,-2,120,54,0
1,3,0,-2,122,55,0
1,4,0,-2,120,54,0
1,5,0,-2,118,54,0
1,6,0,-2,121,53,0
1,7,0,-2,120,54,0
2,3,0,-2,119,54,0
2,4,0,-2,120,54,0
2,5,0,-2,122,54,0
2,6,0,-2,119,54,0
2,7,0,-2,121,53,0
3,4,0,-2,120,54,0
3,5,0,-2,121,54,0
3,6,0,-2,119,54,0
3,7,0,-2,121,55,0
4,5,0,-2,121,55,0
4,6,0,-2,119,53,0
4,7,0,-2,120,54,0
5,6,0,-2,120,54,0
5,7,0,-2,123,53,0
6,7,0,-2,120,54,0
--- ---VERSION
offset,limit,count-ms,lookup-mus,results
0,-2,42,38,0
---PATTERN START: http://www.legislation.gov.uk/id/ukpga/1985/67 http://www.metalex.eu/metalex/2008-05-02#realizedBy http://example.org/bnode/httpx3Ax2Fx2Fwwwx2Elegislationx2Egovx2Eukx2Fukpgax2F1985x2F67x2Fsectionx2F123xxdocument18.
--- ---VERSION MATERIALIZED
patch,offset,limit,count-ms,lookup-mus,results
0,0,-2,2191,5,0
1,0,-2,246,72,0
2,0,-2,73,72,0
3,0,-2,74,71,0
4,0,-2,73,72,0
5,0,-2,76,71,0
6,0,-2,75,72,0
7,0,-2,77,72,0
--- ---DELTA MATERIALIZED
patch_start,patch_end,offset,limit,count-ms,lookup-mus,results
0,1,0,-2,63,53,0
0,2,0,-2,63,52,0
0,3,0,-2,63,52,0
0,4,0,-2,64,52,0
0,5,0,-2,63,53,0
0,6,0,-2,64,52,0
0,7,0,-2,63,51,0
1,2,0,-2,123,52,0
1,3,0,-2,123,52,0
1,4,0,-2,123,52,0
1,5,0,-2,122,52,0
1,6,0,-2,124,52,0
1,7,0,-2,122,52,0
2,3,0,-2,125,53,0
2,4,0,-2,123,52,0
2,5,0,-2,123,53,0
2,6,0,-2,123,52,0
2,7,0,-2,122,51,0
3,4,0,-2,124,52,0
3,5,0,-2,123,52,0
3,6,0,-2,123,52,0
3,7,0,-2,122,52,0
4,5,0,-2,123,52,0
4,6,0,-2,123,52,0
4,7,0,-2,122,51,0
5,6,0,-2,123,53,0
5,7,0,-2,122,52,0
6,7,0,-2,126,52,0
--- ---VERSION
offset,limit,count-ms,lookup-mus,results
0,-2,40,36,0
---PATTERN START: http://www.ebusiness-unibw.org/ontologies/eclass/5.1.4/#C_AKH593002-tax http://www.w3.org/2000/01/rdf-schema#subClassOf http://www.ebusiness-unibw.org/ontologies/eclass/5.1.4/#C_AKH590002-tax.
--- ---VERSION MATERIALIZED
patch,offset,limit,count-ms,lookup-mus,results
0,0,-2,4,5,1
1,0,-2,121,192,1
2,0,-2,110,192,1
3,0,-2,109,193,1
4,0,-2,109,195,1
5,0,-2,112,195,1
6,0,-2,111,194,1
7,0,-2,109,194,1
--- ---DELTA MATERIALIZED
patch_start,patch_end,offset,limit,count-ms,lookup-mus,results
0,1,0,-2,105,95,0
0,2,0,-2,106,95,0
0,3,0,-2,105,95,0
0,4,0,-2,105,94,0
0,5,0,-2,105,94,0
0,6,0,-2,106,95,0
0,7,0,-2,105,95,0
1,2,0,-2,207,95,0
1,3,0,-2,209,95,0
1,4,0,-2,208,94,0
1,5,0,-2,207,95,0
1,6,0,-2,208,95,0
1,7,0,-2,207,95,0
2,3,0,-2,212,99,0
2,4,0,-2,207,95,0
2,5,0,-2,207,96,0
2,6,0,-2,209,95,0
2,7,0,-2,207,94,0
3,4,0,-2,206,96,0
3,5,0,-2,207,95,0
3,6,0,-2,206,94,0
3,7,0,-2,208,95,0
4,5,0,-2,207,94,0
4,6,0,-2,207,94,0
4,7,0,-2,209,95,0
5,6,0,-2,206,95,0
5,7,0,-2,210,96,0
6,7,0,-2,206,94,0
--- ---VERSION
offset,limit,count-ms,lookup-mus,results
0,-2,60,92,1
---PATTERN START: http://identi.ca/user/499245#acct http://rdfs.org/sioc/ns#follows http://identi.ca/user/123306#acct.
--- ---VERSION MATERIALIZED
patch,offset,limit,count-ms,lookup-mus,results
0,0,-2,156,6,1
1,0,-2,191,71,1
2,0,-2,42,74,1
3,0,-2,42,70,1
4,0,-2,44,71,1
5,0,-2,44,70,1
6,0,-2,41,70,1
7,0,-2,42,71,1
--- ---DELTA MATERIALIZED
patch_start,patch_end,offset,limit,count-ms,lookup-mus,results
0,1,0,-2,38,32,0
0,2,0,-2,38,32,0
0,3,0,-2,39,32,0
0,4,0,-2,37,32,0
0,5,0,-2,38,32,0
0,6,0,-2,37,32,0
0,7,0,-2,37,32,0
1,2,0,-2,73,32,0
1,3,0,-2,73,32,0
1,4,0,-2,72,32,0
1,5,0,-2,73,32,0
1,6,0,-2,73,33,0
1,7,0,-2,72,32,0
2,3,0,-2,72,32,0
2,4,0,-2,73,32,0
2,5,0,-2,72,32,0
2,6,0,-2,73,32,0
2,7,0,-2,72,33,0
3,4,0,-2,74,33,0
3,5,0,-2,73,33,0
3,6,0,-2,72,32,0
3,7,0,-2,71,32,0
4,5,0,-2,72,32,0
4,6,0,-2,72,32,0
4,7,0,-2,73,32,0
5,6,0,-2,72,32,0
5,7,0,-2,74,32,0
6,7,0,-2,72,32,0
--- ---VERSION
offset,limit,count-ms,lookup-mus,results
0,-2,24,34,1
---PATTERN START: http://www.ebusiness-unibw.org/ontologies/eclass/5.1.4/#C_BAF294001-gen http://www.w3.org/2000/01/rdf-schema#subClassOf http://www.ebusiness-unibw.org/ontologies/eclass/5.1.4/#C_BAF294001-tax.
--- ---VERSION MATERIALIZED
patch,offset,limit,count-ms,lookup-mus,results
0,0,-2,4611,5,1
1,0,-2,87,137,1
2,0,-2,90,137,1
3,0,-2,84,140,1
4,0,-2,87,141,1
5,0,-2,86,144,1
6,0,-2,86,144,1
7,0,-2,90,142,1
--- ---DELTA MATERIALIZED
patch_start,patch_end,offset,limit,count-ms,lookup-mus,results
0,1,0,-2,82,69,0
0,2,0,-2,84,71,0
0,3,0,-2,82,74,0
0,4,0,-2,82,69,0
0,5,0,-2,81,69,0
0,6,0,-2,81,69,0
0,7,0,-2,81,70,0
1,2,0,-2,169,69,0
1,3,0,-2,159,70,0
1,4,0,-2,160,69,0
1,5,0,-2,162,69,0
1,6,0,-2,162,69,0
1,7,0,-2,160,69,0
2,3,0,-2,161,70,0
2,4,0,-2,161,70,0
2,5,0,-2,161,70,0
2,6,0,-2,161,69,0
2,7,0,-2,162,69,0
3,4,0,-2,162,69,0
3,5,0,-2,162,69,0
3,6,0,-2,162,70,0
3,7,0,-2,160,68,0
4,5,0,-2,159,69,0
4,6,0,-2,160,70,0
4,7,0,-2,162,69,0
5,6,0,-2,159,69,0
5,7,0,-2,160,69,0
6,7,0,-2,161,70,0
--- ---VERSION
offset,limit,count-ms,lookup-mus,results
0,-2,49,67,1
---PATTERN START: http://identi.ca/user/92720 http://xmlns.com/foaf/0.1/knows http://identi.ca/user/329561.
--- ---VERSION MATERIALIZED
patch,offset,limit,count-ms,lookup-mus,results
0,0,-2,60,5,1
1,0,-2,199,80,1
2,0,-2,48,79,1
3,0,-2,48,79,1
4,0,-2,49,81,1
5,0,-2,48,84,1
6,0,-2,48,81,1
7,0,-2,51,81,1
--- ---DELTA MATERIALIZED
patch_start,patch_end,offset,limit,count-ms,lookup-mus,results
0,1,0,-2,44,39,0
0,2,0,-2,43,39,0
0,3,0,-2,43,39,0
0,4,0,-2,44,39,0
0,5,0,-2,44,39,0
0,6,0,-2,44,40,0
0,7,0,-2,43,39,0
1,2,0,-2,84,38,0
1,3,0,-2,85,38,0
1,4,0,-2,85,38,0
1,5,0,-2,85,39,0
1,6,0,-2,84,39,0
1,7,0,-2,88,39,0
2,3,0,-2,84,39,0
2,4,0,-2,85,38,0
2,5,0,-2,85,38,0
2,6,0,-2,85,38,0
2,7,0,-2,85,39,0
3,4,0,-2,87,39,0
3,5,0,-2,85,38,0
3,6,0,-2,85,38,0
3,7,0,-2,85,39,0
4,5,0,-2,86,39,0
4,6,0,-2,85,39,0
4,7,0,-2,85,39,0
5,6,0,-2,86,38,0
5,7,0,-2,85,39,0
6,7,0,-2,84,38,0
--- ---VERSION
offset,limit,count-ms,lookup-mus,results
0,-2,31,42,1
---PATTERN START: http://identi.ca/user/4522#acct http://rdfs.org/sioc/ns#follows http://identi.ca/user/217258#acct.
--- ---VERSION MATERIALIZED
patch,offset,limit,count-ms,lookup-mus,results
0,0,-2,117,6,1
1,0,-2,185,67,1
2,0,-2,43,67,1
3,0,-2,42,71,1
4,0,-2,42,69,1
5,0,-2,43,68,1
6,0,-2,43,68,1
7,0,-2,43,70,1
--- ---DELTA MATERIALIZED
patch_start,patch_end,offset,limit,count-ms,lookup-mus,results
0,1,0,-2,39,35,0
0,2,0,-2,39,35,0
0,3,0,-2,38,35,0
0,4,0,-2,39,35,0
0,5,0,-2,40,34,0
0,6,0,-2,39,35,0
0,7,0,-2,39,34,0
1,2,0,-2,76,34,0
1,3,0,-2,75,35,0
1,4,0,-2,75,34,0
1,5,0,-2,75,35,0
1,6,0,-2,76,35,0
1,7,0,-2,78,35,0
2,3,0,-2,75,35,0
2,4,0,-2,76,36,0
2,5,0,-2,75,35,0
2,6,0,-2,75,35,0
2,7,0,-2,76,35,0
3,4,0,-2,76,35,0
3,5,0,-2,76,35,0
3,6,0,-2,76,35,0
3,7,0,-2,75,35,0
4,5,0,-2,75,35,0
4,6,0,-2,76,35,0
4,7,0,-2,76,34,0
5,6,0,-2,76,35,0
5,7,0,-2,79,35,0
6,7,0,-2,75,35,0
--- ---VERSION
offset,limit,count-ms,lookup-mus,results
0,-2,29,37,1
---PATTERN START: http://identi.ca/user/39669 http://xmlns.com/foaf/0.1/knows http://identi.ca/user/74.
--- ---VERSION MATERIALIZED
patch,offset,limit,count-ms,lookup-mus,results
0,0,-2,80,5,1
1,0,-2,140,74,1
2,0,-2,44,73,1
3,0,-2,46,77,1
4,0,-2,49,76,1
5,0,-2,47,77,1
6,0,-2,46,76,1
7,0,-2,46,76,1
--- ---DELTA MATERIALIZED
patch_start,patch_end,offset,limit,count-ms,lookup-mus,results
0,1,0,-2,44,37,0
0,2,0,-2,43,37,0
0,3,0,-2,44,37,0
0,4,0,-2,43,37,0
0,5,0,-2,41,38,0
0,6,0,-2,42,38,0
0,7,0,-2,44,37,0
1,2,0,-2,81,37,0
1,3,0,-2,81,37,0
1,4,0,-2,84,37,0
1,5,0,-2,81,37,0
1,6,0,-2,80,37,0
1,7,0,-2,80,40,0
2,3,0,-2,84,37,0
2,4,0,-2,82,37,0
2,5,0,-2,84,43,0
2,6,0,-2,80,37,0
2,7,0,-2,81,37,0
3,4,0,-2,82,37,0
3,5,0,-2,83,37,0
3,6,0,-2,81,36,0
3,7,0,-2,82,39,0
4,5,0,-2,83,37,0
4,6,0,-2,86,38,0
4,7,0,-2,83,39,0
5,6,0,-2,83,39,0
5,7,0,-2,86,41,0
6,7,0,-2,85,41,0
--- ---VERSION
offset,limit,count-ms,lookup-mus,results
0,-2,29,37,1
---PATTERN START: http://xircles.codehaus.org/users/xagnetti/foaf#me http://xmlns.com/foaf/0.1/knows http://example.org/bnode/httpx3Ax2Fx2Fx78irclesx2Ecodehausx2Eorgx2Fusersx2Fx78agnettix2Ffoafxxbnode64.
--- ---VERSION MATERIALIZED
patch,offset,limit,count-ms,lookup-mus,results
0,0,-2,4192,5,0
1,0,-2,303,48,0
2,0,-2,49,50,0
3,0,-2,52,46,0
4,0,-2,49,46,0
5,0,-2,48,50,0
6,0,-2,49,48,0
7,0,-2,50,47,0
--- ---DELTA MATERIALIZED
patch_start,patch_end,offset,limit,count-ms,lookup-mus,results
0,1,0,-2,44,35,0
0,2,0,-2,42,34,0
0,3,0,-2,41,35,0
0,4,0,-2,39,34,0
0,5,0,-2,43,35,0
0,6,0,-2,39,35,0
0,7,0,-2,40,35,0
1,2,0,-2,78,37,0
1,3,0,-2,79,38,0
1,4,0,-2,82,35,0
1,5,0,-2,76,34,0
1,6,0,-2,75,36,0
1,7,0,-2,75,35,0
2,3,0,-2,75,34,0
2,4,0,-2,74,34,0
2,5,0,-2,74,34,0
2,6,0,-2,74,34,0
2,7,0,-2,75,34,0
3,4,0,-2,74,34,0
3,5,0,-2,75,34,0
3,6,0,-2,74,34,0
3,7,0,-2,74,35,0
4,5,0,-2,75,34,0
4,6,0,-2,75,34,0
4,7,0,-2,74,35,0
5,6,0,-2,75,34,0
5,7,0,-2,76,35,0
6,7,0,-2,74,34,0
--- ---VERSION
offset,limit,count-ms,lookup-mus,results
0,-2,34,31,0
---PATTERN START: http://www.uniprot.org/taxonomy/41016 http://www.w3.org/1999/02/22-rdf-syntax-ns#type http://rdf.geospecies.org/ont/geospecies#UniprotTaxon.
--- ---VERSION MATERIALIZED
patch,offset,limit,count-ms,lookup-mus,results
0,0,-2,3941,5,1
1,0,-2,194,149,1
2,0,-2,83,148,1
3,0,-2,82,147,1
4,0,-2,83,147,1
5,0,-2,82,148,1
6,0,-2,82,148,1
7,0,-2,82,150,1
--- ---DELTA MATERIALIZED
patch_start,patch_end,offset,limit,count-ms,lookup-mus,results
0,1,0,-2,78,70,0
0,2,0,-2,77,71,0
0,3,0,-2,77,70,0
0,4,0,-2,77,70,0
0,5,0,-2,79,70,0
0,6,0,-2,77,71,0
0,7,0,-2,78,70,0
1,2,0,-2,151,70,0
1,3,0,-2,151,70,0
1,4,0,-2,151,69,0
1,5,0,-2,151,70,0
1,6,0,-2,151,69,0
1,7,0,-2,155,70,0
2,3,0,-2,151,70,0
2,4,0,-2,151,69,0
2,5,0,-2,151,70,0
2,6,0,-2,153,69,0
2,7,0,-2,151,70,0
3,4,0,-2,151,69,0
3,5,0,-2,152,70,0
3,6,0,-2,151,70,0
3,7,0,-2,152,70,0
4,5,0,-2,150,70,0
4,6,0,-2,161,70,0
4,7,0,-2,151,70,0
5,6,0,-2,151,70,0
5,7,0,-2,153,70,0
6,7,0,-2,152,69,0
--- ---VERSION
offset,limit,count-ms,lookup-mus,results
0,-2,44,71,1
---PATTERN START: http://identi.ca/user/55697#acct http://rdfs.org/sioc/ns#follows http://identi.ca/user/5850#acct.
--- ---VERSION MATERIALIZED
patch,offset,limit,count-ms,lookup-mus,results
0,0,-2,117,5,1
1,0,-2,181,61,1
2,0,-2,36,61,1
3,0,-2,39,60,1
4,0,-2,36,65,1
5,0,-2,36,61,1
6,0,-2,37,61,1
7,0,-2,36,60,1
--- ---DELTA MATERIALIZED
patch_start,patch_end,offset,limit,count-ms,lookup-mus,results
0,1,0,-2,31,28,0
0,2,0,-2,31,27,0
0,3,0,-2,31,27,0
0,4,0,-2,31,27,0
0,5,0,-2,31,27,0
0,6,0,-2,32,27,0
0,7,0,-2,31,27,0
1,2,0,-2,62,28,0
1,3,0,-2,61,27,0
1,4,0,-2,60,27,0
1,5,0,-2,60,27,0
1,6,0,-2,60,27,0
1,7,0,-2,60,27,0
2,3,0,-2,61,27,0
2,4,0,-2,60,28,0
2,5,0,-2,61,27,0
2,6,0,-2,62,28,0
2,7,0,-2,60,28,0
3,4,0,-2,61,28,0
3,5,0,-2,60,28,0
3,6,0,-2,61,27,0
3,7,0,-2,61,28,0
4,5,0,-2,60,28,0
4,6,0,-2,61,27,0
4,7,0,-2,61,29,0
5,6,0,-2,61,27,0
5,7,0,-2,60,28,0
6,7,0,-2,61,28,0
--- ---VERSION
offset,limit,count-ms,lookup-mus,results
0,-2,21,30,1
---PATTERN START: http://legislation.data.gov.uk/ukpga/1985/67/section/45/england/data.htm http://www.w3.org/1999/02/22-rdf-syntax-ns#type http://www.metalex.eu/metalex/2008-05-02#BibliographicManifestation.
--- ---VERSION MATERIALIZED
patch,offset,limit,count-ms,lookup-mus,results
0,0,-2,5038,6,1
1,0,-2,201,102,1
2,0,-2,58,105,1
3,0,-2,58,102,1
4,0,-2,59,103,1
5,0,-2,58,102,1
6,0,-2,57,102,1
7,0,-2,58,105,1
--- ---DELTA MATERIALIZED
patch_start,patch_end,offset,limit,count-ms,lookup-mus,results
0,1,0,-2,54,50,0
0,2,0,-2,53,49,0
0,3,0,-2,53,49,0
0,4,0,-2,53,49,0
0,5,0,-2,53,49,0
0,6,0,-2,53,49,0
0,7,0,-2,52,49,0
1,2,0,-2,104,50,0
1,3,0,-2,104,49,0
1,4,0,-2,104,49,0
1,5,0,-2,103,49,0
1,6,0,-2,103,50,0
1,7,0,-2,104,49,0
2,3,0,-2,104,49,0
2,4,0,-2,103,49,0
2,5,0,-2,102,49,0
2,6,0,-2,103,49,0
2,7,0,-2,106,49,0
3,4,0,-2,105,49,0
3,5,0,-2,104,49,0
3,6,0,-2,104,49,0
3,7,0,-2,104,49,0
4,5,0,-2,104,49,0
4,6,0,-2,104,49,0
4,7,0,-2,104,49,0
5,6,0,-2,103,49,0
5,7,0,-2,103,49,0
6,7,0,-2,103,50,0
--- ---VERSION
offset,limit,count-ms,lookup-mus,results
0,-2,33,51,1
---PATTERN START: http://identi.ca/user/42646 http://xmlns.com/foaf/0.1/account http://identi.ca/user/42646#acct.
--- ---VERSION MATERIALIZED
patch,offset,limit,count-ms,lookup-mus,results
0,0,-2,1686,5,1
1,0,-2,198,78,1
2,0,-2,47,77,1
3,0,-2,46,77,1
4,0,-2,46,77,1
5,0,-2,47,79,1
6,0,-2,49,78,1
7,0,-2,48,79,1
--- ---DELTA MATERIALIZED
patch_start,patch_end,offset,limit,count-ms,lookup-mus,results
0,1,0,-2,43,38,0
0,2,0,-2,42,39,0
0,3,0,-2,43,38,0
0,4,0,-2,43,38,0
0,5,0,-2,43,38,0
0,6,0,-2,43,38,0
0,7,0,-2,43,39,0
1,2,0,-2,85,38,0
1,3,0,-2,83,39,0
1,4,0,-2,84,39,0
1,5,0,-2,84,38,0
1,6,0,-2,84,39,0
1,7,0,-2,84,39,0
2,3,0,-2,84,38,0
2,4,0,-2,83,38,0
2,5,0,-2,83,38,0
2,6,0,-2,84,38,0
2,7,0,-2,84,38,0
3,4,0,-2,83,38,0
3,5,0,-2,84,43,0
3,6,0,-2,84,38,0
3,7,0,-2,83,38,0
4,5,0,-2,83,38,0
4,6,0,-2,83,38,0
4,7,0,-2,83,39,0
5,6,0,-2,84,39,0
5,7,0,-2,85,38,0
6,7,0,-2,84,39,0
--- ---VERSION
offset,limit,count-ms,lookup-mus,results
0,-2,29,39,1
---PATTERN START: http://identi.ca/user/77141#acct http://rdfs.org/sioc/ns#follows http://identi.ca/user/64841#acct.
--- ---VERSION MATERIALIZED
patch,offset,limit,count-ms,lookup-mus,results
0,0,-2,1248,6,1
1,0,-2,202,110,1
2,0,-2,73,99,1
3,0,-2,62,99,1
4,0,-2,63,100,1
5,0,-2,63,99,1
6,0,-2,63,100,1
7,0,-2,63,100,1
--- ---DELTA MATERIALIZED
patch_start,patch_end,offset,limit,count-ms,lookup-mus,results
0,1,0,-2,58,51,0
0,2,0,-2,58,51,0
0,3,0,-2,58,51,0
0,4,0,-2,58,51,0
0,5,0,-2,57,51,0
0,6,0,-2,60,52,0
0,7,0,-2,58,51,0
1,2,0,-2,113,51,0
1,3,0,-2,113,51,0
1,4,0,-2,113,51,0
1,5,0,-2,114,51,0
1,6,0,-2,113,51,0
1,7,0,-2,113,51,0
2,3,0,-2,113,51,0
2,4,0,-2,113,51,0
2,5,0,-2,113,51,0
2,6,0,-2,113,52,0
2,7,0,-2,112,51,0
3,4,0,-2,114,51,0
3,5,0,-2,112,51,0
3,6,0,-2,115,51,0
3,7,0,-2,113,51,0
4,5,0,-2,113,51,0
4,6,0,-2,113,51,0
4,7,0,-2,113,52,0
5,6,0,-2,113,51,0
5,7,0,-2,112,51,0
6,7,0,-2,113,52,0
--- ---VERSION
offset,limit,count-ms,lookup-mus,results
0,-2,39,51,1
---PATTERN START: http://trust.mindswap.org/cgi-bin/FilmTrust/foaf.cgi?user=TechTalk#tt0038650-TechTalk http://www.purl.org/stuff/rev#reviewer http://trust.mindswap.org/cgi-bin/FilmTrust/foaf.cgi?user=TechTalk#TechTalk.
--- ---VERSION MATERIALIZED
patch,offset,limit,count-ms,lookup-mus,results
0,0,-2,4993,5,1
1,0,-2,262,78,1
2,0,-2,47,77,1
3,0,-2,46,77,1
4,0,-2,45,77,1
5,0,-2,46,77,1
6,0,-2,46,77,1
7,0,-2,46,80,1
--- ---DELTA MATERIALIZED
patch_start,patch_end,offset,limit,count-ms,lookup-mus,results
0,1,0,-2,41,35,0
0,2,0,-2,41,35,0
0,3,0,-2,41,35,0
0,4,0,-2,41,35,0
0,5,0,-2,41,35,0
0,6,0,-2,41,35,0
0,7,0,-2,41,35,0
1,2,0,-2,79,35,0
1,3,0,-2,81,35,0
1,4,0,-2,79,35,0
1,5,0,-2,79,35,0
1,6,0,-2,79,35,0
1,7,0,-2,79,35,0
2,3,0,-2,79,35,0
2,4,0,-2,80,35,0
2,5,0,-2,82,35,0
2,6,0,-2,79,35,0
2,7,0,-2,79,35,0
3,4,0,-2,80,35,0
3,5,0,-2,80,36,0
3,6,0,-2,79,35,0
3,7,0,-2,79,35,0
4,5,0,-2,80,35,0
4,6,0,-2,80,35,0
4,7,0,-2,80,35,0
5,6,0,-2,80,35,0
5,7,0,-2,79,35,0
6,7,0,-2,79,35,0
--- ---VERSION
offset,limit,count-ms,lookup-mus,results
0,-2,26,38,1
---PATTERN START: http://identi.ca/user/41706#acct http://xmlns.com/foaf/0.1/accountServiceHomepage http://identi.ca/.
--- ---VERSION MATERIALIZED
patch,offset,limit,count-ms,lookup-mus,results
0,0,-2,47,5,1
1,0,-2,186,68,1
2,0,-2,40,65,1
3,0,-2,40,65,1
4,0,-2,40,65,1
5,0,-2,41,67,1
6,0,-2,41,68,1
7,0,-2,41,67,1
--- ---DELTA MATERIALIZED
patch_start,patch_end,offset,limit,count-ms,lookup-mus,results
0,1,0,-2,36,33,0
0,2,0,-2,36,38,0
0,3,0,-2,40,32,0
0,4,0,-2,36,32,0
0,5,0,-2,37,33,0
0,6,0,-2,37,32,0
0,7,0,-2,36,32,0
1,2,0,-2,70,32,0
1,3,0,-2,70,32,0
1,4,0,-2,70,33,0
1,5,0,-2,70,34,0
1,6,0,-2,69,33,0
1,7,0,-2,70,32,0
2,3,0,-2,70,33,0
2,4,0,-2,70,32,0
2,5,0,-2,70,33,0
2,6,0,-2,70,33,0
2,7,0,-2,69,32,0
3,4,0,-2,72,32,0
3,5,0,-2,71,33,0
3,6,0,-2,70,33,0
3,7,0,-2,71,32,0
4,5,0,-2,70,33,0
4,6,0,-2,70,33,0
4,7,0,-2,70,32,0
5,6,0,-2,70,34,0
5,7,0,-2,70,32,0
6,7,0,-2,70,33,0
--- ---VERSION
offset,limit,count-ms,lookup-mus,results
0,-2,26,35,1
---PATTERN START: http://liblists.sussex.ac.uk/people/DC8EE8AB-EACC-223B-E519-226091271237.rdf http://purl.org/dc/terms/hasFormat http://liblists.sussex.ac.uk/people/DC8EE8AB-EACC-223B-E519-226091271237.html.
--- ---VERSION MATERIALIZED
patch,offset,limit,count-ms,lookup-mus,results
0,0,-2,4563,6,1
1,0,-2,289,207,1
2,0,-2,114,203,1
3,0,-2,112,205,1
4,0,-2,114,203,1
5,0,-2,112,203,1
6,0,-2,112,202,1
7,0,-2,111,201,1
--- ---DELTA MATERIALIZED
patch_start,patch_end,offset,limit,count-ms,lookup-mus,results
0,1,0,-2,107,102,0
0,2,0,-2,111,97,0
0,3,0,-2,106,97,0
0,4,0,-2,107,97,0
0,5,0,-2,107,99,0
0,6,0,-2,107,97,0
0,7,0,-2,106,97,0
1,2,0,-2,211,97,0
1,3,0,-2,211,97,0
1,4,0,-2,211,97,0
1,5,0,-2,211,97,0
1,6,0,-2,210,97,0
1,7,0,-2,209,97,0
2,3,0,-2,213,97,0
2,4,0,-2,211,97,0
2,5,0,-2,211,98,0
2,6,0,-2,211,97,0
2,7,0,-2,210,97,0
3,4,0,-2,212,98,0
3,5,0,-2,210,97,0
3,6,0,-2,210,99,0
3,7,0,-2,210,97,0
4,5,0,-2,211,97,0
4,6,0,-2,212,97,0
4,7,0,-2,211,97,0
5,6,0,-2,210,97,0
5,7,0,-2,212,97,0
6,7,0,-2,210,96,0
--- ---VERSION
offset,limit,count-ms,lookup-mus,results
0,-2,58,101,1
---PATTERN START: http://lod.gesis.org/thesoz/concept/10041105 http://www.w3.org/2008/05/skos-xl#prefLabel http://lod.gesis.org/thesoz/term/10041105-fr.
--- ---VERSION MATERIALIZED
patch,offset,limit,count-ms,lookup-mus,results
0,0,-2,1412,4,1
1,0,-2,135,75,1
2,0,-2,42,74,1
3,0,-2,41,74,1
4,0,-2,44,74,1
5,0,-2,41,74,1
6,0,-2,44,74,1
7,0,-2,41,74,1
--- ---DELTA MATERIALIZED
patch_start,patch_end,offset,limit,count-ms,lookup-mus,results
0,1,0,-2,38,34,0
0,2,0,-2,38,33,0
0,3,0,-2,37,34,0
0,4,0,-2,36,33,0
0,5,0,-2,38,34,0
0,6,0,-2,37,34,0
0,7,0,-2,37,33,0
1,2,0,-2,72,34,0
1,3,0,-2,71,34,0
1,4,0,-2,71,34,0
1,5,0,-2,71,33,0
1,6,0,-2,72,34,0
1,7,0,-2,72,33,0
2,3,0,-2,72,33,0
2,4,0,-2,72,33,0
2,5,0,-2,71,33,0
2,6,0,-2,72,33,0
2,7,0,-2,71,33,0
3,4,0,-2,71,33,0
3,5,0,-2,71,33,0
3,6,0,-2,74,34,0
3,7,0,-2,71,34,0
4,5,0,-2,71,34,0
4,6,0,-2,72,33,0
4,7,0,-2,71,34,0
5,6,0,-2,71,33,0
5,7,0,-2,71,33,0
6,7,0,-2,72,33,0
--- ---VERSION
offset,limit,count-ms,lookup-mus,results
0,-2,23,35,1
---PATTERN START: http://identi.ca/user/1565 http://xmlns.com/foaf/0.1/knows http://identi.ca/user/1203.
--- ---VERSION MATERIALIZED
patch,offset,limit,count-ms,lookup-mus,results
0,0,-2,756,4,1
1,0,-2,215,61,1
2,0,-2,39,62,1
3,0,-2,38,62,1
4,0,-2,37,62,1
5,0,-2,37,61,1
6,0,-2,38,62,1
7,0,-2,37,62,1
--- ---DELTA MATERIALIZED
patch_start,patch_end,offset,limit,count-ms,lookup-mus,results
0,1,0,-2,33,29,0
0,2,0,-2,35,28,0
0,3,0,-2,33,28,0
0,4,0,-2,33,28,0
0,5,0,-2,33,28,0
0,6,0,-2,33,29,0
0,7,0,-2,33,28,0
1,2,0,-2,64,28,0
1,3,0,-2,64,28,0
1,4,0,-2,63,28,0
1,5,0,-2,63,28,0
1,6,0,-2,65,28,0
1,7,0,-2,64,28,0
2,3,0,-2,64,27,0
2,4,0,-2,64,28,0
2,5,0,-2,63,28,0
2,6,0,-2,64,28,0
2,7,0,-2,64,28,0
3,4,0,-2,64,28,0
3,5,0,-2,63,28,0
3,6,0,-2,66,28,0
3,7,0,-2,64,28,0
4,5,0,-2,63,28,0
4,6,0,-2,64,28,0
4,7,0,-2,63,28,0
5,6,0,-2,64,28,0
5,7,0,-2,63,28,0
6,7,0,-2,64,28,0
--- ---VERSION
offset,limit,count-ms,lookup-mus,results
0,-2,22,31,1
---PATTERN START: http://edgarwrap.ontologycentral.com/vocab/us-gaap-2011-01-31#ContractTerminationClaimsDescription http://www.w3.org/1999/02/22-rdf-syntax-ns#type http://www.w3.org/2004/02/skos/core#Concept.
--- ---VERSION MATERIALIZED
patch,offset,limit,count-ms,lookup-mus,results
0,0,-2,4940,4,1
1,0,-2,315,179,1
2,0,-2,103,179,1
3,0,-2,102,182,1
4,0,-2,102,179,1
5,0,-2,102,178,1
6,0,-2,104,178,1
7,0,-2,104,180,1
--- ---DELTA MATERIALIZED
patch_start,patch_end,offset,limit,count-ms,lookup-mus,results
0,1,0,-2,99,88,0
0,2,0,-2,98,89,0
0,3,0,-2,98,87,0
0,4,0,-2,98,88,0
0,5,0,-2,98,87,0
0,6,0,-2,98,89,0
0,7,0,-2,99,87,0
1,2,0,-2,195,88,0
1,3,0,-2,194,87,0
1,4,0,-2,194,87,0
1,5,0,-2,194,87,0
1,6,0,-2,194,88,0
1,7,0,-2,195,87,0
2,3,0,-2,194,88,0
2,4,0,-2,195,90,0
2,5,0,-2,195,88,0
2,6,0,-2,194,88,0
2,7,0,-2,196,88,0
3,4,0,-2,194,88,0
3,5,0,-2,194,88,0
3,6,0,-2,195,87,0
3,7,0,-2,194,88,0
4,5,0,-2,193,87,0
4,6,0,-2,196,87,0
4,7,0,-2,195,87,0
5,6,0,-2,194,89,0
5,7,0,-2,195,87,0
6,7,0,-2,194,87,0
--- ---VERSION
offset,limit,count-ms,lookup-mus,results
0,-2,58,92,1
---PATTERN START: http://estatwrap.ontologycentral.com/dic/geo#CH02 http://www.w3.org/2002/07/owl#sameAs http://nuts.psi.enakting.org/id/CH02.
--- ---VERSION MATERIALIZED
patch,offset,limit,count-ms,lookup-mus,results
0,0,-2,4330,6,1
1,0,-2,189,163,1
2,0,-2,93,162,1
3,0,-2,93,165,1
4,0,-2,96,162,1
5,0,-2,93,161,1
6,0,-2,93,164,1
7,0,-2,94,163,1
--- ---DELTA MATERIALIZED
patch_start,patch_end,offset,limit,count-ms,lookup-mus,results
0,1,0,-2,89,78,0
0,2,0,-2,88,77,0
0,3,0,-2,89,78,0
0,4,0,-2,89,77,0
0,5,0,-2,88,77,0
0,6,0,-2,88,77,0
0,7,0,-2,89,77,0
1,2,0,-2,177,78,0
1,3,0,-2,174,78,0
1,4,0,-2,174,77,0
1,5,0,-2,175,78,0
1,6,0,-2,173,78,0
1,7,0,-2,173,77,0
2,3,0,-2,175,77,0
2,4,0,-2,174,77,0
2,5,0,-2,173,77,0
2,6,0,-2,174,80,0
2,7,0,-2,174,77,0
3,4,0,-2,174,77,0
3,5,0,-2,174,78,0
3,6,0,-2,174,78,0
3,7,0,-2,174,77,0
4,5,0,-2,173,78,0
4,6,0,-2,174,78,0
4,7,0,-2,174,78,0
5,6,0,-2,173,77,0
5,7,0,-2,176,78,0
6,7,0,-2,174,77,0
--- ---VERSION
offset,limit,count-ms,lookup-mus,results
0,-2,49,77,1
---PATTERN START: http://identi.ca/xfasafer/foaf http://www.w3.org/1999/02/22-rdf-syntax-ns#type http://xmlns.com/foaf/0.1/PersonalProfileDocument.
--- ---VERSION MATERIALIZED
patch,offset,limit,count-ms,lookup-mus,results
0,0,-2,3,5,1
1,0,-2,86,106,1
2,0,-2,64,106,1
3,0,-2,65,105,1
4,0,-2,64,106,1
5,0,-2,63,105,1
6,0,-2,64,105,1
7,0,-2,64,111,1
--- ---DELTA MATERIALIZED
patch_start,patch_end,offset,limit,count-ms,lookup-mus,results
0,1,0,-2,60,56,0
0,2,0,-2,60,55,0
0,3,0,-2,60,55,0
0,4,0,-2,60,55,0
0,5,0,-2,60,55,0
0,6,0,-2,60,55,0
0,7,0,-2,60,56,0
1,2,0,-2,118,55,0
1,3,0,-2,117,56,0
1,4,0,-2,118,55,0
1,5,0,-2,118,55,0
1,6,0,-2,119,55,0
1,7,0,-2,118,55,0
2,3,0,-2,117,55,0
2,4,0,-2,117,55,0
2,5,0,-2,118,57,0
2,6,0,-2,118,55,0
2,7,0,-2,118,55,0
3,4,0,-2,118,55,0
3,5,0,-2,117,55,0
3,6,0,-2,119,55,0
3,7,0,-2,118,55,0
4,5,0,-2,117,55,0
4,6,0,-2,117,55,0
4,7,0,-2,117,56,0
5,6,0,-2,118,55,0
5,7,0,-2,118,55,0
6,7,0,-2,117,55,0
--- ---VERSION
offset,limit,count-ms,lookup-mus,results
0,-2,40,55,1
---PATTERN START: http://identi.ca/user/233847 http://xmlns.com/foaf/0.1/knows http://identi.ca/user/260560.
--- ---VERSION MATERIALIZED
patch,offset,limit,count-ms,lookup-mus,results
0,0,-2,3586,5,1
1,0,-2,194,60,1
2,0,-2,36,60,1
3,0,-2,37,60,1
4,0,-2,37,60,1
5,0,-2,36,61,1
6,0,-2,36,60,1
7,0,-2,36,63,1
--- ---DELTA MATERIALIZED
patch_start,patch_end,offset,limit,count-ms,lookup-mus,results
0,1,0,-2,32,28,0
0,2,0,-2,31,28,0
0,3,0,-2,31,27,0
0,4,0,-2,31,27,0
0,5,0,-2,31,28,0
0,6,0,-2,31,28,0
0,7,0,-2,31,28,0
1,2,0,-2,60,27,0
1,3,0,-2,61,27,0
1,4,0,-2,60,27,0
1,5,0,-2,61,31,0
1,6,0,-2,60,28,0
1,7,0,-2,61,27,0
2,3,0,-2,60,28,0
2,4,0,-2,61,27,0
2,5,0,-2,60,28,0
2,6,0,-2,61,27,0
2,7,0,-2,60,27,0
3,4,0,-2,60,28,0
3,5,0,-2,62,28,0
3,6,0,-2,60,27,0
3,7,0,-2,60,27,0
4,5,0,-2,60,28,0
4,6,0,-2,61,28,0
4,7,0,-2,61,27,0
5,6,0,-2,60,27,0
5,7,0,-2,60,27,0
6,7,0,-2,61,28,0
--- ---VERSION
offset,limit,count-ms,lookup-mus,results
0,-2,22,33,1
---PATTERN START: http://identi.ca/thewhite/foaf http://xmlns.com/foaf/0.1/primaryTopic http://identi.ca/user/240198.
--- ---VERSION MATERIALIZED
patch,offset,limit,count-ms,lookup-mus,results
0,0,-2,1515,4,1
1,0,-2,220,109,1
2,0,-2,65,107,1
3,0,-2,63,106,1
4,0,-2,63,105,1
5,0,-2,63,106,1
6,0,-2,63,107,1
7,0,-2,63,105,1
--- ---DELTA MATERIALIZED
patch_start,patch_end,offset,limit,count-ms,lookup-mus,results
0,1,0,-2,59,52,0
0,2,0,-2,60,52,0
0,3,0,-2,59,52,0
0,4,0,-2,59,52,0
0,5,0,-2,59,52,0
0,6,0,-2,59,52,0
0,7,0,-2,59,52,0
1,2,0,-2,116,52,0
1,3,0,-2,116,52,0
1,4,0,-2,115,52,0
1,5,0,-2,118,52,0
1,6,0,-2,116,52,0
1,7,0,-2,116,52,0
2,3,0,-2,116,52,0
2,4,0,-2,116,53,0
2,5,0,-2,116,52,0
2,6,0,-2,116,52,0
2,7,0,-2,116,52,0
3,4,0,-2,115,52,0
3,5,0,-2,117,52,0
3,6,0,-2,115,52,0
3,7,0,-2,115,52,0
4,5,0,-2,114,52,0
4,6,0,-2,115,52,0
4,7,0,-2,118,52,0
5,6,0,-2,116,52,0
5,7,0,-2,115,52,0
6,7,0,-2,116,52,0
--- ---VERSION
offset,limit,count-ms,lookup-mus,results
0,-2,36,51,1
---PATTERN START: http://identi.ca/user/3239#acct http://rdfs.org/sioc/ns#follows http://identi.ca/user/245165#acct.
--- ---VERSION MATERIALIZED
patch,offset,limit,count-ms,lookup-mus,results
0,0,-2,1690,5,1
1,0,-2,140,66,1
2,0,-2,43,66,1
3,0,-2,40,66,1
4,0,-2,40,66,1
5,0,-2,40,66,1
6,0,-2,40,65,1
7,0,-2,40,65,1
--- ---DELTA MATERIALIZED
patch_start,patch_end,offset,limit,count-ms,lookup-mus,results
0,1,0,-2,36,31,0
0,2,0,-2,36,31,0
0,3,0,-2,37,31,0
0,4,0,-2,36,31,0
0,5,0,-2,35,31,0
0,6,0,-2,36,31,0
0,7,0,-2,35,31,0
1,2,0,-2,68,31,0
1,3,0,-2,68,31,0
1,4,0,-2,69,31,0
1,5,0,-2,68,31,0
1,6,0,-2,70,30,0
1,7,0,-2,69,31,0
2,3,0,-2,69,32,0
2,4,0,-2,69,31,0
2,5,0,-2,68,31,0
2,6,0,-2,68,32,0
2,7,0,-2,69,31,0
3,4,0,-2,69,31,0
3,5,0,-2,69,31,0
3,6,0,-2,69,32,0
3,7,0,-2,69,32,0
4,5,0,-2,68,31,0
4,6,0,-2,69,31,0
4,7,0,-2,69,31,0
5,6,0,-2,69,31,0
5,7,0,-2,68,30,0
6,7,0,-2,69,31,0
--- ---VERSION
offset,limit,count-ms,lookup-mus,results
0,-2,24,33,1
---PATTERN START: http://identi.ca/besttoy/foaf http://xmlns.com/foaf/0.1/maker http://identi.ca/user/316280.
--- ---VERSION MATERIALIZED
patch,offset,limit,count-ms,lookup-mus,results
0,0,-2,1932,5,1
1,0,-2,231,123,1
2,0,-2,74,121,1
3,0,-2,77,121,1
4,0,-2,77,122,1
5,0,-2,73,121,1
6,0,-2,73,121,1
7,0,-2,74,121,1
--- ---DELTA MATERIALIZED
patch_start,patch_end,offset,limit,count-ms,lookup-mus,results
0,1,0,-2,71,61,0
0,2,0,-2,69,60,0
0,3,0,-2,69,60,0
0,4,0,-2,70,61,0
0,5,0,-2,69,61,0
0,6,0,-2,69,60,0
0,7,0,-2,69,60,0
1,2,0,-2,136,61,0
1,3,0,-2,137,60,0
1,4,0,-2,140,60,0
1,5,0,-2,136,60,0
1,6,0,-2,136,60,0
1,7,0,-2,136,60,0
2,3,0,-2,137,60,0
2,4,0,-2,136,61,0
2,5,0,-2,135,60,0
2,6,0,-2,136,60,0
2,7,0,-2,137,60,0
3,4,0,-2,136,60,0
3,5,0,-2,136,60,0
3,6,0,-2,136,60,0
3,7,0,-2,138,61,0
4,5,0,-2,137,60,0
4,6,0,-2,136,60,0
4,7,0,-2,136,60,0
5,6,0,-2,137,60,0
5,7,0,-2,136,61,0
6,7,0,-2,136,60,0
--- ---VERSION
offset,limit,count-ms,lookup-mus,results
0,-2,42,60,1
---PATTERN START: http://trust.mindswap.org/cgi-bin/FilmTrust/foaf.cgi?user=seshat6#seshat6 http://xmlns.com/foaf/spec/made http://trust.mindswap.org/cgi-bin/FilmTrust/foaf.cgi?user=seshat6#tt0120907-seshat6.
--- ---VERSION MATERIALIZED
patch,offset,limit,count-ms,lookup-mus,results
0,0,-2,2659,6,1
1,0,-2,81,102,1
2,0,-2,63,91,1
3,0,-2,56,90,1
4,0,-2,56,90,1
5,0,-2,56,90,1
6,0,-2,55,88,1
7,0,-2,56,88,1
--- ---DELTA MATERIALIZED
patch_start,patch_end,offset,limit,count-ms,lookup-mus,results
0,1,0,-2,50,45,0
0,2,0,-2,50,45,0
0,3,0,-2,50,44,0
0,4,0,-2,49,44,0
0,5,0,-2,50,44,0
0,6,0,-2,49,45,0
0,7,0,-2,50,46,0
1,2,0,-2,97,44,0
1,3,0,-2,97,45,0
1,4,0,-2,97,44,0
1,5,0,-2,97,44,0
1,6,0,-2,97,44,0
1,7,0,-2,99,45,0
2,3,0,-2,97,45,0
2,4,0,-2,97,44,0
2,5,0,-2,96,44,0
2,6,0,-2,97,44,0
2,7,0,-2,97,45,0
3,4,0,-2,97,44,0
3,5,0,-2,97,44,0
3,6,0,-2,97,45,0
3,7,0,-2,97,44,0
4,5,0,-2,97,44,0
4,6,0,-2,98,44,0
4,7,0,-2,97,44,0
5,6,0,-2,96,45,0
5,7,0,-2,97,44,0
6,7,0,-2,97,44,0
--- ---VERSION
offset,limit,count-ms,lookup-mus,results
0,-2,34,48,1
---PATTERN START: http://www.legislation.gov.uk/ukpga/1985/67/england http://www.metalex.eu/metalex/2008-05-02#variant http://www.legislation.gov.uk/ukpga/1985/67/2001-08-01.
--- ---VERSION MATERIALIZED
patch,offset,limit,count-ms,lookup-mus,results
0,0,-2,3243,5,1
1,0,-2,188,85,1
2,0,-2,48,82,1
3,0,-2,47,85,1
4,0,-2,48,84,1
5,0,-2,49,84,1
6,0,-2,49,84,1
7,0,-2,49,86,1
--- ---DELTA MATERIALIZED
patch_start,patch_end,offset,limit,count-ms,lookup-mus,results
0,1,0,-2,44,39,0
0,2,0,-2,44,39,0
0,3,0,-2,44,39,0
0,4,0,-2,44,39,0
0,5,0,-2,44,39,0
0,6,0,-2,45,39,0
0,7,0,-2,44,39,0
1,2,0,-2,86,39,0
1,3,0,-2,87,39,0
1,4,0,-2,86,40,0
1,5,0,-2,86,39,0
1,6,0,-2,85,39,0
1,7,0,-2,86,39,0
2,3,0,-2,85,39,0
2,4,0,-2,86,40,0
2,5,0,-2,85,39,0
2,6,0,-2,86,39,0
2,7,0,-2,86,39,0
3,4,0,-2,86,39,0
3,5,0,-2,86,39,0
3,6,0,-2,86,42,0
3,7,0,-2,86,39,0
4,5,0,-2,86,39,0
4,6,0,-2,86,39,0
4,7,0,-2,85,39,0
5,6,0,-2,86,39,0
5,7,0,-2,86,39,0
6,7,0,-2,87,39,0
--- ---VERSION
offset,limit,count-ms,lookup-mus,results
0,-2,27,40,1
---PATTERN START: http://identi.ca/user/115802#acct http://rdfs.org/sioc/ns#follows http://identi.ca/user/33697#acct.
--- ---VERSION MATERIALIZED
patch,offset,limit,count-ms,lookup-mus,results
0,0,-2,49,6,1
1,0,-2,201,90,1
2,0,-2,56,90,1
3,0,-2,56,90,1
4,0,-2,55,90,1
5,0,-2,55,93,1
6,0,-2,56,92,1
7,0,-2,59,94,1
--- ---DELTA MATERIALIZED
patch_start,patch_end,offset,limit,count-ms,lookup-mus,results
0,1,0,-2,53,48,0
0,2,0,-2,52,48,0
0,3,0,-2,52,47,0
0,4,0,-2,52,47,0
0,5,0,-2,54,47,0
0,6,0,-2,52,47,0
0,7,0,-2,53,47,0
1,2,0,-2,102,48,0
1,3,0,-2,102,47,0
1,4,0,-2,102,47,0
1,5,0,-2,103,47,0
1,6,0,-2,102,47,0
1,7,0,-2,102,47,0
2,3,0,-2,102,47,0
2,4,0,-2,101,47,0
2,5,0,-2,104,47,0
2,6,0,-2,102,47,0
2,7,0,-2,102,47,0
3,4,0,-2,102,47,0
3,5,0,-2,101,48,0
3,6,0,-2,102,49,0
3,7,0,-2,103,47,0
4,5,0,-2,102,47,0
4,6,0,-2,102,48,0
4,7,0,-2,103,47,0
5,6,0,-2,102,49,0
5,7,0,-2,103,47,0
6,7,0,-2,103,47,0
--- ---VERSION
offset,limit,count-ms,lookup-mus,results
0,-2,36,49,1
---PATTERN START: http://identi.ca/user/413169#acct http://rdfs.org/sioc/ns#follows http://identi.ca/user/31996#acct.
--- ---VERSION MATERIALIZED
patch,offset,limit,count-ms,lookup-mus,results
0,0,-2,1830,6,1
1,0,-2,141,61,1
2,0,-2,39,62,1
3,0,-2,36,69,1
4,0,-2,45,68,1
5,0,-2,37,62,1
6,0,-2,36,61,1
7,0,-2,37,61,1
--- ---DELTA MATERIALIZED
patch_start,patch_end,offset,limit,count-ms,lookup-mus,results
0,1,0,-2,33,28,0
0,2,0,-2,33,28,0
0,3,0,-2,33,29,0
0,4,0,-2,33,28,0
0,5,0,-2,33,29,0
0,6,0,-2,32,29,0
0,7,0,-2,33,28,0
1,2,0,-2,63,29,0
1,3,0,-2,62,28,0
1,4,0,-2,63,28,0
1,5,0,-2,62,28,0
1,6,0,-2,62,28,0
1,7,0,-2,62,28,0
2,3,0,-2,63,28,0
2,4,0,-2,65,28,0
2,5,0,-2,63,29,0
2,6,0,-2,63,28,0
2,7,0,-2,63,29,0
3,4,0,-2,63,28,0
3,5,0,-2,62,28,0
3,6,0,-2,62,29,0
3,7,0,-2,62,28,0
4,5,0,-2,63,28,0
4,6,0,-2,66,28,0
4,7,0,-2,63,28,0
5,6,0,-2,62,28,0
5,7,0,-2,62,29,0
6,7,0,-2,63,29,0
--- ---VERSION
offset,limit,count-ms,lookup-mus,results
0,-2,23,33,1
