---PATTERN START:  http://www.w3.org/1999/xhtml/vocab#stylesheet http://www.london-gazette.co.uk/Styles/gazettes.css.
--- ---VERSION MATERIALIZED
patch,offset,limit,count-ms,lookup-mus,results
0,0,-2,7,306,202
1,0,-2,6848,14523,190
2,0,-2,432,13746,180
3,0,-2,432,13749,190
4,0,-2,434,13734,188
5,0,-2,438,13729,193
6,0,-2,6588,13635,126
7,0,-2,6609,13668,142
--- ---DELTA MATERIALIZED
patch_start,patch_end,offset,limit,count-ms,lookup-mus,results
0,1,0,-2,6594,12747,132
0,2,0,-2,426,13166,270
0,3,0,-2,426,13313,278
0,4,0,-2,425,13338,276
0,5,0,-2,425,13422,277
0,6,0,-2,6603,13353,212
0,7,0,-2,6611,13408,226
1,2,0,-2,7072,13122,174
1,3,0,-2,7099,13311,264
1,4,0,-2,7085,13487,264
1,5,0,-2,7060,13500,265
1,6,0,-2,13255,13488,200
1,7,0,-2,13245,13616,214
2,3,0,-2,849,13060,122
2,4,0,-2,847,13443,260
2,5,0,-2,848,13476,263
2,6,0,-2,7062,13456,198
2,7,0,-2,7033,13599,212
3,4,0,-2,843,13243,156
3,5,0,-2,847,13493,241
3,6,0,-2,7039,13489,204
3,7,0,-2,7045,13576,218
4,5,0,-2,854,13232,89
4,6,0,-2,7020,13465,202
4,7,0,-2,7019,13588,216
5,6,0,-2,7023,13447,203
5,7,0,-2,7043,13604,217
6,7,0,-2,13194,13443,128
--- ---VERSION
offset,limit,count-ms,lookup-mus,results
0,-2,6,23110,665
---PATTERN START:  http://xmlns.com/foaf/0.1/accountServiceHomepage http://twitter.com.
--- ---VERSION MATERIALIZED
patch,offset,limit,count-ms,lookup-mus,results
0,0,-2,9,251,145
1,0,-2,10505,26536,147
2,0,-2,8647,22895,153
3,0,-2,6943,21181,150
4,0,-2,5276,19523,152
5,0,-2,3572,17829,151
6,0,-2,1895,16326,153
7,0,-2,93,14507,153
--- ---DELTA MATERIALIZED
patch_start,patch_end,offset,limit,count-ms,lookup-mus,results
0,1,0,-2,10279,26842,282
0,2,0,-2,8557,27193,421
0,3,0,-2,6837,27275,421
0,4,0,-2,5201,27435,419
0,5,0,-2,3498,27615,420
0,6,0,-2,1854,27679,421
0,7,0,-2,51,27839,421
1,2,0,-2,18801,26823,143
1,3,0,-2,17069,27494,421
1,4,0,-2,16206,27697,419
1,5,0,-2,13780,27880,420
1,6,0,-2,12059,28086,420
1,7,0,-2,10303,28227,420
2,3,0,-2,15375,27268,282
2,4,0,-2,13784,27871,556
2,5,0,-2,12019,28086,559
2,6,0,-2,10461,28276,557
2,7,0,-2,8627,28462,557
3,4,0,-2,12052,27411,284
3,5,0,-2,10327,28082,559
3,6,0,-2,8677,28289,557
3,7,0,-2,6881,28443,557
4,5,0,-2,8683,27610,281
4,6,0,-2,7112,28238,555
4,7,0,-2,5289,28471,555
5,6,0,-2,5409,27847,282
5,7,0,-2,3552,28849,558
6,7,0,-2,1896,28041,280
--- ---VERSION
offset,limit,count-ms,lookup-mus,results
0,-2,8,41600,1130
---PATTERN START:  http://purl.org/dc/dcam/memberOf http://purl.org/dc/terms/ISO639-2.
--- ---VERSION MATERIALIZED
patch,offset,limit,count-ms,lookup-mus,results
0,0,-2,8,283,233
1,0,-2,16509,42253,226
2,0,-2,16137,40177,218
3,0,-2,13455,37494,231
4,0,-2,16310,40273,227
5,0,-2,8005,32072,232
6,0,-2,5280,29266,192
7,0,-2,2421,26439,209
--- ---DELTA MATERIALIZED
patch_start,patch_end,offset,limit,count-ms,lookup-mus,results
0,1,0,-2,16185,39648,459
0,2,0,-2,15934,39476,460
0,3,0,-2,13300,39915,473
0,4,0,-2,16165,40345,460
0,5,0,-2,7923,41134,474
0,6,0,-2,5206,40696,434
0,7,0,-2,2387,40973,451
1,2,0,-2,31958,39646,435
1,3,0,-2,29310,40011,466
1,4,0,-2,32140,40632,453
1,5,0,-2,23977,41021,467
1,6,0,-2,21231,41133,427
1,7,0,-2,18401,41470,444
2,3,0,-2,29233,40284,449
2,4,0,-2,32077,40326,454
2,5,0,-2,24283,41080,468
2,6,0,-2,21161,41036,428
2,7,0,-2,18319,41119,445
3,4,0,-2,29414,40656,467
3,5,0,-2,21227,40948,481
3,6,0,-2,18476,41071,441
3,7,0,-2,15695,41458,458
4,5,0,-2,24078,41076,450
4,6,0,-2,21336,41170,428
4,7,0,-2,18531,41479,445
5,6,0,-2,13187,42673,424
5,7,0,-2,10309,41496,459
6,7,0,-2,7585,41342,401
--- ---VERSION
offset,limit,count-ms,lookup-mus,results
0,-2,8,59543,1768
---PATTERN START:  http://www.w3.org/1999/02/22-rdf-syntax-ns#type http://www.gazettes-online.co.uk/ontology#Issue.
--- ---VERSION MATERIALIZED
patch,offset,limit,count-ms,lookup-mus,results
0,0,-2,8,226,125
1,0,-2,3453,8497,118
2,0,-2,3196,7304,118
3,0,-2,3238,7378,123
4,0,-2,3130,7306,125
5,0,-2,3081,7226,122
6,0,-2,118,7006,104
7,0,-2,72,6899,88
--- ---DELTA MATERIALIZED
patch_start,patch_end,offset,limit,count-ms,lookup-mus,results
0,1,0,-2,3306,6474,67
0,2,0,-2,3185,6674,117
0,3,0,-2,3255,6799,148
0,4,0,-2,3110,6828,182
0,5,0,-2,3062,6927,195
0,6,0,-2,105,7118,223
0,7,0,-2,57,7035,222
1,2,0,-2,6478,6508,56
1,3,0,-2,6556,6759,103
1,4,0,-2,6411,6914,149
1,5,0,-2,6364,6901,168
1,6,0,-2,3419,7109,200
1,7,0,-2,3361,7145,205
2,3,0,-2,6421,6551,47
2,4,0,-2,6277,6818,111
2,5,0,-2,6241,6967,146
2,6,0,-2,3289,6995,180
2,7,0,-2,3228,7123,189
3,4,0,-2,6386,6751,66
3,5,0,-2,6313,6783,113
3,6,0,-2,3352,7022,161
3,7,0,-2,3314,7098,174
4,5,0,-2,6174,6670,47
4,6,0,-2,3216,6977,115
4,7,0,-2,3172,7023,148
5,6,0,-2,3175,6838,82
5,7,0,-2,3119,7054,129
6,7,0,-2,153,6810,61
--- ---VERSION
offset,limit,count-ms,lookup-mus,results
0,-2,5,11571,339
---PATTERN START:  http://www.w3.org/2000/01/rdf-schema#subPropertyOf http://purl.org/dc/elements/1.1/contributor.
--- ---VERSION MATERIALIZED
patch,offset,limit,count-ms,lookup-mus,results
0,0,-2,6,169,106
1,0,-2,109,2535,106
2,0,-2,66,1605,105
3,0,-2,49,1582,106
4,0,-2,65,1596,105
5,0,-2,49,1584,106
6,0,-2,48,1584,106
7,0,-2,50,1577,106
--- ---DELTA MATERIALIZED
patch_start,patch_end,offset,limit,count-ms,lookup-mus,results
0,1,0,-2,46,39,0
0,2,0,-2,62,51,1
0,3,0,-2,44,39,0
0,4,0,-2,60,42,1
0,5,0,-2,44,39,0
0,6,0,-2,42,39,0
0,7,0,-2,43,39,0
1,2,0,-2,102,51,1
1,3,0,-2,84,40,0
1,4,0,-2,100,42,1
1,5,0,-2,83,39,0
1,6,0,-2,83,41,0
1,7,0,-2,83,40,0
2,3,0,-2,101,42,1
2,4,0,-2,120,40,0
2,5,0,-2,101,41,1
2,6,0,-2,102,42,1
2,7,0,-2,100,42,1
3,4,0,-2,101,43,1
3,5,0,-2,87,40,0
3,6,0,-2,83,40,0
3,7,0,-2,84,40,0
4,5,0,-2,102,43,1
4,6,0,-2,100,42,1
4,7,0,-2,100,41,1
5,6,0,-2,85,40,0
5,7,0,-2,84,40,0
6,7,0,-2,82,39,0
--- ---VERSION
offset,limit,count-ms,lookup-mus,results
0,-2,30,1294,106
---PATTERN START:  http://webns.net/mvcb/generatorAgent http://www.ldodds.com/foaf/foaf-a-matic.
--- ---VERSION MATERIALIZED
patch,offset,limit,count-ms,lookup-mus,results
0,0,-2,8,265,116
1,0,-2,1211,7562,119
2,0,-2,1072,5013,124
3,0,-2,1087,5134,117
4,0,-2,1053,5234,123
5,0,-2,1030,5178,118
6,0,-2,1128,5170,131
7,0,-2,1090,5264,137
--- ---DELTA MATERIALIZED
patch_start,patch_end,offset,limit,count-ms,lookup-mus,results
0,1,0,-2,1105,2241,15
0,2,0,-2,1069,2277,20
0,3,0,-2,1108,2399,27
0,4,0,-2,1061,2406,26
0,5,0,-2,1026,2413,33
0,6,0,-2,1116,2299,38
0,7,0,-2,1018,2272,43
1,2,0,-2,2115,2183,5
1,3,0,-2,2126,2225,22
1,4,0,-2,2064,2232,23
1,5,0,-2,2034,2250,31
1,6,0,-2,2137,2414,18
1,7,0,-2,2199,2435,25
2,3,0,-2,2569,2388,17
2,4,0,-2,2158,2426,28
2,5,0,-2,2126,2433,36
2,6,0,-2,2232,2314,23
2,7,0,-2,2086,2274,30
3,4,0,-2,2057,2206,13
3,5,0,-2,2038,2259,41
3,6,0,-2,2116,2258,28
3,7,0,-2,2088,2431,35
4,5,0,-2,2079,2420,28
4,6,0,-2,2165,2419,27
4,7,0,-2,2134,2444,32
5,6,0,-2,2128,2412,25
5,7,0,-2,2105,2398,38
6,7,0,-2,2094,2252,15
--- ---VERSION
offset,limit,count-ms,lookup-mus,results
0,-2,906,6151,176
---PATTERN START:  http://swat.cse.lehigh.edu/resources/onto/aigp.owl#inUniversity http://aigp.csres.utexas.edu/~aigp/school/show/255.
--- ---VERSION MATERIALIZED
patch,offset,limit,count-ms,lookup-mus,results
0,0,-2,8,200,111
1,0,-2,8242,20612,111
2,0,-2,6598,17742,111
3,0,-2,5275,16425,111
4,0,-2,3945,15139,111
5,0,-2,2611,13758,111
6,0,-2,1302,12418,111
7,0,-2,63,11198,111
--- ---DELTA MATERIALIZED
patch_start,patch_end,offset,limit,count-ms,lookup-mus,results
0,1,0,-2,7889,19624,222
0,2,0,-2,6526,19830,296
0,3,0,-2,5210,19942,296
0,4,0,-2,3884,19861,259
0,5,0,-2,2575,19975,296
0,6,0,-2,1271,20214,296
0,7,0,-2,34,20343,296
1,2,0,-2,14377,19643,148
1,3,0,-2,13067,20035,296
1,4,0,-2,11721,20117,259
1,5,0,-2,10439,20341,296
1,6,0,-2,9126,20358,296
1,7,0,-2,7881,20421,296
2,3,0,-2,11730,19692,222
2,4,0,-2,10394,20045,333
2,5,0,-2,9079,20250,370
2,6,0,-2,8059,20401,370
2,7,0,-2,6544,20551,370
3,4,0,-2,9072,20105,259
3,5,0,-2,7791,20413,370
3,6,0,-2,6508,20669,370
3,7,0,-2,5282,20815,370
4,5,0,-2,6462,20179,185
4,6,0,-2,5180,20541,333
4,7,0,-2,3910,20553,333
5,6,0,-2,3839,20401,222
5,7,0,-2,2601,20551,370
6,7,0,-2,1293,20540,222
--- ---VERSION
offset,limit,count-ms,lookup-mus,results
0,-2,5,33729,888
---PATTERN START:  http://swat.cse.lehigh.edu/resources/onto/aigp.owl#inUniversity http://aigp.csres.utexas.edu/~aigp/school/show/265.
--- ---VERSION MATERIALIZED
patch,offset,limit,count-ms,lookup-mus,results
0,0,-2,7,212,150
1,0,-2,11163,27706,150
2,0,-2,9063,24184,150
3,0,-2,7243,22353,150
4,0,-2,5425,20600,150
5,0,-2,3618,18728,150
6,0,-2,1816,16931,150
7,0,-2,64,15177,150
--- ---DELTA MATERIALIZED
patch_start,patch_end,offset,limit,count-ms,lookup-mus,results
0,1,0,-2,10776,26767,300
0,2,0,-2,8965,27014,400
0,3,0,-2,7171,27027,400
0,4,0,-2,5481,27519,350
0,5,0,-2,3596,27369,400
0,6,0,-2,1789,27487,400
0,7,0,-2,37,27442,400
1,2,0,-2,19683,26843,200
1,3,0,-2,17876,27320,400
1,4,0,-2,16101,27438,350
1,5,0,-2,14306,27460,400
1,6,0,-2,12534,27654,400
1,7,0,-2,10779,27823,400
2,3,0,-2,16076,26864,300
2,4,0,-2,14271,27537,450
2,5,0,-2,12510,27659,500
2,6,0,-2,10698,28063,500
2,7,0,-2,9008,28186,500
3,4,0,-2,12476,27256,350
3,5,0,-2,10699,27892,500
3,6,0,-2,8952,27916,500
3,7,0,-2,7452,28229,500
4,5,0,-2,8907,27294,250
4,6,0,-2,7156,28054,450
4,7,0,-2,5409,28253,450
5,6,0,-2,5331,27514,300
5,7,0,-2,3621,28308,500
6,7,0,-2,1810,27794,300
--- ---VERSION
offset,limit,count-ms,lookup-mus,results
0,-2,8,43312,1200
---PATTERN START:  http://swat.cse.lehigh.edu/resources/onto/aigp.owl#inUniversity http://aigp.csres.utexas.edu/~aigp/school/show/246.
--- ---VERSION MATERIALIZED
patch,offset,limit,count-ms,lookup-mus,results
0,0,-2,7,318,231
1,0,-2,17365,42793,231
2,0,-2,14097,37458,231
3,0,-2,11336,34756,231
4,0,-2,8499,31868,231
5,0,-2,5722,29097,231
6,0,-2,2914,26365,231
7,0,-2,62,23408,231
--- ---DELTA MATERIALIZED
patch_start,patch_end,offset,limit,count-ms,lookup-mus,results
0,1,0,-2,16949,41457,462
0,2,0,-2,13962,42296,616
0,3,0,-2,11170,42007,616
0,4,0,-2,8444,41792,539
0,5,0,-2,5641,42527,616
0,6,0,-2,2887,42564,616
0,7,0,-2,35,43171,616
1,2,0,-2,30822,41537,308
1,3,0,-2,28038,42140,616
1,4,0,-2,25262,42381,539
1,5,0,-2,22569,42910,616
1,6,0,-2,19763,43002,616
1,7,0,-2,16899,44544,616
2,3,0,-2,25466,41721,462
2,4,0,-2,22354,42702,693
2,5,0,-2,19591,42836,770
2,6,0,-2,16814,43494,770
2,7,0,-2,13973,43871,770
3,4,0,-2,19579,42273,539
3,5,0,-2,16816,42969,770
3,6,0,-2,14047,43354,770
3,7,0,-2,11198,43430,770
4,5,0,-2,14042,42699,385
4,6,0,-2,11289,43354,693
4,7,0,-2,8435,43922,693
5,6,0,-2,8509,42879,462
5,7,0,-2,5672,43647,770
6,7,0,-2,2913,43189,462
--- ---VERSION
offset,limit,count-ms,lookup-mus,results
0,-2,8,65281,1848
---PATTERN START:  http://swat.cse.lehigh.edu/resources/onto/aigp.owl#inUniversity http://aigp.csres.utexas.edu/~aigp/school/show/205.
--- ---VERSION MATERIALIZED
patch,offset,limit,count-ms,lookup-mus,results
0,0,-2,6,126,102
1,0,-2,7701,18834,102
2,0,-2,6173,16339,102
3,0,-2,4945,15097,102
4,0,-2,3704,13895,102
5,0,-2,2508,12715,102
6,0,-2,1293,11450,102
7,0,-2,64,10230,102
--- ---DELTA MATERIALIZED
patch_start,patch_end,offset,limit,count-ms,lookup-mus,results
0,1,0,-2,7483,18610,204
0,2,0,-2,6168,18794,272
0,3,0,-2,4910,18891,272
0,4,0,-2,3710,18941,238
0,5,0,-2,2480,18970,272
0,6,0,-2,1262,19146,272
0,7,0,-2,37,19288,272
1,2,0,-2,13614,18697,136
1,3,0,-2,12377,19008,272
1,4,0,-2,11173,19092,238
1,5,0,-2,9964,19143,272
1,6,0,-2,8999,19294,272
1,7,0,-2,7516,19539,272
2,3,0,-2,11037,18909,204
2,4,0,-2,9852,19219,306
2,5,0,-2,8614,19294,340
2,6,0,-2,7448,19518,340
2,7,0,-2,6207,19616,340
3,4,0,-2,8606,19074,238
3,5,0,-2,7391,19424,340
3,6,0,-2,6199,19400,340
3,7,0,-2,4969,19582,340
4,5,0,-2,6160,18963,170
4,6,0,-2,4975,19447,306
4,7,0,-2,3729,19580,306
5,6,0,-2,3735,19350,204
5,7,0,-2,2524,19493,340
6,7,0,-2,1291,19266,204
--- ---VERSION
offset,limit,count-ms,lookup-mus,results
0,-2,5,27950,816
---PATTERN START:  http://swat.cse.lehigh.edu/resources/onto/aigp.owl#inUniversity http://aigp.csres.utexas.edu/~aigp/school/show/190.
--- ---VERSION MATERIALIZED
patch,offset,limit,count-ms,lookup-mus,results
0,0,-2,6,186,129
1,0,-2,9846,24072,129
2,0,-2,8039,20986,129
3,0,-2,6478,19446,129
4,0,-2,4946,17940,129
5,0,-2,3410,16386,129
6,0,-2,1746,14707,129
7,0,-2,66,13038,129
--- ---DELTA MATERIALIZED
patch_start,patch_end,offset,limit,count-ms,lookup-mus,results
0,1,0,-2,9614,23806,258
0,2,0,-2,8473,24035,344
0,3,0,-2,6474,24134,344
0,4,0,-2,4958,24270,301
0,5,0,-2,3404,24399,344
0,6,0,-2,1725,24453,344
0,7,0,-2,39,24658,344
1,2,0,-2,17614,23847,172
1,3,0,-2,16116,24303,344
1,4,0,-2,14531,24427,301
1,5,0,-2,12991,24654,344
1,6,0,-2,11320,24661,344
1,7,0,-2,9642,24872,344
2,3,0,-2,14454,24112,258
2,4,0,-2,12912,24480,387
2,5,0,-2,11370,24662,430
2,6,0,-2,9794,24884,430
2,7,0,-2,8117,25211,430
3,4,0,-2,11404,24408,301
3,5,0,-2,9875,24790,430
3,6,0,-2,8249,25230,430
3,7,0,-2,6570,25085,430
4,5,0,-2,8320,24417,215
4,6,0,-2,6683,24851,387
4,7,0,-2,4998,24919,387
5,6,0,-2,5100,24411,258
5,7,0,-2,3418,25048,430
6,7,0,-2,1763,24839,258
--- ---VERSION
offset,limit,count-ms,lookup-mus,results
0,-2,7,35285,1032
---PATTERN START:  http://www.w3.org/1999/xhtml/vocab#icon http://cdn2-b.examiner.com/sites/all/themes/base/favicon.ico.
--- ---VERSION MATERIALIZED
patch,offset,limit,count-ms,lookup-mus,results
0,0,-2,6,453,212
1,0,-2,3607,10612,213
2,0,-2,3328,8730,212
3,0,-2,3386,8788,214
4,0,-2,3407,8795,213
5,0,-2,3418,8800,224
6,0,-2,3376,8726,218
7,0,-2,3376,8719,220
--- ---DELTA MATERIALIZED
patch_start,patch_end,offset,limit,count-ms,lookup-mus,results
0,1,0,-2,3427,7526,63
0,2,0,-2,3457,7502,80
0,3,0,-2,3509,7504,83
0,4,0,-2,3486,7528,81
0,5,0,-2,3427,7192,89
0,6,0,-2,3431,7229,87
0,7,0,-2,3457,7670,92
1,2,0,-2,6920,7490,69
1,3,0,-2,6984,7191,78
1,4,0,-2,6878,7181,78
1,5,0,-2,6924,7492,85
1,6,0,-2,6939,7628,83
1,7,0,-2,6974,7395,93
2,3,0,-2,6700,7111,55
2,4,0,-2,6674,7517,65
2,5,0,-2,6905,7619,82
2,6,0,-2,6909,7342,80
2,7,0,-2,6798,7425,90
3,4,0,-2,6994,7501,56
3,5,0,-2,6974,7560,73
3,6,0,-2,6818,7264,69
3,7,0,-2,6814,7545,83
4,5,0,-2,6948,7590,71
4,6,0,-2,6960,7589,69
4,7,0,-2,6830,7410,81
5,6,0,-2,6909,7563,50
5,7,0,-2,6925,7512,82
6,7,0,-2,6880,7345,78
--- ---VERSION
offset,limit,count-ms,lookup-mus,results
0,-2,5,14327,412
---PATTERN START:  http://rdf.geospecies.org/ont/geospecies#inClass http://lod.geospecies.org/bioclasses/aEbRZ.
--- ---VERSION MATERIALIZED
patch,offset,limit,count-ms,lookup-mus,results
0,0,-2,8,329,198
1,0,-2,119,4424,198
2,0,-2,50,3887,198
3,0,-2,51,3890,198
4,0,-2,50,3923,198
5,0,-2,49,3883,198
6,0,-2,52,3880,198
7,0,-2,50,3893,198
--- ---DELTA MATERIALIZED
patch_start,patch_end,offset,limit,count-ms,lookup-mus,results
0,1,0,-2,45,38,0
0,2,0,-2,45,40,0
0,3,0,-2,45,39,0
0,4,0,-2,44,38,0
0,5,0,-2,44,38,0
0,6,0,-2,44,38,0
0,7,0,-2,44,38,0
1,2,0,-2,86,38,0
1,3,0,-2,87,38,0
1,4,0,-2,87,38,0
1,5,0,-2,86,38,0
1,6,0,-2,86,38,0
1,7,0,-2,86,39,0
2,3,0,-2,87,38,0
2,4,0,-2,86,38,0
2,5,0,-2,87,40,0
2,6,0,-2,87,38,0
2,7,0,-2,87,38,0
3,4,0,-2,87,38,0
3,5,0,-2,88,38,0
3,6,0,-2,87,38,0
3,7,0,-2,87,39,0
4,5,0,-2,87,38,0
4,6,0,-2,86,38,0
4,7,0,-2,86,38,0
5,6,0,-2,86,38,0
5,7,0,-2,86,39,0
6,7,0,-2,87,38,0
--- ---VERSION
offset,limit,count-ms,lookup-mus,results
0,-2,25,3147,198
---PATTERN START:  http://rdf.geospecies.org/ont/geospecies#inClass http://lod.geospecies.org/bioclasses/9JpKF.
--- ---VERSION MATERIALIZED
patch,offset,limit,count-ms,lookup-mus,results
0,0,-2,6,313,206
1,0,-2,49,4132,206
2,0,-2,49,3966,206
3,0,-2,48,3972,206
4,0,-2,49,3969,206
5,0,-2,48,3970,206
6,0,-2,48,4009,206
7,0,-2,48,4008,206
--- ---DELTA MATERIALIZED
patch_start,patch_end,offset,limit,count-ms,lookup-mus,results
0,1,0,-2,44,37,0
0,2,0,-2,43,37,0
0,3,0,-2,43,37,0
0,4,0,-2,43,37,0
0,5,0,-2,43,38,0
0,6,0,-2,43,37,0
0,7,0,-2,43,37,0
1,2,0,-2,83,37,0
1,3,0,-2,84,37,0
1,4,0,-2,84,37,0
1,5,0,-2,84,37,0
1,6,0,-2,84,38,0
1,7,0,-2,84,38,0
2,3,0,-2,84,37,0
2,4,0,-2,83,37,0
2,5,0,-2,84,37,0
2,6,0,-2,83,38,0
2,7,0,-2,83,37,0
3,4,0,-2,86,37,0
3,5,0,-2,83,37,0
3,6,0,-2,84,37,0
3,7,0,-2,84,37,0
4,5,0,-2,83,37,0
4,6,0,-2,84,37,0
4,7,0,-2,83,38,0
5,6,0,-2,84,37,0
5,7,0,-2,83,38,0
6,7,0,-2,84,37,0
--- ---VERSION
offset,limit,count-ms,lookup-mus,results
0,-2,25,3345,206
---PATTERN START:  http://www.w3.org/1999/02/22-rdf-syntax-ns#type http://xmlns.com/foaf/0.1/Group.
--- ---VERSION MATERIALIZED
patch,offset,limit,count-ms,lookup-mus,results
0,0,-2,9,326,200
1,0,-2,3070,9869,201
2,0,-2,2939,8947,203
3,0,-2,2732,8699,204
4,0,-2,2979,8972,212
5,0,-2,2446,8439,211
6,0,-2,2133,8094,206
7,0,-2,1992,8011,213
--- ---DELTA MATERIALIZED
patch_start,patch_end,offset,limit,count-ms,lookup-mus,results
0,1,0,-2,2955,3879,37
0,2,0,-2,2919,3849,43
0,3,0,-2,2703,3879,46
0,4,0,-2,3009,3992,56
0,5,0,-2,2413,4007,49
0,6,0,-2,2136,4010,45
0,7,0,-2,1998,4103,52
1,2,0,-2,5878,3908,30
1,3,0,-2,5651,3888,41
1,4,0,-2,5903,3991,51
1,5,0,-2,5366,3969,42
1,6,0,-2,5045,4036,39
1,7,0,-2,4932,4139,46
2,3,0,-2,5720,3961,35
2,4,0,-2,5892,4015,43
2,5,0,-2,5313,3976,46
2,6,0,-2,5002,3957,41
2,7,0,-2,4869,4077,38
3,4,0,-2,5701,4077,40
3,5,0,-2,5182,4072,51
3,6,0,-2,4866,4056,46
3,7,0,-2,4665,4071,53
4,5,0,-2,5372,3980,51
4,6,0,-2,5069,4026,56
4,7,0,-2,4945,4149,53
5,6,0,-2,4575,4029,27
5,7,0,-2,4449,4098,56
6,7,0,-2,4070,4045,43
--- ---VERSION
offset,limit,count-ms,lookup-mus,results
0,-2,6,10462,323
---PATTERN START:  http://webns.net/mvcb/errorReportsTo mailto:leigh@ldodds.com.
--- ---VERSION MATERIALIZED
patch,offset,limit,count-ms,lookup-mus,results
0,0,-2,8,233,113
1,0,-2,947,5779,116
2,0,-2,898,4788,121
3,0,-2,906,4773,114
4,0,-2,881,4722,120
5,0,-2,871,4711,115
6,0,-2,913,4856,128
7,0,-2,903,4780,134
--- ---DELTA MATERIALIZED
patch_start,patch_end,offset,limit,count-ms,lookup-mus,results
0,1,0,-2,904,1656,15
0,2,0,-2,926,1714,20
0,3,0,-2,934,1744,27
0,4,0,-2,900,1736,26
0,5,0,-2,886,1761,33
0,6,0,-2,943,1785,38
0,7,0,-2,915,1805,43
1,2,0,-2,1859,1697,5
1,3,0,-2,1855,1751,22
1,4,0,-2,1757,1655,23
1,5,0,-2,1742,1676,31
1,6,0,-2,1789,1678,18
1,7,0,-2,1772,1703,25
2,3,0,-2,1783,1641,17
2,4,0,-2,1785,1760,28
2,5,0,-2,1825,1784,36
2,6,0,-2,1880,1792,23
2,7,0,-2,1854,1807,30
3,4,0,-2,1837,1742,13
3,5,0,-2,1822,1740,41
3,6,0,-2,1798,1693,28
3,7,0,-2,1772,1715,35
4,5,0,-2,1687,1672,28
4,6,0,-2,1754,1688,27
4,7,0,-2,1715,1773,32
5,6,0,-2,1832,1785,25
5,7,0,-2,1795,1819,38
6,7,0,-2,1861,1771,15
--- ---VERSION
offset,limit,count-ms,lookup-mus,results
0,-2,838,5952,173
---PATTERN START:  http://www.w3.org/1999/02/22-rdf-syntax-ns#type http://data.semanticweb.org/ns/swc/ontology#ProgrammeCommitteeMember.
--- ---VERSION MATERIALIZED
patch,offset,limit,count-ms,lookup-mus,results
0,0,-2,6,181,115
1,0,-2,13350,16077,113
2,0,-2,5229,14451,148
3,0,-2,5527,13477,151
4,0,-2,3238,12436,141
5,0,-2,2269,11520,148
6,0,-2,993,10224,149
7,0,-2,371,9638,142
--- ---DELTA MATERIALIZED
patch_start,patch_end,offset,limit,count-ms,lookup-mus,results
0,1,0,-2,13025,14551,164
0,2,0,-2,5209,14683,218
0,3,0,-2,4189,14967,218
0,4,0,-2,3233,14877,191
0,5,0,-2,2244,15078,218
0,6,0,-2,978,15081,217
0,7,0,-2,354,15271,218
1,2,0,-2,18236,14747,110
1,3,0,-2,17323,14982,220
1,4,0,-2,16237,14977,190
1,5,0,-2,15295,15197,217
1,6,0,-2,14007,15321,218
1,7,0,-2,13380,15471,218
2,3,0,-2,9437,14873,164
2,4,0,-2,8406,15072,244
2,5,0,-2,7487,15271,271
2,6,0,-2,6184,15400,270
2,7,0,-2,5580,15528,274
3,4,0,-2,7457,15034,192
3,5,0,-2,6412,15306,273
3,6,0,-2,5185,15309,272
3,7,0,-2,4556,15567,276
4,5,0,-2,5451,15040,135
4,6,0,-2,4231,15334,244
4,7,0,-2,3599,15559,246
5,6,0,-2,3221,15232,163
5,7,0,-2,2595,15497,273
6,7,0,-2,1333,15387,166
--- ---VERSION
offset,limit,count-ms,lookup-mus,results
0,-2,5,21868,684
---PATTERN START:  http://swat.cse.lehigh.edu/resources/onto/aigp.owl#inUniversity http://aigp.csres.utexas.edu/~aigp/school/show/295.
--- ---VERSION MATERIALIZED
patch,offset,limit,count-ms,lookup-mus,results
0,0,-2,7,202,120
1,0,-2,8734,22001,120
2,0,-2,7097,19175,120
3,0,-2,5676,17754,120
4,0,-2,4234,16345,120
5,0,-2,2842,14943,120
6,0,-2,1448,13537,120
7,0,-2,47,12182,120
--- ---DELTA MATERIALIZED
patch_start,patch_end,offset,limit,count-ms,lookup-mus,results
0,1,0,-2,8526,21336,240
0,2,0,-2,7067,21543,320
0,3,0,-2,5643,21682,320
0,4,0,-2,4221,21510,280
0,5,0,-2,2821,21825,320
0,6,0,-2,1427,21946,320
0,7,0,-2,34,22154,320
1,2,0,-2,15590,21389,160
1,3,0,-2,14164,21867,320
1,4,0,-2,12745,21926,280
1,5,0,-2,11327,22171,320
1,6,0,-2,9937,22251,320
1,7,0,-2,8563,22344,320
2,3,0,-2,12742,21689,240
2,4,0,-2,11292,22069,360
2,5,0,-2,9896,22284,400
2,6,0,-2,8491,22256,400
2,7,0,-2,7112,22546,400
3,4,0,-2,9880,21989,280
3,5,0,-2,8478,22259,400
3,6,0,-2,7115,22392,400
3,7,0,-2,5715,22592,400
4,5,0,-2,7042,21811,200
4,6,0,-2,5668,22418,360
4,7,0,-2,4280,22411,360
5,6,0,-2,4241,21945,240
5,7,0,-2,2853,22549,400
6,7,0,-2,1451,22145,240
--- ---VERSION
offset,limit,count-ms,lookup-mus,results
0,-2,4,33361,960
---PATTERN START:  http://www.w3.org/1999/02/22-rdf-syntax-ns#type http://www.w3.org/2006/vcard/ns#Address.
--- ---VERSION MATERIALIZED
patch,offset,limit,count-ms,lookup-mus,results
0,0,-2,8,230,162
1,0,-2,10153,14318,227
2,0,-2,1450,13875,303
3,0,-2,1053,13440,306
4,0,-2,875,13247,304
5,0,-2,493,12882,308
6,0,-2,273,12530,241
7,0,-2,75,12346,245
--- ---DELTA MATERIALIZED
patch_start,patch_end,offset,limit,count-ms,lookup-mus,results
0,1,0,-2,9686,16629,173
0,2,0,-2,1428,16682,250
0,3,0,-2,1021,16511,256
0,4,0,-2,862,16833,255
0,5,0,-2,468,16749,261
0,6,0,-2,252,16834,195
0,7,0,-2,46,16913,195
1,2,0,-2,11096,16474,101
1,3,0,-2,10805,16828,250
1,4,0,-2,10533,16848,254
1,5,0,-2,10150,17134,257
1,6,0,-2,9922,16916,191
1,7,0,-2,9719,17051,190
2,3,0,-2,2442,16830,177
2,4,0,-2,2286,16852,325
2,5,0,-2,1892,17202,334
2,6,0,-2,1683,17041,268
2,7,0,-2,1470,17137,263
3,4,0,-2,1908,16948,194
3,5,0,-2,1492,17081,335
3,6,0,-2,1269,17053,269
3,7,0,-2,1067,17273,268
4,5,0,-2,1327,16930,169
4,6,0,-2,1111,16980,253
4,7,0,-2,907,17214,258
5,6,0,-2,717,16936,112
5,7,0,-2,512,17151,265
6,7,0,-2,299,17008,175
--- ---VERSION
offset,limit,count-ms,lookup-mus,results
0,-2,7,28595,715
---PATTERN START:  http://swat.cse.lehigh.edu/resources/onto/aigp.owl#inUniversity http://aigp.csres.utexas.edu/~aigp/school/show/159.
--- ---VERSION MATERIALIZED
patch,offset,limit,count-ms,lookup-mus,results
0,0,-2,6,208,159
1,0,-2,11938,29440,159
2,0,-2,9651,25600,159
3,0,-2,7712,23641,159
4,0,-2,5797,21732,159
5,0,-2,3885,19836,159
6,0,-2,1962,17934,159
7,0,-2,61,16049,159
--- ---DELTA MATERIALIZED
patch_start,patch_end,offset,limit,count-ms,lookup-mus,results
0,1,0,-2,11686,28763,318
0,2,0,-2,9646,28999,424
0,3,0,-2,7715,29176,424
0,4,0,-2,5772,29289,371
0,5,0,-2,3892,29387,424
0,6,0,-2,1957,29677,424
0,7,0,-2,35,29644,424
1,2,0,-2,21281,28863,212
1,3,0,-2,19384,29346,424
1,4,0,-2,17450,29278,371
1,5,0,-2,15587,29809,424
1,6,0,-2,13635,29826,424
1,7,0,-2,11731,29932,424
2,3,0,-2,17280,29137,318
2,4,0,-2,15379,29656,477
2,5,0,-2,13462,29782,530
2,6,0,-2,11562,29887,530
2,7,0,-2,9639,30308,530
3,4,0,-2,13455,29359,371
3,5,0,-2,11549,29819,530
3,6,0,-2,9635,30052,530
3,7,0,-2,7723,30096,530
4,5,0,-2,9636,29297,265
4,6,0,-2,7725,30065,477
4,7,0,-2,5806,30354,477
5,6,0,-2,5843,29737,318
5,7,0,-2,3894,30235,530
6,7,0,-2,1998,29972,318
--- ---VERSION
offset,limit,count-ms,lookup-mus,results
0,-2,4,43929,1272
---PATTERN START:  http://xmlns.com/foaf/0.1/interest http://en.wikipedia.org/wiki/Semantic_Web.
--- ---VERSION MATERIALIZED
patch,offset,limit,count-ms,lookup-mus,results
0,0,-2,7,221,142
1,0,-2,10504,30338,143
2,0,-2,8469,26970,150
3,0,-2,6829,25342,148
4,0,-2,5223,23697,150
5,0,-2,3598,22109,150
6,0,-2,1910,20543,149
7,0,-2,57,18601,148
--- ---DELTA MATERIALIZED
patch_start,patch_end,offset,limit,count-ms,lookup-mus,results
0,1,0,-2,10319,27056,271
0,2,0,-2,8629,25336,406
0,3,0,-2,6837,25716,407
0,4,0,-2,5203,25634,406
0,5,0,-2,3586,25765,406
0,6,0,-2,1892,26174,405
0,7,0,-2,38,26262,406
1,2,0,-2,18767,25022,135
1,3,0,-2,17103,25894,406
1,4,0,-2,15517,25840,405
1,5,0,-2,13851,25992,405
1,6,0,-2,12169,26405,406
1,7,0,-2,10304,26501,406
2,3,0,-2,15271,25662,271
2,4,0,-2,13672,26040,540
2,5,0,-2,12056,26169,540
2,6,0,-2,10318,26549,541
2,7,0,-2,8461,27273,541
3,4,0,-2,12003,25615,271
3,5,0,-2,10421,26263,541
3,6,0,-2,8703,26630,542
3,7,0,-2,6845,26848,540
4,5,0,-2,8796,25795,270
4,6,0,-2,7100,26624,541
4,7,0,-2,5227,26845,541
5,6,0,-2,5453,26238,271
5,7,0,-2,3608,26820,541
6,7,0,-2,1921,26356,272
--- ---VERSION
offset,limit,count-ms,lookup-mus,results
0,-2,7,40837,1088
---PATTERN START:  http://purl.org/dc/terms/creator http://richard.cyganiak.de/#me.
--- ---VERSION MATERIALIZED
patch,offset,limit,count-ms,lookup-mus,results
0,0,-2,6,150,101
1,0,-2,16146,20728,101
2,0,-2,6075,18719,109
3,0,-2,4905,17584,109
4,0,-2,3787,16450,109
5,0,-2,2669,15345,109
6,0,-2,1168,13820,109
7,0,-2,419,13101,109
--- ---DELTA MATERIALIZED
patch_start,patch_end,offset,limit,count-ms,lookup-mus,results
0,1,0,-2,15768,17611,186
0,2,0,-2,6049,17788,248
0,3,0,-2,4898,17900,248
0,4,0,-2,3772,17992,217
0,5,0,-2,2658,18111,248
0,6,0,-2,1150,18541,248
0,7,0,-2,401,18147,248
1,2,0,-2,21840,17673,124
1,3,0,-2,20673,18005,248
1,4,0,-2,19573,18147,217
1,5,0,-2,18443,18290,248
1,6,0,-2,16948,18410,248
1,7,0,-2,16176,18525,248
2,3,0,-2,10944,17972,186
2,4,0,-2,9822,18188,279
2,5,0,-2,8710,18274,310
2,6,0,-2,7196,18364,310
2,7,0,-2,6452,18480,310
3,4,0,-2,8665,17919,217
3,5,0,-2,7554,18193,310
3,6,0,-2,6053,18337,310
3,7,0,-2,5297,18623,310
4,5,0,-2,6439,18126,155
4,6,0,-2,4925,18467,279
4,7,0,-2,4180,18581,279
5,6,0,-2,3804,18260,186
5,7,0,-2,3055,18480,310
6,7,0,-2,1546,18298,186
--- ---VERSION
offset,limit,count-ms,lookup-mus,results
0,-2,5,27495,752
---PATTERN START:  http://www.w3.org/1999/xhtml/vocab#stylesheet http://www.edinburgh-gazette.co.uk/Styles/gazettes.css.
--- ---VERSION MATERIALIZED
patch,offset,limit,count-ms,lookup-mus,results
0,0,-2,5,270,150
1,0,-2,2872,8652,147
2,0,-2,2784,8644,139
3,0,-2,2796,8244,138
4,0,-2,51,8095,137
5,0,-2,52,8039,137
6,0,-2,343,8540,129
7,0,-2,52,8017,132
--- ---DELTA MATERIALIZED
patch_start,patch_end,offset,limit,count-ms,lookup-mus,results
0,1,0,-2,2781,5067,61
0,2,0,-2,2813,5210,119
0,3,0,-2,2824,5270,168
0,4,0,-2,49,5494,248
0,5,0,-2,48,5528,280
0,6,0,-2,47,5607,274
0,7,0,-2,48,5665,277
1,2,0,-2,5611,5091,62
1,3,0,-2,5618,5187,113
1,4,0,-2,2856,5441,190
1,5,0,-2,2852,5487,222
1,6,0,-2,2849,5662,272
1,7,0,-2,2855,5698,277
2,3,0,-2,5632,5054,61
2,4,0,-2,2863,5341,132
2,5,0,-2,2870,5425,164
2,6,0,-2,2875,5520,210
2,7,0,-2,2865,5698,267
3,4,0,-2,2868,5186,83
3,5,0,-2,2869,5350,115
3,6,0,-2,2873,5433,161
3,7,0,-2,2870,5563,216
4,5,0,-2,92,5190,32
4,6,0,-2,90,5262,92
4,7,0,-2,91,5456,147
5,6,0,-2,92,5218,62
5,7,0,-2,90,5397,115
6,7,0,-2,91,5293,71
--- ---VERSION
offset,limit,count-ms,lookup-mus,results
0,-2,7,12044,343
---PATTERN START:  http://www.w3.org/1999/02/22-rdf-syntax-ns#type http://www.gazettes-online.co.uk/ontology/legislation#Order.
--- ---VERSION MATERIALIZED
patch,offset,limit,count-ms,lookup-mus,results
0,0,-2,4,361,165
1,0,-2,7554,13434,193
2,0,-2,64,12509,171
3,0,-2,7129,12521,161
4,0,-2,64,12545,196
5,0,-2,64,12830,200
6,0,-2,7062,12139,100
7,0,-2,7106,12804,116
--- ---DELTA MATERIALIZED
patch_start,patch_end,offset,limit,count-ms,lookup-mus,results
0,1,0,-2,7453,15026,124
0,2,0,-2,60,15204,232
0,3,0,-2,7122,15033,202
0,4,0,-2,60,15487,235
0,5,0,-2,59,15221,246
0,6,0,-2,7098,15420,148
0,7,0,-2,7151,15210,154
1,2,0,-2,7598,15220,124
1,3,0,-2,14722,15118,230
1,4,0,-2,7582,15602,263
1,5,0,-2,7616,15445,275
1,6,0,-2,14610,15625,177
1,7,0,-2,14868,15476,183
2,3,0,-2,7262,15177,150
2,4,0,-2,114,15340,261
2,5,0,-2,118,15629,267
2,6,0,-2,7129,15416,175
2,7,0,-2,7184,15439,183
3,4,0,-2,7187,15307,115
3,5,0,-2,7225,15268,223
3,6,0,-2,14205,15528,151
3,7,0,-2,14247,15428,157
4,5,0,-2,117,15249,110
4,6,0,-2,7110,15514,182
4,7,0,-2,7194,15410,190
5,6,0,-2,7166,15497,186
5,7,0,-2,7139,15535,198
6,7,0,-2,14264,15249,104
--- ---VERSION
offset,limit,count-ms,lookup-mus,results
0,-2,5,22699,573
---PATTERN START:  http://swat.cse.lehigh.edu/resources/onto/aigp.owl#inUniversity http://aigp.csres.utexas.edu/~aigp/school/show/285.
--- ---VERSION MATERIALIZED
patch,offset,limit,count-ms,lookup-mus,results
0,0,-2,6,159,114
1,0,-2,8582,20938,114
2,0,-2,6878,18413,114
3,0,-2,5460,16881,114
4,0,-2,4075,15513,114
5,0,-2,2722,14139,114
6,0,-2,1382,12796,114
7,0,-2,58,11475,114
--- ---DELTA MATERIALIZED
patch_start,patch_end,offset,limit,count-ms,lookup-mus,results
0,1,0,-2,8322,20759,228
0,2,0,-2,6816,20971,304
0,3,0,-2,5456,21091,304
0,4,0,-2,4065,21218,266
0,5,0,-2,2724,21337,304
0,6,0,-2,1372,21685,304
0,7,0,-2,40,21525,304
1,2,0,-2,15143,20667,152
1,3,0,-2,13744,21095,304
1,4,0,-2,12400,21335,266
1,5,0,-2,11034,21635,304
1,6,0,-2,9687,21585,304
1,7,0,-2,8371,21684,304
2,3,0,-2,12227,21085,228
2,4,0,-2,10909,21522,342
2,5,0,-2,9532,21630,380
2,6,0,-2,8166,21800,380
2,7,0,-2,6878,21945,380
3,4,0,-2,9493,21132,266
3,5,0,-2,8133,21433,380
3,6,0,-2,6832,21771,380
3,7,0,-2,5506,21951,380
4,5,0,-2,6779,21431,190
4,6,0,-2,5473,21762,342
4,7,0,-2,4132,21868,342
5,6,0,-2,4114,21563,228
5,7,0,-2,2771,21940,380
6,7,0,-2,1411,21635,228
--- ---VERSION
offset,limit,count-ms,lookup-mus,results
0,-2,5,31277,912
---PATTERN START:  http://www.w3.org/1999/02/22-rdf-syntax-ns#type http://www.w3.org/2002/07/owl#InverseFunctionalProperty.
--- ---VERSION MATERIALIZED
patch,offset,limit,count-ms,lookup-mus,results
0,0,-2,7,180,88
1,0,-2,475,3952,103
2,0,-2,405,3304,103
3,0,-2,312,3250,99
4,0,-2,504,3348,102
5,0,-2,381,3114,89
6,0,-2,320,3204,94
7,0,-2,381,3130,91
--- ---DELTA MATERIALIZED
patch_start,patch_end,offset,limit,count-ms,lookup-mus,results
0,1,0,-2,401,463,15
0,2,0,-2,401,461,15
0,3,0,-2,308,471,17
0,4,0,-2,403,460,14
0,5,0,-2,381,497,21
0,6,0,-2,321,501,22
0,7,0,-2,387,505,23
1,2,0,-2,816,452,0
1,3,0,-2,723,462,4
1,4,0,-2,821,452,1
1,5,0,-2,791,484,8
1,6,0,-2,728,488,9
1,7,0,-2,791,487,8
2,3,0,-2,723,461,4
2,4,0,-2,817,456,1
2,5,0,-2,793,484,8
2,6,0,-2,729,487,9
2,7,0,-2,793,486,8
3,4,0,-2,720,446,3
3,5,0,-2,681,474,10
3,6,0,-2,622,478,11
3,7,0,-2,680,479,12
4,5,0,-2,776,468,7
4,6,0,-2,712,469,8
4,7,0,-2,774,473,9
5,6,0,-2,688,456,1
5,7,0,-2,748,460,2
6,7,0,-2,689,461,3
--- ---VERSION
offset,limit,count-ms,lookup-mus,results
0,-2,259,3129,104
---PATTERN START:  http://swat.cse.lehigh.edu/resources/onto/aigp.owl#inUniversity http://aigp.csres.utexas.edu/~aigp/school/show/562.
--- ---VERSION MATERIALIZED
patch,offset,limit,count-ms,lookup-mus,results
0,0,-2,5,247,144
1,0,-2,10510,26187,144
2,0,-2,8407,22828,144
3,0,-2,6710,21096,144
4,0,-2,5354,19753,144
5,0,-2,3344,17745,144
6,0,-2,1686,16078,144
7,0,-2,49,14587,144
--- ---DELTA MATERIALIZED
patch_start,patch_end,offset,limit,count-ms,lookup-mus,results
0,1,0,-2,10246,25647,288
0,2,0,-2,8452,25939,384
0,3,0,-2,6715,26079,384
0,4,0,-2,5336,26111,336
0,5,0,-2,3333,26094,384
0,6,0,-2,1670,26447,384
0,7,0,-2,34,26525,384
1,2,0,-2,18664,25448,192
1,3,0,-2,16926,25964,384
1,4,0,-2,15579,26359,336
1,5,0,-2,13561,26414,384
1,6,0,-2,11937,26908,384
1,7,0,-2,10268,26982,384
2,3,0,-2,15125,26031,288
2,4,0,-2,13734,26292,432
2,5,0,-2,11746,26582,480
2,6,0,-2,10144,26939,480
2,7,0,-2,8486,27100,480
3,4,0,-2,12027,26107,336
3,5,0,-2,10020,26736,480
3,6,0,-2,8354,26835,480
3,7,0,-2,6725,27022,480
4,5,0,-2,8660,26357,240
4,6,0,-2,7052,26874,432
4,7,0,-2,5426,27166,432
5,6,0,-2,5007,26708,288
5,7,0,-2,3388,27225,480
6,7,0,-2,1706,26732,288
--- ---VERSION
offset,limit,count-ms,lookup-mus,results
0,-2,8,39940,1152
---PATTERN START:  http://purl.org/ontology/po/genre http://www.bbc.co.uk/programmes/genres/factual/petsandanimals#genre.
--- ---VERSION MATERIALIZED
patch,offset,limit,count-ms,lookup-mus,results
0,0,-2,7,274,184
1,0,-2,199,7013,184
2,0,-2,154,6205,183
3,0,-2,156,6201,188
4,0,-2,145,6186,184
5,0,-2,146,6181,184
6,0,-2,147,6178,185
7,0,-2,155,6186,183
--- ---DELTA MATERIALIZED
patch_start,patch_end,offset,limit,count-ms,lookup-mus,results
0,1,0,-2,140,135,0
0,2,0,-2,147,142,1
0,3,0,-2,149,157,6
0,4,0,-2,150,137,0
0,5,0,-2,140,136,0
0,6,0,-2,141,139,1
0,7,0,-2,382,136,0
1,2,0,-2,284,145,1
1,3,0,-2,286,158,6
1,4,0,-2,277,139,0
1,5,0,-2,276,138,0
1,6,0,-2,278,142,1
1,7,0,-2,285,141,1
2,3,0,-2,297,156,5
2,4,0,-2,285,141,1
2,5,0,-2,286,140,1
2,6,0,-2,285,145,2
2,7,0,-2,292,140,0
3,4,0,-2,294,152,6
3,5,0,-2,292,153,6
3,6,0,-2,291,155,7
3,7,0,-2,297,153,5
4,5,0,-2,284,141,0
4,6,0,-2,284,145,1
4,7,0,-2,291,143,1
5,6,0,-2,283,145,1
5,7,0,-2,290,143,1
6,7,0,-2,288,146,2
--- ---VERSION
offset,limit,count-ms,lookup-mus,results
0,-2,83,5245,190
---PATTERN START:  http://swat.cse.lehigh.edu/resources/onto/aigp.owl#inUniversity http://aigp.csres.utexas.edu/~aigp/school/show/47.
--- ---VERSION MATERIALIZED
patch,offset,limit,count-ms,lookup-mus,results
0,0,-2,5,229,147
1,0,-2,10854,27032,147
2,0,-2,8766,23576,147
3,0,-2,6998,21820,147
4,0,-2,5292,20272,147
5,0,-2,3518,18315,147
6,0,-2,1775,16580,147
7,0,-2,51,14878,147
--- ---DELTA MATERIALIZED
patch_start,patch_end,offset,limit,count-ms,lookup-mus,results
0,1,0,-2,10618,26264,294
0,2,0,-2,8755,26557,392
0,3,0,-2,7050,26724,392
0,4,0,-2,5228,26653,343
0,5,0,-2,3494,26745,392
0,6,0,-2,1748,27160,392
0,7,0,-2,34,27314,392
1,2,0,-2,19372,26065,196
1,3,0,-2,17591,26765,392
1,4,0,-2,15855,26876,343
1,5,0,-2,14081,27012,392
1,6,0,-2,12346,27183,392
1,7,0,-2,10642,27670,392
2,3,0,-2,15775,27376,294
2,4,0,-2,13985,27137,441
2,5,0,-2,12251,27309,490
2,6,0,-2,10502,27500,490
2,7,0,-2,8797,27831,490
3,4,0,-2,12215,26748,343
3,5,0,-2,10520,27229,490
3,6,0,-2,8793,27701,490
3,7,0,-2,7102,27879,490
4,5,0,-2,8737,26811,245
4,6,0,-2,6996,27556,441
4,7,0,-2,5310,27699,441
5,6,0,-2,5243,27310,294
5,7,0,-2,3531,27801,490
6,7,0,-2,1786,27533,294
--- ---VERSION
offset,limit,count-ms,lookup-mus,results
0,-2,7,40519,1176
---PATTERN START:  http://xmlns.com/foaf/0.1/interest http://www.w3.org/2001/sw/.
--- ---VERSION MATERIALIZED
patch,offset,limit,count-ms,lookup-mus,results
0,0,-2,7,166,103
1,0,-2,796,4221,103
2,0,-2,704,3933,104
3,0,-2,674,3888,103
4,0,-2,627,3837,104
5,0,-2,587,3786,109
6,0,-2,533,3721,103
7,0,-2,491,3715,104
--- ---DELTA MATERIALIZED
patch_start,patch_end,offset,limit,count-ms,lookup-mus,results
0,1,0,-2,743,914,6
0,2,0,-2,684,924,7
0,3,0,-2,649,949,8
0,4,0,-2,618,954,9
0,5,0,-2,563,970,14
0,6,0,-2,515,946,8
0,7,0,-2,467,939,9
1,2,0,-2,1422,909,5
1,3,0,-2,1369,919,8
1,4,0,-2,1343,928,9
1,5,0,-2,1285,951,14
1,6,0,-2,1239,954,8
1,7,0,-2,1200,952,9
2,3,0,-2,1322,935,7
2,4,0,-2,1278,929,10
2,5,0,-2,1224,960,15
2,6,0,-2,1208,978,9
2,7,0,-2,1175,990,10
3,4,0,-2,1277,957,7
3,5,0,-2,1213,978,14
3,6,0,-2,1168,979,8
3,7,0,-2,1125,990,9
4,5,0,-2,1189,977,13
4,6,0,-2,1428,986,9
4,7,0,-2,1096,987,10
5,6,0,-2,1085,989,12
5,7,0,-2,1039,971,15
6,7,0,-2,966,947,7
--- ---VERSION
offset,limit,count-ms,lookup-mus,results
0,-2,418,3670,132
---PATTERN START:  http://www.w3.org/1999/02/22-rdf-syntax-ns#type http://www.gazettes-online.co.uk/ontology/organisation#LondonBoroughCouncil.
--- ---VERSION MATERIALIZED
patch,offset,limit,count-ms,lookup-mus,results
0,0,-2,5,181,118
1,0,-2,4127,8156,118
2,0,-2,3753,7439,120
3,0,-2,3535,7253,138
4,0,-2,3255,6981,141
5,0,-2,3045,6811,133
6,0,-2,2490,6217,131
7,0,-2,2282,6031,118
--- ---DELTA MATERIALIZED
patch_start,patch_end,offset,limit,count-ms,lookup-mus,results
0,1,0,-2,4035,4547,52
0,2,0,-2,3721,4739,108
0,3,0,-2,3527,4804,128
0,4,0,-2,3228,4839,131
0,5,0,-2,3036,4922,122
0,6,0,-2,2495,4836,122
0,7,0,-2,2292,4902,108
1,2,0,-2,7775,4739,56
1,3,0,-2,7589,4862,88
1,4,0,-2,7291,4951,129
1,5,0,-2,7071,4939,118
1,6,0,-2,6528,4883,117
1,7,0,-2,6326,4941,103
2,3,0,-2,7314,4766,32
2,4,0,-2,6992,4872,85
2,5,0,-2,6770,4939,124
2,6,0,-2,6231,4879,123
2,7,0,-2,6029,4965,109
3,4,0,-2,6806,4824,53
3,5,0,-2,6584,4901,98
3,6,0,-2,6044,4895,135
3,7,0,-2,5827,4986,129
4,5,0,-2,6291,4842,45
4,6,0,-2,5744,4832,84
4,7,0,-2,5536,4975,130
5,6,0,-2,5528,4772,39
5,7,0,-2,5325,4977,119
6,7,0,-2,4778,4933,80
--- ---VERSION
offset,limit,count-ms,lookup-mus,results
0,-2,5,9773,297
---PATTERN START:  http://swat.cse.lehigh.edu/resources/onto/aigp.owl#inUniversity http://aigp.csres.utexas.edu/~aigp/school/show/154.
--- ---VERSION MATERIALIZED
patch,offset,limit,count-ms,lookup-mus,results
0,0,-2,5,325,195
1,0,-2,14448,35882,195
2,0,-2,11748,31362,195
3,0,-2,9374,28967,195
4,0,-2,7041,26673,195
5,0,-2,4691,24330,195
6,0,-2,2360,21979,195
7,0,-2,51,19727,195
--- ---DELTA MATERIALIZED
patch_start,patch_end,offset,limit,count-ms,lookup-mus,results
0,1,0,-2,14132,35300,390
0,2,0,-2,11688,35417,520
0,3,0,-2,9354,35602,520
0,4,0,-2,7018,35360,455
0,5,0,-2,4670,35855,520
0,6,0,-2,2349,35969,520
0,7,0,-2,35,36249,520
1,2,0,-2,25997,34720,260
1,3,0,-2,23557,35677,520
1,4,0,-2,21201,35728,455
1,5,0,-2,18858,35943,520
1,6,0,-2,16525,36346,520
1,7,0,-2,14214,36566,520
2,3,0,-2,21175,35176,390
2,4,0,-2,18984,36308,585
2,5,0,-2,16471,36374,650
2,6,0,-2,14185,36633,650
2,7,0,-2,11758,36819,650
3,4,0,-2,16436,35660,455
3,5,0,-2,14094,36427,650
3,6,0,-2,11826,36616,650
3,7,0,-2,9420,37044,650
4,5,0,-2,11729,35996,325
4,6,0,-2,9468,36690,585
4,7,0,-2,7123,36761,585
5,6,0,-2,7069,36086,390
5,7,0,-2,4771,37051,650
6,7,0,-2,2397,36473,390
--- ---VERSION
offset,limit,count-ms,lookup-mus,results
0,-2,7,57194,1560
---PATTERN START:  http://swat.cse.lehigh.edu/resources/onto/aigp.owl#inUniversity http://aigp.csres.utexas.edu/~aigp/school/show/99.
--- ---VERSION MATERIALIZED
patch,offset,limit,count-ms,lookup-mus,results
0,0,-2,6,173,126
1,0,-2,9285,23223,126
2,0,-2,7555,20258,126
3,0,-2,6006,18712,126
4,0,-2,4501,17210,126
5,0,-2,2992,15706,126
6,0,-2,1466,14180,126
7,0,-2,63,12765,126
--- ---DELTA MATERIALIZED
patch_start,patch_end,offset,limit,count-ms,lookup-mus,results
0,1,0,-2,9092,22659,252
0,2,0,-2,7524,22816,336
0,3,0,-2,6006,22956,336
0,4,0,-2,4468,23014,294
0,5,0,-2,2955,23183,336
0,6,0,-2,1443,23304,336
0,7,0,-2,38,23472,336
1,2,0,-2,16605,22655,168
1,3,0,-2,15063,23099,336
1,4,0,-2,13559,23166,294
1,5,0,-2,12024,23394,336
1,6,0,-2,10527,23624,336
1,7,0,-2,9111,23769,336
2,3,0,-2,13517,22982,252
2,4,0,-2,11990,23353,378
2,5,0,-2,10484,23581,420
2,6,0,-2,8963,23710,420
2,7,0,-2,7569,23868,420
3,4,0,-2,10495,23242,294
3,5,0,-2,8948,23588,420
3,6,0,-2,7445,23745,420
3,7,0,-2,6035,23875,420
4,5,0,-2,7423,23297,210
4,6,0,-2,5908,23667,378
4,7,0,-2,4502,23840,378
5,6,0,-2,4395,23470,252
5,7,0,-2,3014,23893,420
6,7,0,-2,1477,23649,252
--- ---VERSION
offset,limit,count-ms,lookup-mus,results
0,-2,5,35073,1008
---PATTERN START:  http://www.w3.org/1999/02/22-rdf-syntax-ns#type http://www.gazettes-online.co.uk/ontology/authority#Authority.
--- ---VERSION MATERIALIZED
patch,offset,limit,count-ms,lookup-mus,results
0,0,-2,4,183,100
1,0,-2,6135,9077,100
2,0,-2,5602,8516,105
3,0,-2,5401,8308,127
4,0,-2,5052,8000,133
5,0,-2,4768,7700,129
6,0,-2,3895,6834,116
7,0,-2,3474,6318,109
--- ---DELTA MATERIALIZED
patch_start,patch_end,offset,limit,count-ms,lookup-mus,results
0,1,0,-2,6030,7193,54
0,2,0,-2,5637,7541,119
0,3,0,-2,5405,7725,143
0,4,0,-2,5046,7925,149
0,5,0,-2,4847,8023,144
0,6,0,-2,3995,7549,145
0,7,0,-2,3474,7673,125
1,2,0,-2,11690,7638,65
1,3,0,-2,11476,7861,101
1,4,0,-2,11119,7900,147
1,5,0,-2,10815,7872,140
1,6,0,-2,10089,7757,140
1,7,0,-2,9537,7849,120
2,3,0,-2,11017,7578,38
2,4,0,-2,10703,7820,104
2,5,0,-2,10541,8065,149
2,6,0,-2,9688,7692,149
2,7,0,-2,9097,7727,129
3,4,0,-2,10427,7881,66
3,5,0,-2,10298,8020,121
3,6,0,-2,9450,7597,159
3,7,0,-2,8861,7846,153
4,5,0,-2,9946,7909,55
4,6,0,-2,9115,7589,105
4,7,0,-2,8515,7802,157
5,6,0,-2,8766,7599,58
5,7,0,-2,8371,7910,150
6,7,0,-2,7379,7675,98
--- ---VERSION
offset,limit,count-ms,lookup-mus,results
0,-2,9,11253,322
---PATTERN START:  http://www.gazettes-online.co.uk/ontology#markedUpBy http://www.gazettes-online.co.uk/ontology#ManualMarkup.
--- ---VERSION MATERIALIZED
patch,offset,limit,count-ms,lookup-mus,results
0,0,-2,4,366,193
1,0,-2,7095,13151,172
2,0,-2,2084,11127,195
3,0,-2,1840,10896,215
4,0,-2,1223,10197,228
5,0,-2,1086,10066,214
6,0,-2,345,9286,202
7,0,-2,53,9024,217
--- ---DELTA MATERIALIZED
patch_start,patch_end,offset,limit,count-ms,lookup-mus,results
0,1,0,-2,6900,9216,89
0,2,0,-2,2085,9649,191
0,3,0,-2,1842,9880,252
0,4,0,-2,1215,10033,321
0,5,0,-2,1075,10101,323
0,6,0,-2,331,10150,365
0,7,0,-2,43,10151,347
1,2,0,-2,9020,9582,102
1,3,0,-2,8803,9708,176
1,4,0,-2,8154,10024,265
1,5,0,-2,8041,10067,265
1,6,0,-2,7271,10144,303
1,7,0,-2,6963,10154,301
2,3,0,-2,3996,9630,76
2,4,0,-2,3366,9851,183
2,5,0,-2,3142,10137,255
2,6,0,-2,2436,10047,293
2,7,0,-2,2107,10230,291
3,4,0,-2,3082,9637,115
3,5,0,-2,2906,10002,201
3,6,0,-2,2201,9966,273
3,7,0,-2,1869,10179,277
4,5,0,-2,2286,9684,86
4,6,0,-2,1557,9833,162
4,7,0,-2,1244,10018,240
5,6,0,-2,1426,9654,80
5,7,0,-2,1118,9981,200
6,7,0,-2,374,9793,132
--- ---VERSION
offset,limit,count-ms,lookup-mus,results
0,-2,5,18063,546
---PATTERN START:  http://swat.cse.lehigh.edu/resources/onto/aigp.owl#inUniversity http://aigp.csres.utexas.edu/~aigp/school/show/274.
--- ---VERSION MATERIALIZED
patch,offset,limit,count-ms,lookup-mus,results
0,0,-2,5,289,195
1,0,-2,14511,35870,195
2,0,-2,11767,31319,195
3,0,-2,9436,28956,195
4,0,-2,7108,26665,195
5,0,-2,4786,24315,195
6,0,-2,2423,21982,195
7,0,-2,53,19642,195
--- ---DELTA MATERIALIZED
patch_start,patch_end,offset,limit,count-ms,lookup-mus,results
0,1,0,-2,14252,35001,390
0,2,0,-2,11759,35321,520
0,3,0,-2,9408,35488,520
0,4,0,-2,7088,35603,455
0,5,0,-2,4761,35570,520
0,6,0,-2,2411,36103,520
0,7,0,-2,35,36416,520
1,2,0,-2,25944,34830,260
1,3,0,-2,23612,35658,520
1,4,0,-2,21268,35777,455
1,5,0,-2,18964,36433,520
1,6,0,-2,16628,36334,520
1,7,0,-2,14217,36526,520
2,3,0,-2,21192,35502,390
2,4,0,-2,18823,35911,585
2,5,0,-2,16498,36574,650
2,6,0,-2,14163,36461,650
2,7,0,-2,11897,36762,650
3,4,0,-2,16551,35488,455
3,5,0,-2,14237,36375,650
3,6,0,-2,11856,36419,650
3,7,0,-2,9567,36809,650
4,5,0,-2,11989,35772,325
4,6,0,-2,9593,36511,585
4,7,0,-2,7262,36832,585
5,6,0,-2,7195,36129,390
5,7,0,-2,4807,36609,650
6,7,0,-2,2442,36380,390
--- ---VERSION
offset,limit,count-ms,lookup-mus,results
0,-2,8,55144,1560
---PATTERN START:  http://swat.cse.lehigh.edu/resources/onto/aigp.owl#inUniversity http://aigp.csres.utexas.edu/~aigp/school/show/208.
--- ---VERSION MATERIALIZED
patch,offset,limit,count-ms,lookup-mus,results
0,0,-2,6,214,159
1,0,-2,11740,29292,159
2,0,-2,9503,25562,159
3,0,-2,7593,23581,159
4,0,-2,5701,21690,159
5,0,-2,3826,19811,159
6,0,-2,1946,17936,159
7,0,-2,61,16089,159
--- ---DELTA MATERIALIZED
patch_start,patch_end,offset,limit,count-ms,lookup-mus,results
0,1,0,-2,11529,28439,318
0,2,0,-2,9504,28738,424
0,3,0,-2,7596,28892,424
0,4,0,-2,5695,29018,371
0,5,0,-2,3824,28960,424
0,6,0,-2,1925,29264,424
0,7,0,-2,36,29570,424
1,2,0,-2,20950,28273,212
1,3,0,-2,19054,28869,424
1,4,0,-2,17150,29241,371
1,5,0,-2,15310,29514,424
1,6,0,-2,13379,29757,424
1,7,0,-2,11518,29937,424
2,3,0,-2,17038,28861,318
2,4,0,-2,15176,29019,477
2,5,0,-2,13264,29451,530
2,6,0,-2,11470,31367,530
2,7,0,-2,9600,29850,530
3,4,0,-2,13385,29237,371
3,5,0,-2,11425,29777,530
3,6,0,-2,9565,29785,530
3,7,0,-2,7651,30081,530
4,5,0,-2,9488,29242,265
4,6,0,-2,7653,29733,477
4,7,0,-2,5767,29796,477
5,6,0,-2,5712,29515,318
5,7,0,-2,3857,29885,530
6,7,0,-2,1947,29657,318
--- ---VERSION
offset,limit,count-ms,lookup-mus,results
0,-2,7,44290,1272
---PATTERN START:  http://swat.cse.lehigh.edu/resources/onto/aigp.owl#inUniversity http://aigp.csres.utexas.edu/~aigp/school/show/90.
--- ---VERSION MATERIALIZED
patch,offset,limit,count-ms,lookup-mus,results
0,0,-2,6,275,168
1,0,-2,12698,31149,168
2,0,-2,10409,27524,168
3,0,-2,8285,25218,168
4,0,-2,6264,23262,168
5,0,-2,4221,21543,168
6,0,-2,2181,19153,168
7,0,-2,55,17169,168
--- ---DELTA MATERIALIZED
patch_start,patch_end,offset,limit,count-ms,lookup-mus,results
0,1,0,-2,12384,31014,336
0,2,0,-2,10297,31089,448
0,3,0,-2,8262,31275,448
0,4,0,-2,6275,31362,392
0,5,0,-2,4223,31460,448
0,6,0,-2,2174,31785,448
0,7,0,-2,40,31779,448
1,2,0,-2,22655,30894,224
1,3,0,-2,20602,31440,448
1,4,0,-2,18566,31621,392
1,5,0,-2,16558,31592,448
1,6,0,-2,14522,31929,448
1,7,0,-2,12373,32168,448
2,3,0,-2,18523,31283,336
2,4,0,-2,16534,31800,504
2,5,0,-2,14492,32083,560
2,6,0,-2,12541,32353,560
2,7,0,-2,10335,32505,560
3,4,0,-2,14501,31312,392
3,5,0,-2,12453,31987,560
3,6,0,-2,10474,32135,560
3,7,0,-2,8293,32295,560
4,5,0,-2,10456,31449,280
4,6,0,-2,8415,31960,504
4,7,0,-2,6328,32506,504
5,6,0,-2,6380,31770,336
5,7,0,-2,4270,32550,560
6,7,0,-2,2194,31905,336
--- ---VERSION
offset,limit,count-ms,lookup-mus,results
0,-2,10,48069,1344
---PATTERN START:  http://www.w3.org/1999/02/22-rdf-syntax-ns#type http://purl.org/ontology/bibo/Journal.
--- ---VERSION MATERIALIZED
patch,offset,limit,count-ms,lookup-mus,results
0,0,-2,6,143,101
1,0,-2,2870,6213,124
2,0,-2,2767,5624,124
3,0,-2,2773,5682,124
4,0,-2,2806,5691,124
5,0,-2,55,4395,200
6,0,-2,1569,4523,183
7,0,-2,226,4559,203
--- ---DELTA MATERIALIZED
patch_start,patch_end,offset,limit,count-ms,lookup-mus,results
0,1,0,-2,2786,3117,23
0,2,0,-2,2811,3146,23
0,3,0,-2,2853,3185,23
0,4,0,-2,2834,3155,23
0,5,0,-2,51,3307,181
0,6,0,-2,1580,3266,164
0,7,0,-2,221,3273,184
1,2,0,-2,5518,3040,0
1,3,0,-2,5503,3038,0
1,4,0,-2,5510,3046,2
1,5,0,-2,2830,3203,164
1,6,0,-2,4291,3283,185
1,7,0,-2,3055,3298,163
2,3,0,-2,5633,3148,0
2,4,0,-2,5647,3147,2
2,5,0,-2,2893,3211,164
2,6,0,-2,4293,3220,185
2,7,0,-2,2984,3280,163
3,4,0,-2,5664,3154,2
3,5,0,-2,2891,3299,164
3,6,0,-2,4406,3251,185
3,7,0,-2,3008,3201,163
4,5,0,-2,2809,3283,164
4,6,0,-2,4400,3321,183
4,7,0,-2,3063,3224,161
5,6,0,-2,1584,3017,23
5,7,0,-2,264,3058,5
6,7,0,-2,1804,3105,22
--- ---VERSION
offset,limit,count-ms,lookup-mus,results
0,-2,5,5748,206
---PATTERN START:  http://purl.org/dc/dcam/memberOf http://www.esd.org.uk/standards/egms/3.0/egms-schema#IPSV.
--- ---VERSION MATERIALIZED
patch,offset,limit,count-ms,lookup-mus,results
0,0,-2,5,332,233
1,0,-2,15899,41201,226
2,0,-2,15575,39086,218
3,0,-2,12983,36582,231
4,0,-2,15662,39268,227
5,0,-2,7650,31243,232
6,0,-2,4954,28470,192
7,0,-2,2178,25769,209
--- ---DELTA MATERIALIZED
patch_start,patch_end,offset,limit,count-ms,lookup-mus,results
0,1,0,-2,15547,38863,459
0,2,0,-2,15476,38670,460
0,3,0,-2,12989,38907,473
0,4,0,-2,15641,39178,460
0,5,0,-2,7737,39499,474
0,6,0,-2,4934,39520,434
0,7,0,-2,2148,39824,451
1,2,0,-2,31034,38961,435
1,3,0,-2,28562,39277,466
1,4,0,-2,31224,39551,453
1,5,0,-2,23188,40103,467
1,6,0,-2,20477,40402,427
1,7,0,-2,17686,40470,444
2,3,0,-2,28443,39271,449
2,4,0,-2,31162,39586,454
2,5,0,-2,23157,39827,468
2,6,0,-2,20409,39943,428
2,7,0,-2,17636,40346,445
3,4,0,-2,28651,39469,467
3,5,0,-2,20595,39899,481
3,6,0,-2,17893,40051,441
3,7,0,-2,15110,40272,458
4,5,0,-2,23627,39838,450
4,6,0,-2,20576,40059,428
4,7,0,-2,17791,40281,445
5,6,0,-2,12568,39950,424
5,7,0,-2,9787,40414,459
6,7,0,-2,7073,40281,401
--- ---VERSION
offset,limit,count-ms,lookup-mus,results
0,-2,10,59865,1768
---PATTERN START:  http://www.w3.org/1999/02/22-rdf-syntax-ns#value http://www.esd.org.uk/standards/ipsv/2.00/ipsv-schema#RoadTransport.
--- ---VERSION MATERIALIZED
patch,offset,limit,count-ms,lookup-mus,results
0,0,-2,4,196,119
1,0,-2,8221,19956,115
2,0,-2,8007,19635,112
3,0,-2,6496,18163,123
4,0,-2,8184,19886,115
5,0,-2,3686,15377,121
6,0,-2,11939,13909,83
7,0,-2,897,12513,93
--- ---DELTA MATERIALIZED
patch_start,patch_end,offset,limit,count-ms,lookup-mus,results
0,1,0,-2,8096,19858,234
0,2,0,-2,7923,19948,240
0,3,0,-2,6431,20124,251
0,4,0,-2,8369,20209,234
0,5,0,-2,3643,20314,249
0,6,0,-2,11929,20288,211
0,7,0,-2,886,20412,221
1,2,0,-2,15953,19731,218
1,3,0,-2,14450,20066,247
1,4,0,-2,16118,20330,230
1,5,0,-2,11678,20508,245
1,6,0,-2,19890,21932,207
1,7,0,-2,8920,20436,217
2,3,0,-2,14354,20040,235
2,4,0,-2,16010,20197,236
2,5,0,-2,11568,20567,251
2,6,0,-2,19767,20513,213
2,7,0,-2,8807,20582,223
3,4,0,-2,14567,20381,247
3,5,0,-2,10066,20677,262
3,6,0,-2,18363,20564,224
3,7,0,-2,7353,20737,234
4,5,0,-2,11718,20675,227
4,6,0,-2,19960,20418,207
4,7,0,-2,8963,20646,217
5,6,0,-2,15560,20488,204
5,7,0,-2,4546,20653,232
6,7,0,-2,12774,20606,176
--- ---VERSION
offset,limit,count-ms,lookup-mus,results
0,-2,8,25641,881
---PATTERN START:  http://www.w3.org/1999/02/22-rdf-syntax-ns#type http://www.w3.org/2002/07/owl#DataRange.
--- ---VERSION MATERIALIZED
patch,offset,limit,count-ms,lookup-mus,results
0,0,-2,7,144,88
1,0,-2,10673,12576,88
2,0,-2,3776,11099,108
3,0,-2,8768,10141,71
4,0,-2,8419,9845,100
5,0,-2,1724,8987,109
6,0,-2,895,8158,109
7,0,-2,80,7339,109
--- ---DELTA MATERIALIZED
patch_start,patch_end,offset,limit,count-ms,lookup-mus,results
0,1,0,-2,10467,12793,136
0,2,0,-2,3713,12899,174
0,3,0,-2,8750,12351,142
0,4,0,-2,8497,12984,148
0,5,0,-2,1698,13099,179
0,6,0,-2,875,13158,182
0,7,0,-2,55,13272,182
1,2,0,-2,14253,12838,98
1,3,0,-2,19254,12438,142
1,4,0,-2,18930,13054,148
1,5,0,-2,12175,13205,175
1,6,0,-2,11343,13302,178
1,7,0,-2,10558,13385,178
2,3,0,-2,12564,12357,104
2,4,0,-2,12436,13132,186
2,5,0,-2,5413,13319,213
2,6,0,-2,4596,13365,216
2,7,0,-2,3763,13477,216
3,4,0,-2,17193,13058,130
3,5,0,-2,10556,13216,181
3,6,0,-2,9617,13300,184
3,7,0,-2,8883,13407,184
4,5,0,-2,10119,13108,111
4,6,0,-2,9384,13331,190
4,7,0,-2,8468,13427,190
5,6,0,-2,2569,13251,139
5,7,0,-2,1747,13485,217
6,7,0,-2,927,13325,138
--- ---VERSION
offset,limit,count-ms,lookup-mus,results
0,-2,5,18558,537
---PATTERN START:  http://xmlns.com/foaf/0.1/interest http://www.w3.org/RDF/.
--- ---VERSION MATERIALIZED
patch,offset,limit,count-ms,lookup-mus,results
0,0,-2,6,155,107
1,0,-2,1164,4922,107
2,0,-2,1044,4335,110
3,0,-2,990,4267,110
4,0,-2,927,4242,111
5,0,-2,877,4194,126
6,0,-2,810,4112,111
7,0,-2,762,4073,111
--- ---DELTA MATERIALIZED
patch_start,patch_end,offset,limit,count-ms,lookup-mus,results
0,1,0,-2,1100,1434,10
0,2,0,-2,1027,1444,13
0,3,0,-2,962,1467,15
0,4,0,-2,919,1466,14
0,5,0,-2,855,1504,29
0,6,0,-2,794,1492,14
0,7,0,-2,745,1497,14
1,2,0,-2,2122,1442,9
1,3,0,-2,2059,1460,15
1,4,0,-2,2014,1470,14
1,5,0,-2,1955,1517,29
1,6,0,-2,1892,1508,14
1,7,0,-2,1841,1510,14
2,3,0,-2,1982,1458,12
2,4,0,-2,1941,1474,15
2,5,0,-2,1889,1528,30
2,6,0,-2,1823,1513,15
2,7,0,-2,1769,1520,15
3,4,0,-2,1884,1477,13
3,5,0,-2,1831,1535,30
3,6,0,-2,1762,1516,15
3,7,0,-2,1705,1522,15
4,5,0,-2,1771,1522,25
4,6,0,-2,1711,1508,14
4,7,0,-2,1656,1514,14
5,6,0,-2,1649,1518,25
5,7,0,-2,1593,1531,29
6,7,0,-2,1531,1538,10
--- ---VERSION
offset,limit,count-ms,lookup-mus,results
0,-2,719,4870,160
---PATTERN START:  http://swat.cse.lehigh.edu/resources/onto/aigp.owl#inUniversity http://aigp.csres.utexas.edu/~aigp/school/show/240.
--- ---VERSION MATERIALIZED
patch,offset,limit,count-ms,lookup-mus,results
0,0,-2,7,279,168
1,0,-2,12468,31005,168
2,0,-2,10087,27137,168
3,0,-2,8063,25037,168
4,0,-2,6059,23090,168
5,0,-2,4088,21270,168
6,0,-2,2056,19064,168
7,0,-2,50,17471,168
--- ---DELTA MATERIALIZED
patch_start,patch_end,offset,limit,count-ms,lookup-mus,results
0,1,0,-2,12227,30271,336
0,2,0,-2,10049,30603,448
0,3,0,-2,8037,30752,448
0,4,0,-2,6034,30521,392
0,5,0,-2,4051,30925,448
0,6,0,-2,2046,31155,448
0,7,0,-2,34,31161,448
1,2,0,-2,22256,30101,224
1,3,0,-2,20209,30699,448
1,4,0,-2,18329,30828,392
1,5,0,-2,16236,31370,448
1,6,0,-2,14226,31316,448
1,7,0,-2,12230,31764,448
2,3,0,-2,18102,30812,336
2,4,0,-2,16088,31617,504
2,5,0,-2,14089,31371,560
2,6,0,-2,12081,31776,560
2,7,0,-2,10154,31911,560
3,4,0,-2,14070,31113,392
3,5,0,-2,12151,31677,560
3,6,0,-2,10143,31886,560
3,7,0,-2,8088,31857,560
4,5,0,-2,10085,30890,280
4,6,0,-2,8140,31790,504
4,7,0,-2,6094,31952,504
5,6,0,-2,6143,31462,336
5,7,0,-2,4080,31853,560
6,7,0,-2,2087,31507,336
--- ---VERSION
offset,limit,count-ms,lookup-mus,results
0,-2,7,46932,1344
---PATTERN START:  http://www.w3.org/1999/xhtml/vocab#stylesheet http://www.belfast-gazette.co.uk/Styles/gazettes.css.
--- ---VERSION MATERIALIZED
patch,offset,limit,count-ms,lookup-mus,results
0,0,-2,4,185,126
1,0,-2,1862,6768,127
2,0,-2,1834,6514,123
3,0,-2,2143,6758,128
4,0,-2,2003,6717,109
5,0,-2,1813,6376,108
6,0,-2,1822,6239,112
7,0,-2,255,6214,116
--- ---DELTA MATERIALIZED
patch_start,patch_end,offset,limit,count-ms,lookup-mus,results
0,1,0,-2,1817,2537,33
0,2,0,-2,1844,2603,65
0,3,0,-2,2119,2716,96
0,4,0,-2,2010,2771,139
0,5,0,-2,1804,2846,169
0,6,0,-2,1808,2919,206
0,7,0,-2,246,3026,234
1,2,0,-2,3666,2581,36
1,3,0,-2,3935,2692,65
1,4,0,-2,3827,2766,112
1,5,0,-2,3622,2833,141
1,6,0,-2,3611,2923,177
1,7,0,-2,2053,3047,211
2,3,0,-2,3959,2649,37
2,4,0,-2,3848,2719,86
2,5,0,-2,3652,2787,115
2,6,0,-2,3641,2888,145
2,7,0,-2,2084,2996,179
3,4,0,-2,4123,2666,51
3,5,0,-2,3951,2740,82
3,6,0,-2,3920,2841,118
3,7,0,-2,2362,2949,148
4,5,0,-2,3802,2673,43
4,6,0,-2,3815,2761,75
4,7,0,-2,2255,2870,103
5,6,0,-2,3609,2716,46
5,7,0,-2,2045,2811,74
6,7,0,-2,2045,2756,36
--- ---VERSION
offset,limit,count-ms,lookup-mus,results
0,-2,5,7701,243
---PATTERN START:  http://swat.cse.lehigh.edu/resources/onto/aigp.owl#inUniversity http://aigp.csres.utexas.edu/~aigp/school/show/244.
--- ---VERSION MATERIALIZED
patch,offset,limit,count-ms,lookup-mus,results
0,0,-2,5,232,186
1,0,-2,13423,33801,186
2,0,-2,10885,29475,186
3,0,-2,8718,27301,186
4,0,-2,6528,25107,186
5,0,-2,4346,22956,186
6,0,-2,2211,20809,186
7,0,-2,53,18762,186
--- ---DELTA MATERIALIZED
patch_start,patch_end,offset,limit,count-ms,lookup-mus,results
0,1,0,-2,13238,33393,372
0,2,0,-2,10866,33702,496
0,3,0,-2,8681,33985,496
0,4,0,-2,6509,34064,434
0,5,0,-2,4312,34021,496
0,6,0,-2,3061,34353,496
0,7,0,-2,39,34304,496
1,2,0,-2,24067,33299,248
1,3,0,-2,21937,34133,496
1,4,0,-2,19682,34299,434
1,5,0,-2,17480,34623,496
1,6,0,-2,15388,34865,496
1,7,0,-2,13189,34982,496
2,3,0,-2,19555,33902,372
2,4,0,-2,17389,35397,558
2,5,0,-2,15185,34787,620
2,6,0,-2,13151,35004,620
2,7,0,-2,10900,35176,620
3,4,0,-2,15183,34029,434
3,5,0,-2,12998,34736,620
3,6,0,-2,10927,35071,620
3,7,0,-2,8726,35296,620
4,5,0,-2,10827,34382,310
4,6,0,-2,8682,34949,558
4,7,0,-2,6587,35284,558
5,6,0,-2,6530,34720,372
5,7,0,-2,4348,35266,620
6,7,0,-2,2223,34693,372
--- ---VERSION
offset,limit,count-ms,lookup-mus,results
0,-2,7,53463,1488
