---PATTERN START: http://d.opencalais.com/er/company/ralg-tr1r/7ada1395-723c-3efa-82f0-f86cf4807062  .
--- ---VERSION MATERIALIZED
patch,offset,limit,count-ms,lookup-mus,results
0,0,-2,6,127,52
1,0,-2,1678,2862,83
2,0,-2,1583,2690,73
3,0,-2,1609,2730,78
4,0,-2,1605,2739,84
5,0,-2,1602,2735,81
6,0,-2,1596,2725,80
7,0,-2,1593,2727,84
--- ---DELTA MATERIALIZED
patch_start,patch_end,offset,limit,count-ms,lookup-mus,results
0,1,0,-2,1598,3203,62
0,2,0,-2,1582,3266,54
0,3,0,-2,1606,3250,50
0,4,0,-2,1632,3312,59
0,5,0,-2,1684,3285,53
0,6,0,-2,1625,3282,45
0,7,0,-2,1691,3286,45
1,2,0,-2,3251,3328,68
1,3,0,-2,3245,3285,50
1,4,0,-2,3249,3342,60
1,5,0,-2,3213,3365,58
1,6,0,-2,3240,3394,68
1,7,0,-2,3219,3389,56
2,3,0,-2,3221,3324,68
2,4,0,-2,3201,3340,58
2,5,0,-2,3202,3374,68
2,6,0,-2,3219,3334,58
2,7,0,-2,3213,3371,68
3,4,0,-2,3229,3243,58
3,5,0,-2,3182,3215,54
3,6,0,-2,3207,3247,56
3,7,0,-2,3204,3255,56
4,5,0,-2,3157,3181,56
4,6,0,-2,3189,3214,66
4,7,0,-2,3185,3268,70
5,6,0,-2,3208,3255,58
5,7,0,-2,3213,3260,54
6,7,0,-2,3204,3217,56
--- ---VERSION
offset,limit,count-ms,lookup-mus,results
0,-2,6,4535,174
---PATTERN START: http://d.opencalais.com/er/company/ralg-tr1r/bfb2f874-c4fe-3e67-b22f-57148962f952  .
--- ---VERSION MATERIALIZED
patch,offset,limit,count-ms,lookup-mus,results
0,0,-2,4,112,56
1,0,-2,2053,3192,93
2,0,-2,1899,3064,84
3,0,-2,1948,3146,92
4,0,-2,1952,3178,89
5,0,-2,1950,3165,93
6,0,-2,1955,3177,91
7,0,-2,1964,3179,91
--- ---DELTA MATERIALIZED
patch_start,patch_end,offset,limit,count-ms,lookup-mus,results
0,1,0,-2,1997,3896,74
0,2,0,-2,1911,3898,68
0,3,0,-2,1964,3877,68
0,4,0,-2,1973,3871,59
0,5,0,-2,1963,3936,63
0,6,0,-2,1979,3923,54
0,7,0,-2,1982,3906,48
1,2,0,-2,3862,3970,82
1,3,0,-2,3921,3948,70
1,4,0,-2,3924,3963,58
1,5,0,-2,3928,4025,60
1,6,0,-2,3931,4064,68
1,7,0,-2,3932,4031,68
2,3,0,-2,3877,3963,76
2,4,0,-2,3868,4109,68
2,5,0,-2,3896,4081,80
2,6,0,-2,3888,4069,64
2,7,0,-2,3883,4030,66
3,4,0,-2,3924,3980,72
3,5,0,-2,3920,4029,70
3,6,0,-2,3938,4058,68
3,7,0,-2,3933,4054,70
4,5,0,-2,3929,3983,68
4,6,0,-2,3924,4021,62
4,7,0,-2,3933,4068,68
5,6,0,-2,3931,4077,78
5,7,0,-2,3914,4036,70
6,7,0,-2,3927,4037,64
--- ---VERSION
offset,limit,count-ms,lookup-mus,results
0,-2,6,5398,204
---PATTERN START: http://d.opencalais.com/er/company/ralg-tr1r/b153a812-f800-3b38-945e-63991fcec62a  .
--- ---VERSION MATERIALIZED
patch,offset,limit,count-ms,lookup-mus,results
0,0,-2,4,98,48
1,0,-2,1905,3078,84
2,0,-2,1891,3001,87
3,0,-2,1887,2995,88
4,0,-2,1890,2992,88
5,0,-2,1879,2982,86
6,0,-2,1881,3000,82
7,0,-2,1930,3068,87
--- ---DELTA MATERIALIZED
patch_start,patch_end,offset,limit,count-ms,lookup-mus,results
0,1,0,-2,1904,3779,68
0,2,0,-2,1880,3803,74
0,3,0,-2,1883,3822,75
0,4,0,-2,1885,3804,73
0,5,0,-2,1882,3795,65
0,6,0,-2,1877,3822,54
0,7,0,-2,1940,3853,55
1,2,0,-2,3787,3814,66
1,3,0,-2,3784,3834,68
1,4,0,-2,3768,3858,74
1,5,0,-2,3785,3893,68
1,6,0,-2,3771,3928,60
1,7,0,-2,3831,3963,68
2,3,0,-2,3785,3825,68
2,4,0,-2,3769,3849,66
2,5,0,-2,3770,3904,68
2,6,0,-2,3785,3990,64
2,7,0,-2,3822,3972,72
3,4,0,-2,3739,3860,70
3,5,0,-2,3769,3880,70
3,6,0,-2,3772,3935,66
3,7,0,-2,3839,3980,70
4,5,0,-2,3779,3904,64
4,6,0,-2,3764,3896,70
4,7,0,-2,3825,3936,66
5,6,0,-2,3777,3930,64
5,7,0,-2,3829,3948,62
6,7,0,-2,3826,3902,62
--- ---VERSION
offset,limit,count-ms,lookup-mus,results
0,-2,5,5479,205
---PATTERN START: http://d.opencalais.com/er/company/ralg-tr1r/a2472e23-94d8-38e1-9d31-f5d7dd336eaa  .
--- ---VERSION MATERIALIZED
patch,offset,limit,count-ms,lookup-mus,results
0,0,-2,4,110,58
1,0,-2,2305,3582,101
2,0,-2,2248,3536,100
3,0,-2,2250,3517,101
4,0,-2,2245,3515,101
5,0,-2,2241,3533,105
6,0,-2,2261,3537,101
7,0,-2,2240,3521,98
--- ---DELTA MATERIALIZED
patch_start,patch_end,offset,limit,count-ms,lookup-mus,results
0,1,0,-2,2279,4449,82
0,2,0,-2,2268,4462,80
0,3,0,-2,2264,4493,81
0,4,0,-2,2255,4492,78
0,5,0,-2,2281,4513,80
0,6,0,-2,2271,4532,70
0,7,0,-2,2258,4544,56
1,2,0,-2,4490,4504,78
1,3,0,-2,4525,4522,74
1,4,0,-2,4471,4561,82
1,5,0,-2,4486,4604,78
1,6,0,-2,4493,4672,86
1,7,0,-2,4467,4698,84
2,3,0,-2,4489,4540,62
2,4,0,-2,4488,4565,82
2,5,0,-2,4501,4662,82
2,6,0,-2,4511,4688,84
2,7,0,-2,4466,4656,76
3,4,0,-2,4494,4533,68
3,5,0,-2,4499,4646,86
3,6,0,-2,4502,4689,88
3,7,0,-2,4473,4669,76
4,5,0,-2,4503,4597,82
4,6,0,-2,4503,4684,88
4,7,0,-2,4488,4694,74
5,6,0,-2,4489,4642,82
5,7,0,-2,4489,4650,72
6,7,0,-2,4479,4684,84
--- ---VERSION
offset,limit,count-ms,lookup-mus,results
0,-2,5,6141,235
---PATTERN START: http://d.opencalais.com/er/company/ralg-tr1r/96cc2627-e55b-39a8-a027-b600c57e40f6  .
--- ---VERSION MATERIALIZED
patch,offset,limit,count-ms,lookup-mus,results
0,0,-2,3,132,73
1,0,-2,2439,4057,119
2,0,-2,2294,3980,115
3,0,-2,2300,3976,109
4,0,-2,2311,4009,121
5,0,-2,2245,3904,110
6,0,-2,2308,3998,121
7,0,-2,2299,3982,115
--- ---DELTA MATERIALIZED
patch_start,patch_end,offset,limit,count-ms,lookup-mus,results
0,1,0,-2,2308,4627,92
0,2,0,-2,2373,4623,84
0,3,0,-2,2375,4610,71
0,4,0,-2,2370,4662,88
0,5,0,-2,2306,4687,74
0,6,0,-2,2363,4627,76
0,7,0,-2,2344,4609,60
1,2,0,-2,4696,4700,92
1,3,0,-2,4705,6041,86
1,4,0,-2,4721,4728,90
1,5,0,-2,4641,4783,94
1,6,0,-2,4699,4755,82
1,7,0,-2,4740,4784,80
2,3,0,-2,4725,4682,88
2,4,0,-2,4690,4684,86
2,5,0,-2,4650,4768,84
2,6,0,-2,4712,4791,88
2,7,0,-2,4721,4795,92
3,4,0,-2,4686,4689,80
3,5,0,-2,4639,4809,98
3,6,0,-2,4698,4771,78
3,7,0,-2,4723,4779,82
4,5,0,-2,4624,4767,94
4,6,0,-2,4716,4755,82
4,7,0,-2,4732,4844,92
5,6,0,-2,4679,4749,80
5,7,0,-2,4634,4763,92
6,7,0,-2,4696,4761,74
--- ---VERSION
offset,limit,count-ms,lookup-mus,results
0,-2,8,6484,237
---PATTERN START: http://d.opencalais.com/er/company/ralg-tr1r/6c4a7301-1fc1-34c3-8139-90bfafe561e3  .
--- ---VERSION MATERIALIZED
patch,offset,limit,count-ms,lookup-mus,results
0,0,-2,5,101,62
1,0,-2,2191,3401,102
2,0,-2,2042,3244,95
3,0,-2,2115,3398,99
4,0,-2,2184,3438,99
5,0,-2,2127,3371,97
6,0,-2,2122,3378,100
7,0,-2,2122,3371,96
--- ---DELTA MATERIALIZED
patch_start,patch_end,offset,limit,count-ms,lookup-mus,results
0,1,0,-2,2154,4057,80
0,2,0,-2,2052,4005,78
0,3,0,-2,2140,4003,73
0,4,0,-2,2186,4006,71
0,5,0,-2,2167,4058,62
0,6,0,-2,2144,4070,63
0,7,0,-2,2130,4047,48
1,2,0,-2,4137,4013,68
1,3,0,-2,4238,4044,64
1,4,0,-2,4308,4135,82
1,5,0,-2,4297,4167,78
1,6,0,-2,4312,4196,76
1,7,0,-2,4185,4168,76
2,3,0,-2,4155,4058,82
2,4,0,-2,4213,4158,84
2,5,0,-2,4199,4173,74
2,6,0,-2,4194,4190,86
2,7,0,-2,4134,4172,76
3,4,0,-2,4292,4092,64
3,5,0,-2,4299,4169,74
3,6,0,-2,4296,4171,66
3,7,0,-2,4222,4189,84
4,5,0,-2,4296,4102,72
4,6,0,-2,4347,4191,78
4,7,0,-2,4348,4211,80
5,6,0,-2,4299,4146,80
5,7,0,-2,4220,4177,70
6,7,0,-2,4234,4205,74
--- ---VERSION
offset,limit,count-ms,lookup-mus,results
0,-2,5,5566,220
---PATTERN START: http://d.opencalais.com/er/company/ralg-tr1r/9d30b752-24ba-3259-8658-1ecedbd1b8fe  .
--- ---VERSION MATERIALIZED
patch,offset,limit,count-ms,lookup-mus,results
0,0,-2,4,96,59
1,0,-2,2039,3214,88
2,0,-2,1993,3177,96
3,0,-2,1971,3180,94
4,0,-2,1979,3173,99
5,0,-2,1978,3165,94
6,0,-2,1965,3165,96
7,0,-2,1969,3164,93
--- ---DELTA MATERIALIZED
patch_start,patch_end,offset,limit,count-ms,lookup-mus,results
0,1,0,-2,2002,3808,58
0,2,0,-2,2011,3857,74
0,3,0,-2,1995,3835,69
0,4,0,-2,1984,3862,76
0,5,0,-2,1977,3870,63
0,6,0,-2,2007,3921,64
0,7,0,-2,2000,3904,51
1,2,0,-2,3977,3889,72
1,3,0,-2,3968,3892,72
1,4,0,-2,3950,3961,74
1,5,0,-2,3947,3977,64
1,6,0,-2,3945,4036,72
1,7,0,-2,3926,4039,70
2,3,0,-2,3941,3872,60
2,4,0,-2,3950,3921,70
2,5,0,-2,3959,3972,72
2,6,0,-2,3954,4036,80
2,7,0,-2,3945,4029,66
3,4,0,-2,3937,3925,68
3,5,0,-2,3949,3958,68
3,6,0,-2,3946,4009,66
3,7,0,-2,3950,4038,78
4,5,0,-2,3944,3963,68
4,6,0,-2,3967,3963,72
4,7,0,-2,3947,3999,74
5,6,0,-2,3951,3995,62
5,7,0,-2,3929,4014,64
6,7,0,-2,3927,3993,78
--- ---VERSION
offset,limit,count-ms,lookup-mus,results
0,-2,5,5271,212
---PATTERN START: http://d.opencalais.com/er/company/ralg-tr1r/f0665d5d-3ce0-3bb7-b0ac-9dfec0b8e236  .
--- ---VERSION MATERIALIZED
patch,offset,limit,count-ms,lookup-mus,results
0,0,-2,4,87,53
1,0,-2,1803,2869,89
2,0,-2,1736,2755,83
3,0,-2,1731,2750,90
4,0,-2,1730,2752,86
5,0,-2,1728,2747,85
6,0,-2,1726,2744,85
7,0,-2,1726,2740,82
--- ---DELTA MATERIALIZED
patch_start,patch_end,offset,limit,count-ms,lookup-mus,results
0,1,0,-2,1772,3520,72
0,2,0,-2,1739,3486,60
0,3,0,-2,1744,3522,70
0,4,0,-2,1751,3511,62
0,5,0,-2,1736,3481,58
0,6,0,-2,1738,3494,54
0,7,0,-2,1733,3507,44
1,2,0,-2,3508,3540,70
1,3,0,-2,3507,3560,64
1,4,0,-2,3493,3616,64
1,5,0,-2,3494,3565,66
1,6,0,-2,3475,3584,68
1,7,0,-2,3474,3654,70
2,3,0,-2,3501,3547,60
2,4,0,-2,3506,3580,64
2,5,0,-2,3443,3553,58
2,6,0,-2,3474,3588,64
2,7,0,-2,3484,3636,68
3,4,0,-2,3497,3583,64
3,5,0,-2,3511,3604,66
3,6,0,-2,3510,3580,62
3,7,0,-2,3493,3597,60
4,5,0,-2,3475,3593,62
4,6,0,-2,3509,3626,68
4,7,0,-2,3519,3638,62
5,6,0,-2,3460,3568,60
5,7,0,-2,3475,3579,58
6,7,0,-2,3481,3626,58
--- ---VERSION
offset,limit,count-ms,lookup-mus,results
0,-2,5,4701,192
---PATTERN START: http://d.opencalais.com/er/company/ralg-tr1r/05b2aa5c-3612-3eae-a9d4-9456fd96d7af  .
--- ---VERSION MATERIALIZED
patch,offset,limit,count-ms,lookup-mus,results
0,0,-2,3,90,56
1,0,-2,1933,3104,97
2,0,-2,1857,3066,95
3,0,-2,1863,3039,94
4,0,-2,1872,3042,95
5,0,-2,1869,3039,95
6,0,-2,1908,3032,92
7,0,-2,1866,3023,93
--- ---DELTA MATERIALIZED
patch_start,patch_end,offset,limit,count-ms,lookup-mus,results
0,1,0,-2,1890,3761,81
0,2,0,-2,1880,3764,77
0,3,0,-2,1883,3790,74
0,4,0,-2,1885,3788,73
0,5,0,-2,1882,3796,71
0,6,0,-2,1874,3813,60
0,7,0,-2,1886,3830,54
1,2,0,-2,3785,3787,68
1,3,0,-2,3779,3834,76
1,4,0,-2,3727,3846,74
1,5,0,-2,3729,3869,72
1,6,0,-2,3746,3935,74
1,7,0,-2,3779,3971,78
2,3,0,-2,3758,3829,80
2,4,0,-2,3729,3846,64
2,5,0,-2,3729,3873,68
2,6,0,-2,3772,3913,58
2,7,0,-2,3777,3959,74
3,4,0,-2,3757,3855,74
3,5,0,-2,3737,3860,68
3,6,0,-2,3731,3911,70
3,7,0,-2,3772,3962,68
4,5,0,-2,3762,3909,70
4,6,0,-2,3733,3889,66
4,7,0,-2,3724,3912,62
5,6,0,-2,3757,3944,78
5,7,0,-2,3770,3953,76
6,7,0,-2,3731,3923,76
--- ---VERSION
offset,limit,count-ms,lookup-mus,results
0,-2,5,5055,205
---PATTERN START: http://d.opencalais.com/er/company/ralg-tr1r/83e19a8c-6272-3609-9ddf-df7bb5be2f88  .
--- ---VERSION MATERIALIZED
patch,offset,limit,count-ms,lookup-mus,results
0,0,-2,4,114,57
1,0,-2,1974,3276,97
2,0,-2,1828,3061,87
3,0,-2,1891,3181,93
4,0,-2,1894,3178,89
5,0,-2,1894,3210,87
6,0,-2,1896,3193,94
7,0,-2,1846,3131,93
--- ---DELTA MATERIALIZED
patch_start,patch_end,offset,limit,count-ms,lookup-mus,results
0,1,0,-2,1922,3803,80
0,2,0,-2,1828,3843,72
0,3,0,-2,1916,3830,70
0,4,0,-2,1907,3832,61
0,5,0,-2,1893,3794,53
0,6,0,-2,1896,3817,58
0,7,0,-2,1845,3839,54
1,2,0,-2,3774,3878,68
1,3,0,-2,3812,3902,76
1,4,0,-2,3826,3919,72
1,5,0,-2,3778,3910,70
1,6,0,-2,3797,3926,70
1,7,0,-2,3745,3973,63
2,3,0,-2,3742,3896,68
2,4,0,-2,3732,3907,70
2,5,0,-2,3716,3901,74
2,6,0,-2,3719,3945,76
2,7,0,-2,3706,3992,73
3,4,0,-2,3825,3918,68
3,5,0,-2,3787,3927,76
3,6,0,-2,3794,3920,62
3,7,0,-2,3806,3959,65
4,5,0,-2,3820,3945,66
4,6,0,-2,3834,3982,74
4,7,0,-2,3724,3938,67
5,6,0,-2,3794,3937,80
5,7,0,-2,3741,3985,67
6,7,0,-2,3763,3996,77
--- ---VERSION
offset,limit,count-ms,lookup-mus,results
0,-2,6,5313,202
---PATTERN START: http://d.opencalais.com/er/company/ralg-tr1r/b3269092-2d30-32c4-a614-74861864cb15  .
--- ---VERSION MATERIALIZED
patch,offset,limit,count-ms,lookup-mus,results
0,0,-2,4,79,53
1,0,-2,1971,3098,83
2,0,-2,1796,2862,84
3,0,-2,1876,3018,87
4,0,-2,1875,2961,85
5,0,-2,1792,2865,80
6,0,-2,1841,2941,86
7,0,-2,1884,2988,85
--- ---DELTA MATERIALIZED
patch_start,patch_end,offset,limit,count-ms,lookup-mus,results
0,1,0,-2,1934,3648,60
0,2,0,-2,1817,3702,74
0,3,0,-2,1888,3668,67
0,4,0,-2,1890,3672,62
0,5,0,-2,1816,3710,64
0,6,0,-2,1855,3721,58
0,7,0,-2,1909,3713,50
1,2,0,-2,3748,3728,72
1,3,0,-2,3803,3694,52
1,4,0,-2,3798,3735,66
1,5,0,-2,3758,3806,64
1,6,0,-2,3783,3840,72
1,7,0,-2,3803,3819,58
2,3,0,-2,3691,3719,72
2,4,0,-2,3693,3750,70
2,5,0,-2,3610,3803,64
2,6,0,-2,3662,3845,70
2,7,0,-2,3682,3827,64
3,4,0,-2,3782,3742,68
3,5,0,-2,3693,3771,68
3,6,0,-2,3736,3828,62
3,7,0,-2,3764,3920,66
4,5,0,-2,3719,3772,60
4,6,0,-2,3735,3781,62
4,7,0,-2,3763,3793,56
5,6,0,-2,3661,3837,70
5,7,0,-2,3693,3838,66
6,7,0,-2,3737,3790,68
--- ---VERSION
offset,limit,count-ms,lookup-mus,results
0,-2,5,4907,199
---PATTERN START: http://d.opencalais.com/er/company/ralg-tr1r/29ded604-539e-39dc-a04c-878bfd936337  .
--- ---VERSION MATERIALIZED
patch,offset,limit,count-ms,lookup-mus,results
0,0,-2,4,95,55
1,0,-2,2033,3123,96
2,0,-2,1976,3086,96
3,0,-2,1987,3091,94
4,0,-2,2000,3122,96
5,0,-2,1955,3139,94
6,0,-2,1964,3160,96
7,0,-2,1963,3123,96
--- ---DELTA MATERIALIZED
patch_start,patch_end,offset,limit,count-ms,lookup-mus,results
0,1,0,-2,1987,3948,78
0,2,0,-2,1961,3961,78
0,3,0,-2,1962,3992,74
0,4,0,-2,2007,4001,73
0,5,0,-2,1962,3970,66
0,6,0,-2,1978,3970,64
0,7,0,-2,1974,3969,58
1,2,0,-2,3944,3992,70
1,3,0,-2,3939,4043,70
1,4,0,-2,3981,4062,74
1,5,0,-2,3960,4089,80
1,6,0,-2,3948,4069,74
1,7,0,-2,3914,4113,68
2,3,0,-2,3955,4021,70
2,4,0,-2,3981,4046,76
2,5,0,-2,3945,4045,78
2,6,0,-2,3957,4083,68
2,7,0,-2,3911,4104,66
3,4,0,-2,3985,4064,74
3,5,0,-2,3943,4054,84
3,6,0,-2,3955,4086,76
3,7,0,-2,3956,4130,78
4,5,0,-2,3963,4101,68
4,6,0,-2,3989,4084,74
4,7,0,-2,3983,4081,72
5,6,0,-2,3945,4097,76
5,7,0,-2,3916,4121,72
6,7,0,-2,3951,4089,68
--- ---VERSION
offset,limit,count-ms,lookup-mus,results
0,-2,5,5259,210
---PATTERN START: http://d.opencalais.com/er/company/ralg-tr1r/9616a23c-68ce-31ec-bba9-a60d3a8174dc  .
--- ---VERSION MATERIALIZED
patch,offset,limit,count-ms,lookup-mus,results
0,0,-2,3,111,61
1,0,-2,2073,3270,97
2,0,-2,1929,3129,96
3,0,-2,1978,3197,96
4,0,-2,1993,3300,96
5,0,-2,1975,3293,94
6,0,-2,1974,3178,90
7,0,-2,1975,3203,99
--- ---DELTA MATERIALIZED
patch_start,patch_end,offset,limit,count-ms,lookup-mus,results
0,1,0,-2,1989,3832,72
0,2,0,-2,1982,3885,82
0,3,0,-2,2034,3897,65
0,4,0,-2,2061,3927,65
0,5,0,-2,2065,3937,60
0,6,0,-2,2031,3896,44
0,7,0,-2,2033,3897,49
1,2,0,-2,3992,3916,82
1,3,0,-2,4068,3971,68
1,4,0,-2,4109,5145,76
1,5,0,-2,4368,4032,74
1,6,0,-2,4014,3991,62
1,7,0,-2,4037,4042,76
2,3,0,-2,4051,3974,76
2,4,0,-2,4016,4027,80
2,5,0,-2,4048,4032,84
2,6,0,-2,3984,4003,78
2,7,0,-2,4017,4050,84
3,4,0,-2,4074,4005,68
3,5,0,-2,4077,4034,68
3,6,0,-2,4075,4013,70
3,7,0,-2,4015,4021,70
4,5,0,-2,4033,4023,62
4,6,0,-2,4106,4067,78
4,7,0,-2,4091,4030,62
5,6,0,-2,4027,4010,76
5,7,0,-2,4037,4053,74
6,7,0,-2,4117,4066,70
--- ---VERSION
offset,limit,count-ms,lookup-mus,results
0,-2,7,5430,212
---PATTERN START: http://d.opencalais.com/er/company/ralg-tr1r/241abae4-775e-3c09-aaca-7019f07aa7fe  .
--- ---VERSION MATERIALIZED
patch,offset,limit,count-ms,lookup-mus,results
0,0,-2,4,120,63
1,0,-2,2335,3669,97
2,0,-2,2231,3574,105
3,0,-2,2237,3628,103
4,0,-2,2241,3577,102
5,0,-2,2254,3616,103
6,0,-2,2239,3604,99
7,0,-2,2313,3632,105
--- ---DELTA MATERIALIZED
patch_start,patch_end,offset,limit,count-ms,lookup-mus,results
0,1,0,-2,2259,4460,68
0,2,0,-2,2259,4459,84
0,3,0,-2,2259,4453,78
0,4,0,-2,2261,4495,73
0,5,0,-2,2291,4514,70
0,6,0,-2,2277,4498,57
0,7,0,-2,2329,4479,59
1,2,0,-2,4503,4458,84
1,3,0,-2,4504,4533,82
1,4,0,-2,4525,4581,74
1,5,0,-2,4527,4615,78
1,6,0,-2,4533,4598,78
1,7,0,-2,4541,4640,82
2,3,0,-2,4526,4524,68
2,4,0,-2,4533,4592,80
2,5,0,-2,4544,4585,80
2,6,0,-2,4495,4573,72
2,7,0,-2,4540,4644,78
3,4,0,-2,4537,4602,84
3,5,0,-2,4527,4589,78
3,6,0,-2,4496,4585,78
3,7,0,-2,4561,4653,84
4,5,0,-2,4529,4626,84
4,6,0,-2,4531,4647,70
4,7,0,-2,4540,4613,74
5,6,0,-2,4495,4617,76
5,7,0,-2,4573,4660,80
6,7,0,-2,4579,4614,78
--- ---VERSION
offset,limit,count-ms,lookup-mus,results
0,-2,5,6378,239
---PATTERN START: http://d.opencalais.com/er/company/ralg-tr1r/7ec18c84-7f39-3647-be31-93db49155fd7  .
--- ---VERSION MATERIALIZED
patch,offset,limit,count-ms,lookup-mus,results
0,0,-2,4,111,54
1,0,-2,1880,3094,88
2,0,-2,1794,2947,80
3,0,-2,1833,2999,83
4,0,-2,1834,3032,88
5,0,-2,1840,3032,88
6,0,-2,1835,3025,86
7,0,-2,1835,3019,84
--- ---DELTA MATERIALIZED
patch_start,patch_end,offset,limit,count-ms,lookup-mus,results
0,1,0,-2,1874,3544,68
0,2,0,-2,1806,3630,64
0,3,0,-2,1835,3597,57
0,4,0,-2,1869,3633,64
0,5,0,-2,1889,3631,60
0,6,0,-2,1812,3600,53
0,7,0,-2,1836,3590,44
1,2,0,-2,3637,3619,66
1,3,0,-2,3689,3670,66
1,4,0,-2,3696,3721,74
1,5,0,-2,3695,3726,66
1,6,0,-2,3647,3736,70
1,7,0,-2,3662,3790,74
2,3,0,-2,3635,3663,70
2,4,0,-2,3654,3709,68
2,5,0,-2,3650,3715,60
2,6,0,-2,3606,3703,64
2,7,0,-2,3623,3742,72
3,4,0,-2,3719,3714,70
3,5,0,-2,3715,3720,62
3,6,0,-2,3688,3751,72
3,7,0,-2,3654,3723,64
4,5,0,-2,3674,3690,62
4,6,0,-2,3721,3779,72
4,7,0,-2,3695,3757,68
5,6,0,-2,3718,3711,62
5,7,0,-2,3651,3745,70
6,7,0,-2,3663,3745,62
--- ---VERSION
offset,limit,count-ms,lookup-mus,results
0,-2,5,5146,199
---PATTERN START: http://d.opencalais.com/er/company/ralg-tr1r/dac98c9f-ccac-32f4-ba55-ec6194a30f34  .
--- ---VERSION MATERIALIZED
patch,offset,limit,count-ms,lookup-mus,results
0,0,-2,4,87,55
1,0,-2,2206,3416,98
2,0,-2,2200,3307,95
3,0,-2,2219,3329,93
4,0,-2,2197,3310,94
5,0,-2,2192,3300,95
6,0,-2,2190,3309,92
7,0,-2,2183,3307,96
--- ---DELTA MATERIALIZED
patch_start,patch_end,offset,limit,count-ms,lookup-mus,results
0,1,0,-2,2221,4107,82
0,2,0,-2,2181,4072,76
0,3,0,-2,2227,4052,69
0,4,0,-2,2196,4050,69
0,5,0,-2,2182,4061,66
0,6,0,-2,2186,4110,56
0,7,0,-2,2192,4101,54
1,2,0,-2,4430,4090,74
1,3,0,-2,4464,4093,78
1,4,0,-2,4377,4106,66
1,5,0,-2,4367,4185,78
1,6,0,-2,4369,4253,74
1,7,0,-2,4379,4207,66
2,3,0,-2,4394,4093,80
2,4,0,-2,4376,4127,80
2,5,0,-2,4372,4215,80
2,6,0,-2,4367,4227,80
2,7,0,-2,4378,4235,86
3,4,0,-2,4402,4129,72
3,5,0,-2,4397,4185,70
3,6,0,-2,4394,4224,66
3,7,0,-2,4418,4216,70
4,5,0,-2,4398,4157,74
4,6,0,-2,4404,4193,66
4,7,0,-2,4363,4244,78
5,6,0,-2,4396,4223,80
5,7,0,-2,4345,4182,64
6,7,0,-2,4384,4216,78
--- ---VERSION
offset,limit,count-ms,lookup-mus,results
0,-2,5,5475,219
---PATTERN START: http://d.opencalais.com/er/company/ralg-tr1r/e8393d7b-3e70-3d0a-abe8-165358db317e  .
--- ---VERSION MATERIALIZED
patch,offset,limit,count-ms,lookup-mus,results
0,0,-2,4,87,53
1,0,-2,2058,3136,94
2,0,-2,2001,3008,86
3,0,-2,1979,3059,91
4,0,-2,2000,3030,93
5,0,-2,1991,3033,92
6,0,-2,1985,3024,86
7,0,-2,1985,3021,91
--- ---DELTA MATERIALIZED
patch_start,patch_end,offset,limit,count-ms,lookup-mus,results
0,1,0,-2,2036,3890,78
0,2,0,-2,1994,3813,62
0,3,0,-2,1998,3849,68
0,4,0,-2,2003,3907,71
0,5,0,-2,1996,3934,69
0,6,0,-2,1998,3913,51
0,7,0,-2,1999,3921,51
1,2,0,-2,3942,3856,70
1,3,0,-2,3979,3905,68
1,4,0,-2,3970,3961,68
1,5,0,-2,3971,4012,68
1,6,0,-2,3990,4025,72
1,7,0,-2,3968,4031,72
2,3,0,-2,3966,3893,66
2,4,0,-2,3973,3982,76
2,5,0,-2,3969,4023,78
2,6,0,-2,3965,4030,68
2,7,0,-2,3974,4028,66
3,4,0,-2,3975,3964,68
3,5,0,-2,3991,4002,68
3,6,0,-2,3999,4019,64
3,7,0,-2,3972,4042,70
4,5,0,-2,3939,3967,66
4,6,0,-2,3993,4006,76
4,7,0,-2,3972,4048,76
5,6,0,-2,3971,4030,74
5,7,0,-2,3964,4033,72
6,7,0,-2,3966,4017,72
--- ---VERSION
offset,limit,count-ms,lookup-mus,results
0,-2,6,5160,204
---PATTERN START: http://d.opencalais.com/er/company/ralg-tr1r/d19b6926-3374-3123-a9d9-bd52e9a058a6  .
--- ---VERSION MATERIALIZED
patch,offset,limit,count-ms,lookup-mus,results
0,0,-2,4,86,48
1,0,-2,1899,2948,84
2,0,-2,1830,2823,89
3,0,-2,1884,2908,88
4,0,-2,1837,2810,85
5,0,-2,1849,1900,0
6,0,-2,1821,2828,86
7,0,-2,1821,2813,78
--- ---DELTA MATERIALIZED
patch_start,patch_end,offset,limit,count-ms,lookup-mus,results
0,1,0,-2,1864,3583,68
0,2,0,-2,1820,3635,78
0,3,0,-2,1877,3659,75
0,4,0,-2,1816,3650,68
0,5,0,-2,1825,3632,61
0,6,0,-2,1819,3637,63
0,7,0,-2,1819,3658,44
1,2,0,-2,3703,3633,62
1,3,0,-2,3707,3710,72
1,4,0,-2,3680,3698,68
1,5,0,-2,3632,3704,60
1,6,0,-2,3646,3746,64
1,7,0,-2,3637,3770,62
2,3,0,-2,3743,3681,64
2,4,0,-2,3654,3685,62
2,5,0,-2,3647,3702,62
2,6,0,-2,3645,3744,66
2,7,0,-2,3648,3786,68
3,4,0,-2,3747,3719,60
3,5,0,-2,3734,3754,76
3,6,0,-2,3704,3726,64
3,7,0,-2,3698,3784,74
4,5,0,-2,3650,3751,68
4,6,0,-2,3687,3744,62
4,7,0,-2,3639,3736,70
5,6,0,-2,3650,3702,56
5,7,0,-2,3633,4024,62
6,7,0,-2,3682,3783,70
--- ---VERSION
offset,limit,count-ms,lookup-mus,results
0,-2,6,4962,196
---PATTERN START: http://d.opencalais.com/er/company/ralg-tr1r/ec924274-b5ea-34a3-89d5-f758948b1c7e  .
--- ---VERSION MATERIALIZED
patch,offset,limit,count-ms,lookup-mus,results
0,0,-2,3,84,50
1,0,-2,1940,3015,86
2,0,-2,1890,2941,88
3,0,-2,1913,2971,89
4,0,-2,1919,3021,83
5,0,-2,1915,3015,84
6,0,-2,1886,3021,89
7,0,-2,1878,3000,84
--- ---DELTA MATERIALIZED
patch_start,patch_end,offset,limit,count-ms,lookup-mus,results
0,1,0,-2,1945,3795,68
0,2,0,-2,1889,3778,72
0,3,0,-2,1893,3776,72
0,4,0,-2,1890,3765,62
0,5,0,-2,1896,3791,62
0,6,0,-2,1893,3838,64
0,7,0,-2,1908,3831,53
1,2,0,-2,3792,3791,68
1,3,0,-2,3822,3816,70
1,4,0,-2,3806,3855,70
1,5,0,-2,3786,3900,68
1,6,0,-2,3803,3919,68
1,7,0,-2,3810,3910,66
2,3,0,-2,3790,3829,68
2,4,0,-2,3785,3845,70
2,5,0,-2,3785,3904,66
2,6,0,-2,3807,3926,70
2,7,0,-2,3790,3928,76
3,4,0,-2,3784,3852,68
3,5,0,-2,3789,3908,70
3,6,0,-2,3802,3918,70
3,7,0,-2,3795,3939,68
4,5,0,-2,3806,3855,64
4,6,0,-2,3787,3865,66
4,7,0,-2,3782,3938,70
5,6,0,-2,3811,3917,64
5,7,0,-2,3807,3935,76
6,7,0,-2,3775,3892,68
--- ---VERSION
offset,limit,count-ms,lookup-mus,results
0,-2,5,5239,206
---PATTERN START: http://d.opencalais.com/er/company/ralg-tr1r/7fd1c9ea-5e71-38ed-add1-af04e4b5db1f  .
--- ---VERSION MATERIALIZED
patch,offset,limit,count-ms,lookup-mus,results
0,0,-2,4,109,70
1,0,-2,2439,3874,111
2,0,-2,2320,3714,107
3,0,-2,2383,3777,108
4,0,-2,2378,3784,110
5,0,-2,2372,3768,110
6,0,-2,2375,3755,107
7,0,-2,2373,3806,113
--- ---DELTA MATERIALIZED
patch_start,patch_end,offset,limit,count-ms,lookup-mus,results
0,1,0,-2,2403,4524,82
0,2,0,-2,2315,4541,86
0,3,0,-2,2394,4508,74
0,4,0,-2,2365,4528,75
0,5,0,-2,2383,4543,69
0,6,0,-2,2370,4547,56
0,7,0,-2,2371,4574,54
1,2,0,-2,4687,4583,84
1,3,0,-2,4782,4586,82
1,4,0,-2,4703,4604,86
1,5,0,-2,4728,4655,80
1,6,0,-2,4745,4706,92
1,7,0,-2,4756,4692,70
2,3,0,-2,4652,4554,90
2,4,0,-2,4745,4611,92
2,5,0,-2,4691,4708,84
2,6,0,-2,4688,4724,90
2,7,0,-2,4715,4655,80
3,4,0,-2,4807,4609,88
3,5,0,-2,4745,4668,84
3,6,0,-2,4747,4680,80
3,7,0,-2,4702,4685,86
4,5,0,-2,4730,4656,88
4,6,0,-2,4759,4704,88
4,7,0,-2,4750,4692,84
5,6,0,-2,4711,4645,84
5,7,0,-2,4744,4667,80
6,7,0,-2,4759,4690,86
--- ---VERSION
offset,limit,count-ms,lookup-mus,results
0,-2,4,5935,237
---PATTERN START: http://d.opencalais.com/er/company/ralg-tr1r/743844d2-be57-3496-bf56-08a8d353b22b  .
--- ---VERSION MATERIALIZED
patch,offset,limit,count-ms,lookup-mus,results
0,0,-2,4,88,55
1,0,-2,1968,3123,94
2,0,-2,1894,3039,89
3,0,-2,1897,3071,92
4,0,-2,1909,3076,91
5,0,-2,1901,3061,85
6,0,-2,1899,3063,88
7,0,-2,1895,3098,88
--- ---DELTA MATERIALIZED
patch_start,patch_end,offset,limit,count-ms,lookup-mus,results
0,1,0,-2,1906,3782,78
0,2,0,-2,1906,3643,68
0,3,0,-2,1906,3676,71
0,4,0,-2,1913,3707,66
0,5,0,-2,1890,3706,53
0,6,0,-2,1962,3710,50
0,7,0,-2,1891,3687,44
1,2,0,-2,3816,3687,72
1,3,0,-2,3825,3721,58
1,4,0,-2,3822,3774,66
1,5,0,-2,3830,3805,66
1,6,0,-2,3839,3814,70
1,7,0,-2,4232,3806,64
2,3,0,-2,3805,3722,72
2,4,0,-2,3833,3774,66
2,5,0,-2,3825,3819,74
2,6,0,-2,3836,3825,70
2,7,0,-2,3807,3798,64
3,4,0,-2,3833,3741,62
3,5,0,-2,3816,3816,74
3,6,0,-2,3808,3825,60
3,7,0,-2,3836,3844,68
4,5,0,-2,3829,3805,68
4,6,0,-2,3820,3796,64
4,7,0,-2,3818,3848,70
5,6,0,-2,3850,3844,76
5,7,0,-2,3845,3816,72
6,7,0,-2,3812,3789,62
--- ---VERSION
offset,limit,count-ms,lookup-mus,results
0,-2,7,4973,201
---PATTERN START: http://d.opencalais.com/er/company/ralg-tr1r/a71906b0-8469-3bac-813c-1d595b1782d4  .
--- ---VERSION MATERIALIZED
patch,offset,limit,count-ms,lookup-mus,results
0,0,-2,4,99,53
1,0,-2,1822,2969,89
2,0,-2,1755,2883,89
3,0,-2,1762,2882,86
4,0,-2,1760,2902,90
5,0,-2,1765,2914,89
6,0,-2,1802,2984,89
7,0,-2,1766,2918,93
--- ---DELTA MATERIALIZED
patch_start,patch_end,offset,limit,count-ms,lookup-mus,results
0,1,0,-2,1801,3470,68
0,2,0,-2,1777,3508,68
0,3,0,-2,1762,3517,61
0,4,0,-2,1773,3537,66
0,5,0,-2,1775,3519,58
0,6,0,-2,1795,3503,51
0,7,0,-2,1764,3517,53
1,2,0,-2,3512,3541,68
1,3,0,-2,3522,3567,58
1,4,0,-2,3520,3610,72
1,5,0,-2,3527,3602,64
1,6,0,-2,3574,3604,62
1,7,0,-2,3540,3647,68
2,3,0,-2,3547,3574,66
2,4,0,-2,3556,3591,62
2,5,0,-2,3522,3619,72
2,6,0,-2,3575,3610,68
2,7,0,-2,3541,3633,56
3,4,0,-2,3517,3606,72
3,5,0,-2,3528,3619,62
3,6,0,-2,3564,3625,64
3,7,0,-2,3542,3636,68
4,5,0,-2,3539,3600,68
4,6,0,-2,3556,3660,74
4,7,0,-2,3553,3729,76
5,6,0,-2,3557,3614,66
5,7,0,-2,3534,3622,66
6,7,0,-2,3574,3643,62
--- ---VERSION
offset,limit,count-ms,lookup-mus,results
0,-2,5,4997,197
---PATTERN START: http://d.opencalais.com/er/company/ralg-tr1r/bc0d1af2-b13f-35f0-9d26-7904168ad70d  .
--- ---VERSION MATERIALIZED
patch,offset,limit,count-ms,lookup-mus,results
0,0,-2,4,100,48
1,0,-2,1668,2714,76
2,0,-2,1614,2659,75
3,0,-2,1602,2660,80
4,0,-2,1606,2682,82
5,0,-2,1608,2672,80
6,0,-2,1605,2664,84
7,0,-2,1601,2679,79
--- ---DELTA MATERIALIZED
patch_start,patch_end,offset,limit,count-ms,lookup-mus,results
0,1,0,-2,1625,3085,52
0,2,0,-2,1628,3057,54
0,3,0,-2,1621,3098,58
0,4,0,-2,1616,3108,59
0,5,0,-2,1626,3077,52
0,6,0,-2,1620,3071,53
0,7,0,-2,1611,3047,41
1,2,0,-2,3211,3053,54
1,3,0,-2,3250,3118,52
1,4,0,-2,3234,3142,54
1,5,0,-2,3245,3169,58
1,6,0,-2,3234,3173,62
1,7,0,-2,3202,3161,58
2,3,0,-2,3213,3112,72
2,4,0,-2,3209,3163,60
2,5,0,-2,3244,3181,62
2,6,0,-2,3232,3216,68
2,7,0,-2,3258,3242,56
3,4,0,-2,3210,3106,50
3,5,0,-2,3226,3127,54
3,6,0,-2,3218,3208,60
3,7,0,-2,3222,3204,62
4,5,0,-2,3249,3180,62
4,6,0,-2,3196,3153,54
4,7,0,-2,3211,3175,60
5,6,0,-2,3219,3211,68
5,7,0,-2,3239,3212,62
6,7,0,-2,3237,3198,56
--- ---VERSION
offset,limit,count-ms,lookup-mus,results
0,-2,8,4468,169
---PATTERN START: http://d.opencalais.com/er/company/ralg-tr1r/b725f008-03ba-334a-8504-4d5867fba63c  .
--- ---VERSION MATERIALIZED
patch,offset,limit,count-ms,lookup-mus,results
0,0,-2,3,134,69
1,0,-2,2487,4092,117
2,0,-2,2425,4000,119
3,0,-2,2412,4018,111
4,0,-2,2433,4001,115
5,0,-2,2427,4046,113
6,0,-2,2420,4026,119
7,0,-2,2426,4017,116
--- ---DELTA MATERIALIZED
patch_start,patch_end,offset,limit,count-ms,lookup-mus,results
0,1,0,-2,2474,4807,92
0,2,0,-2,2423,4780,96
0,3,0,-2,2417,4743,79
0,4,0,-2,2453,4765,82
0,5,0,-2,2436,4797,76
0,6,0,-2,2445,4861,81
0,7,0,-2,2468,4840,65
1,2,0,-2,4795,4731,80
1,3,0,-2,4847,5242,94
1,4,0,-2,4867,4885,90
1,5,0,-2,4836,4944,82
1,6,0,-2,4898,4929,86
1,7,0,-2,4825,4951,84
2,3,0,-2,4850,4861,88
2,4,0,-2,4869,4919,88
2,5,0,-2,4859,4941,90
2,6,0,-2,4836,4913,82
2,7,0,-2,4854,4969,84
3,4,0,-2,4855,4877,74
3,5,0,-2,4835,4952,96
3,6,0,-2,4825,4944,88
3,7,0,-2,4844,4959,86
4,5,0,-2,4861,4972,90
4,6,0,-2,4914,4919,82
4,7,0,-2,4827,4968,88
5,6,0,-2,4922,4978,86
5,7,0,-2,4899,4989,84
6,7,0,-2,4781,4959,100
--- ---VERSION
offset,limit,count-ms,lookup-mus,results
0,-2,6,6816,249
---PATTERN START: http://d.opencalais.com/er/company/ralg-tr1r/821cdb2f-23a7-378b-ba80-6615cfc513c5  .
--- ---VERSION MATERIALIZED
patch,offset,limit,count-ms,lookup-mus,results
0,0,-2,4,102,56
1,0,-2,1971,3198,90
2,0,-2,1931,3112,89
3,0,-2,1912,3118,87
4,0,-2,1920,3129,88
5,0,-2,1938,3091,85
6,0,-2,1922,3105,90
7,0,-2,1923,3098,90
--- ---DELTA MATERIALIZED
patch_start,patch_end,offset,limit,count-ms,lookup-mus,results
0,1,0,-2,1954,3675,68
0,2,0,-2,1923,3680,66
0,3,0,-2,1912,3685,60
0,4,0,-2,1915,3700,61
0,5,0,-2,1919,3665,52
0,6,0,-2,1913,3688,54
0,7,0,-2,1911,3715,48
1,2,0,-2,3841,3725,70
1,3,0,-2,3808,3750,68
1,4,0,-2,3810,3772,66
1,5,0,-2,3853,3758,66
1,6,0,-2,3832,3806,72
1,7,0,-2,3864,3847,60
2,3,0,-2,3839,3738,58
2,4,0,-2,3825,3783,70
2,5,0,-2,3830,3749,54
2,6,0,-2,3829,3768,60
2,7,0,-2,3832,3843,62
3,4,0,-2,3809,3779,64
3,5,0,-2,3803,3794,66
3,6,0,-2,3826,3793,66
3,7,0,-2,3830,3828,70
4,5,0,-2,3800,3817,76
4,6,0,-2,3818,3831,64
4,7,0,-2,3801,3850,70
5,6,0,-2,3823,3780,68
5,7,0,-2,3829,3825,60
6,7,0,-2,3798,3860,72
--- ---VERSION
offset,limit,count-ms,lookup-mus,results
0,-2,5,5200,206
---PATTERN START: http://d.opencalais.com/er/company/ralg-tr1r/c9fe656e-991d-3983-81f5-205a0a2fcbc7  .
--- ---VERSION MATERIALIZED
patch,offset,limit,count-ms,lookup-mus,results
0,0,-2,5,118,60
1,0,-2,2167,3465,103
2,0,-2,2123,3408,100
3,0,-2,2096,3391,102
4,0,-2,2105,3459,102
5,0,-2,2096,3373,99
6,0,-2,2089,3432,92
7,0,-2,2092,3367,97
--- ---DELTA MATERIALIZED
patch_start,patch_end,offset,limit,count-ms,lookup-mus,results
0,1,0,-2,2141,4241,86
0,2,0,-2,2161,4194,80
0,3,0,-2,2107,4200,82
0,4,0,-2,2122,4220,81
0,5,0,-2,2110,4280,74
0,6,0,-2,2125,4239,58
0,7,0,-2,2126,4232,55
1,2,0,-2,4248,4206,78
1,3,0,-2,4217,4254,82
1,4,0,-2,4226,4329,70
1,5,0,-2,4250,4339,66
1,6,0,-2,4255,4359,80
1,7,0,-2,4209,4350,78
2,3,0,-2,4246,4256,70
2,4,0,-2,4299,4350,84
2,5,0,-2,4285,4376,82
2,6,0,-2,4246,4339,78
2,7,0,-2,4264,4368,82
3,4,0,-2,4296,4404,76
3,5,0,-2,4262,4364,74
3,6,0,-2,4277,4355,80
3,7,0,-2,4201,4358,76
4,5,0,-2,4207,4346,68
4,6,0,-2,4226,4382,74
4,7,0,-2,4655,4386,78
5,6,0,-2,4209,4338,72
5,7,0,-2,4198,4389,76
6,7,0,-2,4255,4399,72
--- ---VERSION
offset,limit,count-ms,lookup-mus,results
0,-2,5,6045,225
---PATTERN START: http://d.opencalais.com/er/company/ralg-tr1r/000168a4-c53a-35c8-bdd2-ab57596cc16e  .
--- ---VERSION MATERIALIZED
patch,offset,limit,count-ms,lookup-mus,results
0,0,-2,4,115,51
1,0,-2,1715,2983,81
2,0,-2,1630,2931,82
3,0,-2,1639,2946,82
4,0,-2,1649,2917,79
5,0,-2,1641,2971,84
6,0,-2,1632,3010,80
7,0,-2,1629,3138,79
--- ---DELTA MATERIALIZED
patch_start,patch_end,offset,limit,count-ms,lookup-mus,results
0,1,0,-2,1634,3265,60
0,2,0,-2,1653,3304,62
0,3,0,-2,1639,3321,61
0,4,0,-2,1653,3323,53
0,5,0,-2,1655,3347,59
0,6,0,-2,1679,3310,50
0,7,0,-2,1640,3292,46
1,2,0,-2,3260,3268,62
1,3,0,-2,3258,3306,46
1,4,0,-2,3275,3366,58
1,5,0,-2,3280,3411,58
1,6,0,-2,3272,3430,60
1,7,0,-2,3257,3400,60
2,3,0,-2,3253,3333,64
2,4,0,-2,3251,3384,62
2,5,0,-2,3276,3422,60
2,6,0,-2,3264,3429,60
2,7,0,-2,3289,3410,58
3,4,0,-2,3250,3333,52
3,5,0,-2,3262,3411,56
3,6,0,-2,3266,3430,60
3,7,0,-2,3293,3450,62
4,5,0,-2,3273,3403,62
4,6,0,-2,3258,3387,56
4,7,0,-2,3257,3406,60
5,6,0,-2,3271,3423,58
5,7,0,-2,3274,3455,62
6,7,0,-2,3275,3420,60
--- ---VERSION
offset,limit,count-ms,lookup-mus,results
0,-2,6,5282,182
---PATTERN START: http://d.opencalais.com/er/company/ralg-tr1r/3e75c871-e0ab-382d-9858-591c863268d0  .
--- ---VERSION MATERIALIZED
patch,offset,limit,count-ms,lookup-mus,results
0,0,-2,3,102,54
1,0,-2,1944,3145,87
2,0,-2,1859,3036,88
3,0,-2,1860,3043,88
4,0,-2,1977,3137,84
5,0,-2,1858,3057,87
6,0,-2,1856,3066,90
7,0,-2,1852,3042,84
--- ---DELTA MATERIALIZED
patch_start,patch_end,offset,limit,count-ms,lookup-mus,results
0,1,0,-2,1902,3637,66
0,2,0,-2,1908,3651,68
0,3,0,-2,1885,3637,65
0,4,0,-2,1959,3640,56
0,5,0,-2,1873,3664,57
0,6,0,-2,1896,3736,58
0,7,0,-2,1865,3705,42
1,2,0,-2,3784,3697,68
1,3,0,-2,3741,3677,62
1,4,0,-2,3837,3711,60
1,5,0,-2,3786,3751,66
1,6,0,-2,3783,3840,70
1,7,0,-2,3776,3833,62
2,3,0,-2,3764,3720,68
2,4,0,-2,3817,3710,66
2,5,0,-2,3746,3762,74
2,6,0,-2,3728,3846,72
2,7,0,-2,3760,3840,68
3,4,0,-2,3858,3743,68
3,5,0,-2,3727,3743,64
3,6,0,-2,3731,3825,72
3,7,0,-2,3765,3862,72
4,5,0,-2,3865,3790,66
4,6,0,-2,3865,3809,66
4,7,0,-2,3811,3801,66
5,6,0,-2,3724,3833,74
5,7,0,-2,3761,3832,62
6,7,0,-2,3757,3829,66
--- ---VERSION
offset,limit,count-ms,lookup-mus,results
0,-2,5,5294,199
---PATTERN START: http://d.opencalais.com/er/company/ralg-tr1r/32994791-04d3-3d99-b7cd-f9b9efa5aba8  .
--- ---VERSION MATERIALIZED
patch,offset,limit,count-ms,lookup-mus,results
0,0,-2,4,85,59
1,0,-2,2377,3586,105
2,0,-2,2292,3545,103
3,0,-2,2297,3572,102
4,0,-2,2292,3583,101
5,0,-2,2302,3575,105
6,0,-2,2384,3579,101
7,0,-2,2310,3531,106
--- ---DELTA MATERIALIZED
patch_start,patch_end,offset,limit,count-ms,lookup-mus,results
0,1,0,-2,2313,4631,88
0,2,0,-2,2319,4616,84
0,3,0,-2,2315,4627,80
0,4,0,-2,2312,4644,74
0,5,0,-2,2316,4660,75
0,6,0,-2,2332,4598,64
0,7,0,-2,2329,4621,66
1,2,0,-2,4661,5253,72
1,3,0,-2,4909,4689,78
1,4,0,-2,4640,4724,84
1,5,0,-2,4654,4697,82
1,6,0,-2,4680,4748,80
1,7,0,-2,4653,4802,80
2,3,0,-2,4653,4681,80
2,4,0,-2,4618,4682,82
2,5,0,-2,4652,4693,82
2,6,0,-2,4996,4809,84
2,7,0,-2,4660,4798,80
3,4,0,-2,4619,4681,82
3,5,0,-2,4642,4684,74
3,6,0,-2,4669,4790,82
3,7,0,-2,4653,4799,80
4,5,0,-2,4613,4717,88
4,6,0,-2,4661,4745,80
4,7,0,-2,4647,4813,78
5,6,0,-2,4725,4773,82
5,7,0,-2,4653,4762,84
6,7,0,-2,4667,4774,82
--- ---VERSION
offset,limit,count-ms,lookup-mus,results
0,-2,7,6031,241
---PATTERN START: http://d.opencalais.com/er/company/ralg-tr1r/b494a78c-4302-3621-ab8b-0a81c789c17f  .
--- ---VERSION MATERIALIZED
patch,offset,limit,count-ms,lookup-mus,results
0,0,-2,3,93,52
1,0,-2,1824,2906,87
2,0,-2,1741,2849,90
3,0,-2,1775,2898,89
4,0,-2,1804,2935,91
5,0,-2,1776,2869,84
6,0,-2,1774,2882,89
7,0,-2,1769,2885,94
--- ---DELTA MATERIALIZED
patch_start,patch_end,offset,limit,count-ms,lookup-mus,results
0,1,0,-2,1797,3532,66
0,2,0,-2,1736,3570,72
0,3,0,-2,1800,3587,68
0,4,0,-2,1813,3583,69
0,5,0,-2,1776,3561,58
0,6,0,-2,1772,3605,57
0,7,0,-2,1767,3601,58
1,2,0,-2,3549,3587,66
1,3,0,-2,3534,3616,66
1,4,0,-2,3549,3641,70
1,5,0,-2,3535,3646,64
1,6,0,-2,3527,3710,68
1,7,0,-2,3569,3694,58
2,3,0,-2,3608,3607,60
2,4,0,-2,3550,3659,66
2,5,0,-2,3532,3678,76
2,6,0,-2,3527,3697,66
2,7,0,-2,3569,3715,68
3,4,0,-2,3654,3643,62
3,5,0,-2,3531,3668,78
3,6,0,-2,3566,3670,68
3,7,0,-2,3563,3720,74
4,5,0,-2,3609,3717,72
4,6,0,-2,3621,3686,68
4,7,0,-2,3550,3669,62
5,6,0,-2,3542,3718,72
5,7,0,-2,3562,3733,66
6,7,0,-2,3590,3714,72
--- ---VERSION
offset,limit,count-ms,lookup-mus,results
0,-2,5,4859,193
---PATTERN START: http://d.opencalais.com/er/company/ralg-tr1r/c8b2de77-076c-36cd-b69a-d141ec7373f0  .
--- ---VERSION MATERIALIZED
patch,offset,limit,count-ms,lookup-mus,results
0,0,-2,3,90,53
1,0,-2,1647,2795,82
2,0,-2,1551,2630,79
3,0,-2,1589,2695,79
4,0,-2,1600,2740,81
5,0,-2,1587,2702,80
6,0,-2,1588,2706,80
7,0,-2,1596,2701,80
--- ---DELTA MATERIALIZED
patch_start,patch_end,offset,limit,count-ms,lookup-mus,results
0,1,0,-2,1621,3053,58
0,2,0,-2,1546,3110,64
0,3,0,-2,1578,3024,51
0,4,0,-2,1587,3044,52
0,5,0,-2,1589,3047,47
0,6,0,-2,1587,3076,42
0,7,0,-2,1601,3074,36
1,2,0,-2,3164,3149,68
1,3,0,-2,3208,3128,54
1,4,0,-2,3211,3128,58
1,5,0,-2,3160,3125,50
1,6,0,-2,3170,3150,56
1,7,0,-2,3172,3193,54
2,3,0,-2,3133,3149,66
2,4,0,-2,3145,3174,64
2,5,0,-2,3169,3152,62
2,6,0,-2,3135,3178,66
2,7,0,-2,3130,3194,66
3,4,0,-2,3199,3190,52
3,5,0,-2,3212,3178,60
3,6,0,-2,3198,3184,60
3,7,0,-2,3168,3171,62
4,5,0,-2,3179,3131,56
4,6,0,-2,3177,3168,52
4,7,0,-2,3199,3210,60
5,6,0,-2,3197,3185,56
5,7,0,-2,3206,3162,58
6,7,0,-2,3169,3166,62
--- ---VERSION
offset,limit,count-ms,lookup-mus,results
0,-2,4,4363,174
---PATTERN START: http://d.opencalais.com/er/company/ralg-tr1r/138fda0a-1ae0-3dbf-922c-8b6118d79b4c  .
--- ---VERSION MATERIALIZED
patch,offset,limit,count-ms,lookup-mus,results
0,0,-2,4,91,54
1,0,-2,1930,2899,90
2,0,-2,1818,2795,87
3,0,-2,1824,2811,88
4,0,-2,1824,2815,90
5,0,-2,1821,2802,90
6,0,-2,1830,2801,90
7,0,-2,1821,2792,85
--- ---DELTA MATERIALIZED
patch_start,patch_end,offset,limit,count-ms,lookup-mus,results
0,1,0,-2,1833,3669,72
0,2,0,-2,1865,3663,66
0,3,0,-2,1878,3680,66
0,4,0,-2,1875,3700,66
0,5,0,-2,1871,3706,64
0,6,0,-2,1871,3671,62
0,7,0,-2,1870,3633,47
1,2,0,-2,3726,3642,74
1,3,0,-2,3738,3746,76
1,4,0,-2,3754,3784,78
1,5,0,-2,3768,3778,68
1,6,0,-2,3725,3752,66
1,7,0,-2,3711,3779,68
2,3,0,-2,4085,3740,66
2,4,0,-2,3756,3780,72
2,5,0,-2,3746,3784,70
2,6,0,-2,3717,3739,64
2,7,0,-2,3723,3787,74
3,4,0,-2,3749,3793,80
3,5,0,-2,3763,3796,70
3,6,0,-2,3746,3807,66
3,7,0,-2,3740,3764,70
4,5,0,-2,3719,3758,68
4,6,0,-2,3756,3798,64
4,7,0,-2,3756,3811,62
5,6,0,-2,3755,3778,72
5,7,0,-2,3720,3755,66
6,7,0,-2,3730,3815,70
--- ---VERSION
offset,limit,count-ms,lookup-mus,results
0,-2,5,4930,200
---PATTERN START: http://d.opencalais.com/er/company/ralg-tr1r/a5f91681-11c6-3ad3-abb2-9dc4ef4aa947  .
--- ---VERSION MATERIALIZED
patch,offset,limit,count-ms,lookup-mus,results
0,0,-2,3,86,55
1,0,-2,1885,3021,86
2,0,-2,1792,2875,86
3,0,-2,1794,2899,85
4,0,-2,1828,2926,89
5,0,-2,1836,2943,90
6,0,-2,1836,2920,84
7,0,-2,1798,2888,89
--- ---DELTA MATERIALIZED
patch_start,patch_end,offset,limit,count-ms,lookup-mus,results
0,1,0,-2,1856,3487,62
0,2,0,-2,1807,3499,62
0,3,0,-2,1800,3551,58
0,4,0,-2,1854,3562,62
0,5,0,-2,1850,3539,63
0,6,0,-2,1837,3551,50
0,7,0,-2,1803,3574,49
1,2,0,-2,3656,3561,62
1,3,0,-2,3641,3622,68
1,4,0,-2,3690,3633,64
1,5,0,-2,3654,3614,64
1,6,0,-2,3712,3661,58
1,7,0,-2,3623,3719,70
2,3,0,-2,3621,3629,72
2,4,0,-2,3665,3666,70
2,5,0,-2,3662,3626,68
2,6,0,-2,3640,3673,64
2,7,0,-2,3590,3718,72
3,4,0,-2,3649,3636,66
3,5,0,-2,3651,3665,66
3,6,0,-2,3649,3688,72
3,7,0,-2,3592,3695,58
4,5,0,-2,3674,3630,56
4,6,0,-2,3693,3699,66
4,7,0,-2,3655,3701,64
5,6,0,-2,3636,3656,60
5,7,0,-2,3623,3669,60
6,7,0,-2,3661,3722,76
--- ---VERSION
offset,limit,count-ms,lookup-mus,results
0,-2,5,4807,199
---PATTERN START: http://d.opencalais.com/er/company/ralg-tr1r/0b52822b-c505-38aa-b72f-71089f79103e  .
--- ---VERSION MATERIALIZED
patch,offset,limit,count-ms,lookup-mus,results
0,0,-2,3,103,63
1,0,-2,2375,3693,108
2,0,-2,2296,3688,111
3,0,-2,2283,3662,103
4,0,-2,2289,3671,107
5,0,-2,2346,3620,102
6,0,-2,2298,3598,106
7,0,-2,2296,3646,103
--- ---DELTA MATERIALIZED
patch_start,patch_end,offset,limit,count-ms,lookup-mus,results
0,1,0,-2,2322,4605,86
0,2,0,-2,2310,4611,92
0,3,0,-2,2341,4548,73
0,4,0,-2,2301,4575,77
0,5,0,-2,2336,4594,65
0,6,0,-2,2337,4631,63
0,7,0,-2,2323,4624,50
1,2,0,-2,4588,4564,84
1,3,0,-2,4604,4623,80
1,4,0,-2,4649,4686,84
1,5,0,-2,4641,4753,92
1,6,0,-2,4659,4762,86
1,7,0,-2,4607,4727,78
2,3,0,-2,4617,4642,80
2,4,0,-2,4607,4722,84
2,5,0,-2,4722,4738,82
2,6,0,-2,4571,4736,86
2,7,0,-2,4613,4761,82
3,4,0,-2,4568,4711,82
3,5,0,-2,4642,4739,78
3,6,0,-2,4544,4730,82
3,7,0,-2,4600,4740,76
4,5,0,-2,4650,4736,82
4,6,0,-2,4625,4748,74
4,7,0,-2,4580,4745,86
5,6,0,-2,4655,4745,84
5,7,0,-2,4672,4791,84
6,7,0,-2,4661,4768,88
--- ---VERSION
offset,limit,count-ms,lookup-mus,results
0,-2,5,6124,240
---PATTERN START: http://d.opencalais.com/er/company/ralg-tr1r/3e2b207a-dd44-3d8d-8ad5-ebeee3450300  .
--- ---VERSION MATERIALIZED
patch,offset,limit,count-ms,lookup-mus,results
0,0,-2,3,97,52
1,0,-2,1786,2939,81
2,0,-2,1756,2892,86
3,0,-2,1728,2875,80
4,0,-2,1734,2891,85
5,0,-2,1737,2884,84
6,0,-2,1761,3201,84
7,0,-2,1734,2880,80
--- ---DELTA MATERIALIZED
patch_start,patch_end,offset,limit,count-ms,lookup-mus,results
0,1,0,-2,1757,3393,58
0,2,0,-2,1737,3424,68
0,3,0,-2,1752,3421,56
0,4,0,-2,1752,3464,62
0,5,0,-2,1752,3489,59
0,6,0,-2,1778,3447,54
0,7,0,-2,1729,3443,43
1,2,0,-2,3465,3418,60
1,3,0,-2,3461,3495,64
1,4,0,-2,3462,3532,66
1,5,0,-2,3462,3552,60
1,6,0,-2,3517,3537,60
1,7,0,-2,3460,3551,58
2,3,0,-2,3462,3463,56
2,4,0,-2,3467,3596,66
2,5,0,-2,3457,3551,64
2,6,0,-2,3519,3562,62
2,7,0,-2,3472,3545,64
3,4,0,-2,3465,3493,72
3,5,0,-2,3462,3568,70
3,6,0,-2,3486,3593,68
3,7,0,-2,3453,3565,62
4,5,0,-2,3469,3503,62
4,6,0,-2,3501,3526,60
4,7,0,-2,3461,3572,56
5,6,0,-2,3489,3559,60
5,7,0,-2,3489,3572,70
6,7,0,-2,3500,3528,56
--- ---VERSION
offset,limit,count-ms,lookup-mus,results
0,-2,6,4937,192
---PATTERN START: http://d.opencalais.com/er/company/ralg-tr1r/b87e9818-425e-34ac-b59d-2774409859e4  .
--- ---VERSION MATERIALIZED
patch,offset,limit,count-ms,lookup-mus,results
0,0,-2,3,90,57
1,0,-2,1997,2991,92
2,0,-2,1893,2917,92
3,0,-2,1894,2914,91
4,0,-2,1891,2919,91
5,0,-2,1893,2971,91
6,0,-2,1891,2989,86
7,0,-2,1894,2974,91
--- ---DELTA MATERIALIZED
patch_start,patch_end,offset,limit,count-ms,lookup-mus,results
0,1,0,-2,1898,3955,70
0,2,0,-2,1939,3932,70
0,3,0,-2,1942,3963,67
0,4,0,-2,1945,3980,66
0,5,0,-2,1942,4017,65
0,6,0,-2,1940,3985,53
0,7,0,-2,1940,3992,54
1,2,0,-2,3882,3928,62
1,3,0,-2,3897,4033,78
1,4,0,-2,3890,4067,70
1,5,0,-2,3897,4098,74
1,6,0,-2,3860,4098,72
1,7,0,-2,3865,4126,70
2,3,0,-2,3905,4022,74
2,4,0,-2,3894,4054,66
2,5,0,-2,3901,4099,72
2,6,0,-2,3867,4110,72
2,7,0,-2,3908,4140,72
3,4,0,-2,3922,4059,68
3,5,0,-2,3911,4099,66
3,6,0,-2,3843,4090,66
3,7,0,-2,3863,4098,60
4,5,0,-2,3907,4121,72
4,6,0,-2,3894,4149,72
4,7,0,-2,3898,4128,68
5,6,0,-2,3865,4091,70
5,7,0,-2,3865,4134,70
6,7,0,-2,3910,4133,64
--- ---VERSION
offset,limit,count-ms,lookup-mus,results
0,-2,5,5192,215
---PATTERN START: http://d.opencalais.com/er/company/ralg-tr1r/eab9bfaa-47f1-368a-a9b7-a87bb345cf30  .
--- ---VERSION MATERIALIZED
patch,offset,limit,count-ms,lookup-mus,results
0,0,-2,3,152,82
1,0,-2,2770,4696,130
2,0,-2,2622,4461,126
3,0,-2,2690,4549,123
4,0,-2,2701,4562,130
5,0,-2,2681,4549,124
6,0,-2,2680,4619,123
7,0,-2,2694,4557,127
--- ---DELTA MATERIALIZED
patch_start,patch_end,offset,limit,count-ms,lookup-mus,results
0,1,0,-2,2686,5249,96
0,2,0,-2,2664,5203,100
0,3,0,-2,2694,5164,80
0,4,0,-2,2688,5241,92
0,5,0,-2,2708,5258,81
0,6,0,-2,2726,5222,71
0,7,0,-2,2700,5196,61
1,2,0,-2,5320,5254,94
1,3,0,-2,5458,5311,96
1,4,0,-2,5443,5344,100
1,5,0,-2,5381,6173,84
1,6,0,-2,5387,5363,94
1,7,0,-2,5421,5422,98
2,3,0,-2,5315,5309,102
2,4,0,-2,5334,5316,106
2,5,0,-2,5324,5383,98
2,6,0,-2,5375,5428,96
2,7,0,-2,5353,5679,86
3,4,0,-2,5413,5271,88
3,5,0,-2,5392,5384,90
3,6,0,-2,5418,5387,92
3,7,0,-2,5366,5358,90
4,5,0,-2,5377,5377,102
4,6,0,-2,5433,5421,106
4,7,0,-2,5435,5403,96
5,6,0,-2,5373,5377,88
5,7,0,-2,5430,5436,102
6,7,0,-2,5394,5410,102
--- ---VERSION
offset,limit,count-ms,lookup-mus,results
0,-2,9,7384,267
---PATTERN START: http://d.opencalais.com/er/company/ralg-tr1r/345d274d-533e-3473-a800-95b5319a75a5  .
--- ---VERSION MATERIALIZED
patch,offset,limit,count-ms,lookup-mus,results
0,0,-2,4,98,60
1,0,-2,2274,3532,108
2,0,-2,2286,3453,105
3,0,-2,2217,3463,105
4,0,-2,2215,3457,107
5,0,-2,2214,3411,105
6,0,-2,2228,3454,109
7,0,-2,2214,3407,107
--- ---DELTA MATERIALIZED
patch_start,patch_end,offset,limit,count-ms,lookup-mus,results
0,1,0,-2,2253,4572,92
0,2,0,-2,2249,4552,86
0,3,0,-2,2229,4539,84
0,4,0,-2,2243,4545,84
0,5,0,-2,2243,4574,76
0,6,0,-2,2253,4626,79
0,7,0,-2,2256,4614,70
1,2,0,-2,4485,4543,88
1,3,0,-2,4449,4598,84
1,4,0,-2,4454,4669,82
1,5,0,-2,4453,4700,80
1,6,0,-2,4475,4684,72
1,7,0,-2,4442,4697,74
2,3,0,-2,4482,4639,82
2,4,0,-2,4499,4678,82
2,5,0,-2,4495,4674,78
2,6,0,-2,4486,4680,82
2,7,0,-2,4492,4740,84
3,4,0,-2,4432,4679,82
3,5,0,-2,4469,4716,84
3,6,0,-2,4461,4690,90
3,7,0,-2,4451,4738,80
4,5,0,-2,4425,4695,76
4,6,0,-2,4457,4715,88
4,7,0,-2,4451,4675,72
5,6,0,-2,4469,4724,78
5,7,0,-2,4456,4753,86
6,7,0,-2,4420,4704,90
--- ---VERSION
offset,limit,count-ms,lookup-mus,results
0,-2,5,6037,243
---PATTERN START: http://d.opencalais.com/er/company/ralg-tr1r/bd8540df-a13f-360c-9e28-64b55adde9c8  .
--- ---VERSION MATERIALIZED
patch,offset,limit,count-ms,lookup-mus,results
0,0,-2,3,91,56
1,0,-2,1983,3065,91
2,0,-2,1926,3004,95
3,0,-2,1926,3006,92
4,0,-2,1934,3017,96
5,0,-2,1927,3001,90
6,0,-2,1932,3013,93
7,0,-2,1940,3019,96
--- ---DELTA MATERIALIZED
patch_start,patch_end,offset,limit,count-ms,lookup-mus,results
0,1,0,-2,1964,3812,66
0,2,0,-2,1948,3823,74
0,3,0,-2,1948,3836,66
0,4,0,-2,1955,3875,70
0,5,0,-2,1936,3805,57
0,6,0,-2,1941,3831,56
0,7,0,-2,1943,3870,55
1,2,0,-2,3877,3879,62
1,3,0,-2,3907,3900,66
1,4,0,-2,3876,3911,68
1,5,0,-2,3873,3906,62
1,6,0,-2,3874,3955,66
1,7,0,-2,3867,3997,64
2,3,0,-2,3873,3904,72
2,4,0,-2,3891,3921,76
2,5,0,-2,3892,3912,74
2,6,0,-2,3885,3950,66
2,7,0,-2,3882,4001,66
3,4,0,-2,3867,3930,66
3,5,0,-2,3854,3918,74
3,6,0,-2,3879,3934,74
3,7,0,-2,3878,3982,68
4,5,0,-2,3854,3938,60
4,6,0,-2,3882,3964,68
4,7,0,-2,3878,3953,70
5,6,0,-2,3885,3968,76
5,7,0,-2,3857,3987,64
6,7,0,-2,3861,4001,70
--- ---VERSION
offset,limit,count-ms,lookup-mus,results
0,-2,6,5120,209
---PATTERN START: http://d.opencalais.com/er/company/ralg-tr1r/018a40be-eadd-34ab-a418-48f096979ea0  .
--- ---VERSION MATERIALIZED
patch,offset,limit,count-ms,lookup-mus,results
0,0,-2,3,97,61
1,0,-2,2373,3591,98
2,0,-2,2109,3392,99
3,0,-2,2115,3399,105
4,0,-2,2399,3406,104
5,0,-2,2116,3382,96
6,0,-2,2106,3377,95
7,0,-2,2107,3377,97
--- ---DELTA MATERIALIZED
patch_start,patch_end,offset,limit,count-ms,lookup-mus,results
0,1,0,-2,2248,4146,74
0,2,0,-2,2170,4154,76
0,3,0,-2,2174,4258,87
0,4,0,-2,2163,4277,84
0,5,0,-2,2165,4256,67
0,6,0,-2,2145,4267,59
0,7,0,-2,2163,4208,54
1,2,0,-2,4453,4245,76
1,3,0,-2,4491,4327,84
1,4,0,-2,4480,4343,78
1,5,0,-2,4478,4315,76
1,6,0,-2,4440,4353,78
1,7,0,-2,4451,4408,80
2,3,0,-2,4349,4311,76
2,4,0,-2,4347,4350,82
2,5,0,-2,4315,4312,76
2,6,0,-2,4307,4360,74
2,7,0,-2,4355,4411,76
3,4,0,-2,4368,4322,68
3,5,0,-2,4291,4310,74
3,6,0,-2,4321,4357,78
3,7,0,-2,4364,4416,78
4,5,0,-2,4356,4380,76
4,6,0,-2,4352,4352,74
4,7,0,-2,4351,4345,72
5,6,0,-2,4318,4376,72
5,7,0,-2,4347,4430,88
6,7,0,-2,4341,4361,78
--- ---VERSION
offset,limit,count-ms,lookup-mus,results
0,-2,5,6113,227
---PATTERN START: http://d.opencalais.com/er/company/ralg-tr1r/ac46ca60-ecab-3d01-9dc6-c192035d5ffd  .
--- ---VERSION MATERIALIZED
patch,offset,limit,count-ms,lookup-mus,results
0,0,-2,3,100,55
1,0,-2,1938,3136,87
2,0,-2,1795,2974,81
3,0,-2,1875,3083,85
4,0,-2,1954,3143,86
5,0,-2,1877,3070,92
6,0,-2,1870,3046,89
7,0,-2,1875,3066,91
--- ---DELTA MATERIALIZED
patch_start,patch_end,offset,limit,count-ms,lookup-mus,results
0,1,0,-2,1898,3703,64
0,2,0,-2,1814,3722,64
0,3,0,-2,1874,3693,59
0,4,0,-2,1957,3714,58
0,5,0,-2,1881,3735,61
0,6,0,-2,1879,3684,53
0,7,0,-2,1869,3694,52
1,2,0,-2,3670,3728,64
1,3,0,-2,3738,3743,62
1,4,0,-2,3839,3797,74
1,5,0,-2,3774,3816,66
1,6,0,-2,3740,3807,68
1,7,0,-2,3746,3807,62
2,3,0,-2,3702,3748,64
2,4,0,-2,3769,3805,78
2,5,0,-2,3696,3839,76
2,6,0,-2,3667,3799,64
2,7,0,-2,3687,3826,70
3,4,0,-2,3831,3793,66
3,5,0,-2,3761,3824,66
3,6,0,-2,3755,3829,64
3,7,0,-2,3756,3811,62
4,5,0,-2,3830,3786,72
4,6,0,-2,3836,3904,72
4,7,0,-2,3840,3877,74
5,6,0,-2,3772,3800,66
5,7,0,-2,3749,3800,62
6,7,0,-2,3758,3849,66
--- ---VERSION
offset,limit,count-ms,lookup-mus,results
0,-2,6,5085,200
---PATTERN START: http://d.opencalais.com/er/company/ralg-tr1r/f3e4768e-524b-36c5-a67c-04d01eb4f3a7  .
--- ---VERSION MATERIALIZED
patch,offset,limit,count-ms,lookup-mus,results
0,0,-2,3,86,56
1,0,-2,1958,3100,87
2,0,-2,1939,3024,87
3,0,-2,1933,3028,92
4,0,-2,1925,3035,92
5,0,-2,1922,1986,1
6,0,-2,1947,3039,91
7,0,-2,1920,3027,88
--- ---DELTA MATERIALIZED
patch_start,patch_end,offset,limit,count-ms,lookup-mus,results
0,1,0,-2,1932,3751,62
0,2,0,-2,1957,3809,62
0,3,0,-2,1950,3851,70
0,4,0,-2,1935,3849,68
0,5,0,-2,1928,3853,64
0,6,0,-2,1934,3846,58
0,7,0,-2,1934,3874,46
1,2,0,-2,3877,3834,74
1,3,0,-2,3875,3893,66
1,4,0,-2,3802,3921,78
1,5,0,-2,3836,3933,70
1,6,0,-2,3840,3996,74
1,7,0,-2,3846,4006,68
2,3,0,-2,3933,3913,76
2,4,0,-2,3844,3904,66
2,5,0,-2,3849,3925,70
2,6,0,-2,3855,3980,66
2,7,0,-2,3885,4004,72
3,4,0,-2,3897,3945,80
3,5,0,-2,3848,4310,72
3,6,0,-2,3846,3978,68
3,7,0,-2,3890,4006,68
4,5,0,-2,3884,3972,74
4,6,0,-2,3911,3950,68
4,7,0,-2,3840,3991,76
5,6,0,-2,3856,3997,74
5,7,0,-2,3863,3994,68
6,7,0,-2,3890,3970,74
--- ---VERSION
offset,limit,count-ms,lookup-mus,results
0,-2,6,5073,212
---PATTERN START: http://d.opencalais.com/er/company/ralg-tr1r/260b5d1a-8240-3f3d-ae24-f159c134e447  .
--- ---VERSION MATERIALIZED
patch,offset,limit,count-ms,lookup-mus,results
0,0,-2,3,109,66
1,0,-2,2194,3423,101
2,0,-2,2092,3359,107
3,0,-2,2089,3357,108
4,0,-2,2096,3383,106
5,0,-2,2113,3367,111
6,0,-2,2091,3366,110
7,0,-2,2085,3373,107
--- ---DELTA MATERIALIZED
patch_start,patch_end,offset,limit,count-ms,lookup-mus,results
0,1,0,-2,2091,4246,70
0,2,0,-2,2182,4279,82
0,3,0,-2,2161,4298,82
0,4,0,-2,2160,4325,76
0,5,0,-2,2183,4348,80
0,6,0,-2,2184,4316,75
0,7,0,-2,2148,4321,65
1,2,0,-2,4278,4293,80
1,3,0,-2,4318,4329,66
1,4,0,-2,4293,4403,82
1,5,0,-2,4297,4447,84
1,6,0,-2,4288,4402,80
1,7,0,-2,4287,4476,86
2,3,0,-2,4338,4361,84
2,4,0,-2,4330,4371,76
2,5,0,-2,4300,4383,72
2,6,0,-2,4299,4430,78
2,7,0,-2,4323,4483,82
3,4,0,-2,4280,4400,86
3,5,0,-2,4268,4389,78
3,6,0,-2,4314,4415,86
3,7,0,-2,4306,4483,84
4,5,0,-2,4297,4438,86
4,6,0,-2,4266,4404,74
4,7,0,-2,4290,4439,84
5,6,0,-2,4348,4457,86
5,7,0,-2,4327,4444,70
6,7,0,-2,4273,4434,80
--- ---VERSION
offset,limit,count-ms,lookup-mus,results
0,-2,6,5826,234
---PATTERN START: http://d.opencalais.com/er/company/ralg-tr1r/f08c4e64-8fc4-3ac1-97ee-7366d76233d9  .
--- ---VERSION MATERIALIZED
patch,offset,limit,count-ms,lookup-mus,results
0,0,-2,3,98,59
1,0,-2,2142,3502,94
2,0,-2,2154,3362,98
3,0,-2,2098,3388,98
4,0,-2,2124,3404,90
5,0,-2,2109,2276,27
6,0,-2,2098,3399,97
7,0,-2,2101,3364,97
--- ---DELTA MATERIALIZED
patch_start,patch_end,offset,limit,count-ms,lookup-mus,results
0,1,0,-2,2107,4181,70
0,2,0,-2,2138,4186,78
0,3,0,-2,2126,4217,77
0,4,0,-2,2149,4214,59
0,5,0,-2,2112,4193,65
0,6,0,-2,2116,4207,61
0,7,0,-2,2118,4254,55
1,2,0,-2,4286,4207,68
1,3,0,-2,4250,4287,80
1,4,0,-2,4283,4279,78
1,5,0,-2,4233,4292,80
1,6,0,-2,4242,4349,78
1,7,0,-2,4279,4381,74
2,3,0,-2,4311,4260,72
2,4,0,-2,4275,4271,78
2,5,0,-2,4249,4299,74
2,6,0,-2,4248,4397,82
2,7,0,-2,4274,4377,74
3,4,0,-2,4283,4268,80
3,5,0,-2,4243,4289,76
3,6,0,-2,4247,4345,76
3,7,0,-2,4244,4370,68
4,5,0,-2,4269,4308,70
4,6,0,-2,4250,4318,80
4,7,0,-2,4261,4359,76
5,6,0,-2,4291,4571,74
5,7,0,-2,4341,4346,72
6,7,0,-2,4219,4319,76
--- ---VERSION
offset,limit,count-ms,lookup-mus,results
0,-2,8,5764,226
---PATTERN START: http://d.opencalais.com/er/company/ralg-tr1r/bfe6db89-dddf-3480-b718-f41b892b3404  .
--- ---VERSION MATERIALIZED
patch,offset,limit,count-ms,lookup-mus,results
0,0,-2,3,111,56
1,0,-2,2004,3273,95
2,0,-2,1949,3208,95
3,0,-2,1945,3218,97
4,0,-2,1926,3204,92
5,0,-2,1931,3235,96
6,0,-2,1952,3246,94
7,0,-2,1938,3224,98
--- ---DELTA MATERIALIZED
patch_start,patch_end,offset,limit,count-ms,lookup-mus,results
0,1,0,-2,1967,3848,74
0,2,0,-2,1972,3881,74
0,3,0,-2,1974,4224,75
0,4,0,-2,1964,3905,64
0,5,0,-2,1950,3906,66
0,6,0,-2,1941,3902,57
0,7,0,-2,1958,3925,58
1,2,0,-2,3932,3930,78
1,3,0,-2,3916,3922,60
1,4,0,-2,3862,3967,76
1,5,0,-2,3871,3986,74
1,6,0,-2,3880,4019,68
1,7,0,-2,3864,4034,68
2,3,0,-2,3922,3957,74
2,4,0,-2,3878,4026,72
2,5,0,-2,3912,4001,66
2,6,0,-2,3870,4063,76
2,7,0,-2,3865,4043,62
3,4,0,-2,3926,3958,68
3,5,0,-2,3882,4005,78
3,6,0,-2,3880,3997,56
3,7,0,-2,3877,4042,66
4,5,0,-2,3917,4009,72
4,6,0,-2,3857,4004,60
4,7,0,-2,3859,4027,66
5,6,0,-2,3873,4021,68
5,7,0,-2,3870,4036,72
6,7,0,-2,3837,3999,60
--- ---VERSION
offset,limit,count-ms,lookup-mus,results
0,-2,5,5637,212
---PATTERN START: http://d.opencalais.com/er/company/ralg-tr1r/051152c0-b8b9-390b-8ab7-0acb09f3cd9b  .
--- ---VERSION MATERIALIZED
patch,offset,limit,count-ms,lookup-mus,results
0,0,-2,4,129,65
1,0,-2,2581,4105,115
2,0,-2,2536,4036,120
3,0,-2,2529,4009,112
4,0,-2,2670,4163,111
5,0,-2,2514,4060,113
6,0,-2,2516,4065,113
7,0,-2,2520,4062,112
--- ---DELTA MATERIALIZED
patch_start,patch_end,offset,limit,count-ms,lookup-mus,results
0,1,0,-2,2562,5004,96
0,2,0,-2,2523,5013,106
0,3,0,-2,2531,5014,89
0,4,0,-2,2653,4966,82
0,5,0,-2,2538,4985,81
0,6,0,-2,2522,5033,77
0,7,0,-2,2533,5038,66
1,2,0,-2,5014,4971,82
1,3,0,-2,5063,5031,100
1,4,0,-2,5178,5084,94
1,5,0,-2,5171,5146,86
1,6,0,-2,5069,5167,88
1,7,0,-2,5066,5140,84
2,3,0,-2,5077,5043,80
2,4,0,-2,5200,5116,84
2,5,0,-2,5084,5149,94
2,6,0,-2,5066,5127,88
2,7,0,-2,5061,5202,94
3,4,0,-2,5147,5107,84
3,5,0,-2,5080,5119,86
3,6,0,-2,5060,5126,88
3,7,0,-2,5061,5195,86
4,5,0,-2,5136,5152,86
4,6,0,-2,5148,5152,98
4,7,0,-2,5185,5170,86
5,6,0,-2,5016,5204,88
5,7,0,-2,5086,5150,78
6,7,0,-2,5065,5157,90
--- ---VERSION
offset,limit,count-ms,lookup-mus,results
0,-2,5,7119,257
---PATTERN START: http://d.opencalais.com/er/company/ralg-tr1r/e7b77866-3a23-3dec-97d7-e711f1ff2ff4  .
--- ---VERSION MATERIALIZED
patch,offset,limit,count-ms,lookup-mus,results
0,0,-2,3,100,71
1,0,-2,2367,3685,110
2,0,-2,2319,3609,113
3,0,-2,2312,3615,114
4,0,-2,2348,3640,113
5,0,-2,2306,3593,111
6,0,-2,2299,3599,113
7,0,-2,2332,3614,117
--- ---DELTA MATERIALIZED
patch_start,patch_end,offset,limit,count-ms,lookup-mus,results
0,1,0,-2,2318,4617,78
0,2,0,-2,2329,4540,84
0,3,0,-2,2311,4544,85
0,4,0,-2,2349,4592,80
0,5,0,-2,2323,4621,72
0,6,0,-2,2330,4623,68
0,7,0,-2,2289,4590,66
1,2,0,-2,4599,4560,90
1,3,0,-2,4609,4643,78
1,4,0,-2,4698,4714,92
1,5,0,-2,4648,4727,84
1,6,0,-2,4538,4730,94
1,7,0,-2,4594,4741,82
2,3,0,-2,4983,4668,84
2,4,0,-2,4681,4703,78
2,5,0,-2,4648,4693,82
2,6,0,-2,4596,4703,82
2,7,0,-2,4618,4777,82
3,4,0,-2,4685,4710,90
3,5,0,-2,4654,4676,86
3,6,0,-2,4661,4731,90
3,7,0,-2,4656,4761,78
4,5,0,-2,4683,4724,82
4,6,0,-2,4603,4705,88
4,7,0,-2,4635,4767,88
5,6,0,-2,4662,4747,78
5,7,0,-2,4652,4753,80
6,7,0,-2,4577,4717,86
--- ---VERSION
offset,limit,count-ms,lookup-mus,results
0,-2,6,6095,248
---PATTERN START: http://d.opencalais.com/er/company/ralg-tr1r/8e31f1da-1e9a-3d70-99c8-ca7e3832faa1  .
--- ---VERSION MATERIALIZED
patch,offset,limit,count-ms,lookup-mus,results
0,0,-2,4,86,53
1,0,-2,2017,3075,90
2,0,-2,1976,2974,91
3,0,-2,1964,2990,92
4,0,-2,1943,2975,91
5,0,-2,1951,2979,91
6,0,-2,1954,2976,91
7,0,-2,1952,2985,90
--- ---DELTA MATERIALIZED
patch_start,patch_end,offset,limit,count-ms,lookup-mus,results
0,1,0,-2,1990,3743,70
0,2,0,-2,1971,3777,72
0,3,0,-2,1964,3802,73
0,4,0,-2,1962,3777,67
0,5,0,-2,1969,3775,64
0,6,0,-2,1967,3801,59
0,7,0,-2,1965,3819,51
1,2,0,-2,3911,3890,64
1,3,0,-2,3902,3837,70
1,4,0,-2,3915,3830,60
1,5,0,-2,3927,3853,72
1,6,0,-2,3936,3924,66
1,7,0,-2,3916,3965,78
2,3,0,-2,3913,3835,68
2,4,0,-2,3934,3847,78
2,5,0,-2,3930,3852,68
2,6,0,-2,3935,3913,64
2,7,0,-2,3901,3937,66
3,4,0,-2,3929,3868,72
3,5,0,-2,3920,3853,70
3,6,0,-2,3936,3889,62
3,7,0,-2,3910,3938,66
4,5,0,-2,3915,3890,64
4,6,0,-2,3895,3888,70
4,7,0,-2,3926,3899,70
5,6,0,-2,3934,3917,68
5,7,0,-2,3896,3937,66
6,7,0,-2,3923,3911,70
--- ---VERSION
offset,limit,count-ms,lookup-mus,results
0,-2,5,5027,210
---PATTERN START: http://d.opencalais.com/er/company/ralg-tr1r/5e026e3f-b1a3-3038-b5fb-ab37d800f57b  .
--- ---VERSION MATERIALIZED
patch,offset,limit,count-ms,lookup-mus,results
0,0,-2,4,108,64
1,0,-2,2269,3567,105
2,0,-2,2165,3507,106
3,0,-2,2164,3495,103
4,0,-2,2171,3502,107
5,0,-2,2165,3494,107
6,0,-2,2166,3488,103
7,0,-2,2240,3569,100
--- ---DELTA MATERIALIZED
patch_start,patch_end,offset,limit,count-ms,lookup-mus,results
0,1,0,-2,2175,4419,82
0,2,0,-2,2223,4406,84
0,3,0,-2,2220,4430,78
0,4,0,-2,2242,4463,81
0,5,0,-2,2223,4451,77
0,6,0,-2,2211,4467,67
0,7,0,-2,2282,4427,53
1,2,0,-2,4486,4445,80
1,3,0,-2,4454,4490,80
1,4,0,-2,4411,4512,78
1,5,0,-2,4433,4561,90
1,6,0,-2,4423,4582,86
1,7,0,-2,4485,4611,86
2,3,0,-2,4395,4487,82
2,4,0,-2,4414,4500,82
2,5,0,-2,4419,4516,82
2,6,0,-2,4439,4602,88
2,7,0,-2,4518,4597,76
3,4,0,-2,4412,4495,78
3,5,0,-2,4423,4538,80
3,6,0,-2,4426,4594,78
3,7,0,-2,4519,4625,90
4,5,0,-2,4423,4522,78
4,6,0,-2,4436,4611,78
4,7,0,-2,4515,4595,76
5,6,0,-2,4389,4579,78
5,7,0,-2,4512,4567,80
6,7,0,-2,4501,4557,78
--- ---VERSION
offset,limit,count-ms,lookup-mus,results
0,-2,5,6293,233
---PATTERN START: http://d.opencalais.com/er/company/ralg-tr1r/18c4fb09-cb60-362b-af2e-c92d789e173e  .
--- ---VERSION MATERIALIZED
patch,offset,limit,count-ms,lookup-mus,results
0,0,-2,4,80,51
1,0,-2,2009,2987,85
2,0,-2,1931,2888,85
3,0,-2,1930,2879,83
4,0,-2,1935,2917,85
5,0,-2,1937,2902,79
6,0,-2,1933,2910,79
7,0,-2,1935,2891,83
--- ---DELTA MATERIALIZED
patch_start,patch_end,offset,limit,count-ms,lookup-mus,results
0,1,0,-2,1984,3778,68
0,2,0,-2,1929,3751,68
0,3,0,-2,1926,3760,61
0,4,0,-2,1949,3745,61
0,5,0,-2,1935,3724,48
0,6,0,-2,1934,3752,42
0,7,0,-2,1950,3785,43
1,2,0,-2,3921,3784,68
1,3,0,-2,3904,3852,62
1,4,0,-2,3867,3797,62
1,5,0,-2,3888,3844,68
1,6,0,-2,3869,3885,72
1,7,0,-2,3892,3926,66
2,3,0,-2,3883,3827,68
2,4,0,-2,3926,3819,72
2,5,0,-2,3884,3839,64
2,6,0,-2,3872,3877,66
2,7,0,-2,3881,3907,60
3,4,0,-2,3873,3858,64
3,5,0,-2,3908,3846,68
3,6,0,-2,3866,3852,66
3,7,0,-2,3876,3900,60
4,5,0,-2,3884,3924,66
4,6,0,-2,3893,3885,66
4,7,0,-2,3871,3880,70
5,6,0,-2,3872,3867,60
5,7,0,-2,3883,3905,64
6,7,0,-2,3867,3907,60
--- ---VERSION
offset,limit,count-ms,lookup-mus,results
0,-2,6,5065,203
