---PATTERN START:  http://www.w3.org/2000/01/rdf-schema#seeAlso http://www.w3.org/People/all#swick.
--- ---VERSION MATERIALIZED
patch,offset,limit,count-ms,lookup-mus,results
0,0,-2,5,8,1
1,0,-2,475,372,0
2,0,-2,384,352,1
3,0,-2,361,353,1
4,0,-2,345,343,0
5,0,-2,331,341,0
6,0,-2,326,307,1
7,0,-2,293,295,0
--- ---DELTA MATERIALIZED
patch_start,patch_end,offset,limit,count-ms,lookup-mus,results
0,1,0,-2,331,345,2
0,2,0,-2,337,347,3
0,3,0,-2,330,347,3
0,4,0,-2,314,351,3
0,5,0,-2,299,356,3
0,6,0,-2,279,356,3
0,7,0,-2,252,354,3
1,2,0,-2,655,352,1
1,3,0,-2,659,353,3
1,4,0,-2,628,344,3
1,5,0,-2,617,353,3
1,6,0,-2,598,353,3
1,7,0,-2,572,358,3
2,3,0,-2,664,348,2
2,4,0,-2,650,353,4
2,5,0,-2,639,356,4
2,6,0,-2,616,361,4
2,7,0,-2,587,359,4
3,4,0,-2,638,350,2
3,5,0,-2,627,355,4
3,6,0,-2,608,360,4
3,7,0,-2,576,359,4
4,5,0,-2,615,354,2
4,6,0,-2,594,358,4
4,7,0,-2,566,359,4
5,6,0,-2,582,357,2
5,7,0,-2,551,359,4
6,7,0,-2,538,357,2
--- ---VERSION
offset,limit,count-ms,lookup-mus,results
0,-2,189,365,8
---PATTERN START:  http://www.w3.org/2000/01/rdf-schema#seeAlso http://www.livejournal.com/users/nooks/.
--- ---VERSION MATERIALIZED
patch,offset,limit,count-ms,lookup-mus,results
0,0,0,4,2,0
1,0,0,303,120,0
2,0,0,257,117,0
3,0,0,230,106,0
4,0,0,214,97,0
5,0,0,215,85,0
6,0,0,198,74,0
7,0,0,174,61,0
--- ---DELTA MATERIALIZED
patch_start,patch_end,offset,limit,count-ms,lookup-mus,results
0,1,0,0,210,32,0
0,2,0,0,209,31,0
0,3,0,0,196,31,0
0,4,0,0,185,31,0
0,5,0,0,174,31,0
0,6,0,0,168,31,0
0,7,0,0,152,31,0
1,2,0,0,414,33,0
1,3,0,0,403,31,0
1,4,0,0,394,32,0
1,5,0,0,382,32,0
1,6,0,0,373,32,0
1,7,0,0,359,31,0
2,3,0,0,409,33,0
2,4,0,0,394,32,0
2,5,0,0,385,34,0
2,6,0,0,373,33,0
2,7,0,0,364,33,0
3,4,0,0,384,33,0
3,5,0,0,374,34,0
3,6,0,0,362,33,0
3,7,0,0,352,33,0
4,5,0,0,362,33,0
4,6,0,0,353,34,0
4,7,0,0,338,33,0
5,6,0,0,344,34,0
5,7,0,0,330,32,0
6,7,0,0,319,33,0
--- ---VERSION
offset,limit,count-ms,lookup-mus,results
0,0,113,3,0
---PATTERN START:  http://www.w3.org/2000/01/rdf-schema#seeAlso http://www.itee.uq.edu.au/people/staff/davec.html.
--- ---VERSION MATERIALIZED
patch,offset,limit,count-ms,lookup-mus,results
0,0,-2,3,4,1
1,0,-2,355,312,0
2,0,-2,302,304,0
3,0,-2,291,298,0
4,0,-2,273,282,0
5,0,-2,266,277,0
6,0,-2,263,253,0
7,0,-2,240,250,0
--- ---DELTA MATERIALIZED
patch_start,patch_end,offset,limit,count-ms,lookup-mus,results
0,1,0,-2,293,304,2
0,2,0,-2,292,313,3
0,3,0,-2,276,320,3
0,4,0,-2,261,318,3
0,5,0,-2,248,322,3
0,6,0,-2,233,324,3
0,7,0,-2,216,322,3
1,2,0,-2,576,308,1
1,3,0,-2,561,322,3
1,4,0,-2,549,322,3
1,5,0,-2,541,322,3
1,6,0,-2,520,311,3
1,7,0,-2,506,311,3
2,3,0,-2,547,304,2
2,4,0,-2,533,310,4
2,5,0,-2,518,309,4
2,6,0,-2,504,311,4
2,7,0,-2,491,313,4
3,4,0,-2,516,306,2
3,5,0,-2,504,309,4
3,6,0,-2,490,312,4
3,7,0,-2,474,312,4
4,5,0,-2,490,307,2
4,6,0,-2,477,311,4
4,7,0,-2,460,313,4
5,6,0,-2,461,309,2
5,7,0,-2,448,313,4
6,7,0,-2,431,312,2
--- ---VERSION
offset,limit,count-ms,lookup-mus,results
0,-2,162,294,8
---PATTERN START:  http://s.opencalais.com/1/linkeddata/pred/attribute/filingurl http://sec.gov/Archives/edgar/data/816956/0000914317-09-000511.txt.
--- ---VERSION MATERIALIZED
patch,offset,limit,count-ms,lookup-mus,results
0,0,-2,3,5,1
1,0,-2,291,221,2
2,0,-2,150,199,2
3,0,-2,150,215,3
4,0,-2,138,196,2
5,0,-2,146,197,2
6,0,-2,151,215,3
7,0,-2,133,191,2
--- ---DELTA MATERIALIZED
patch_start,patch_end,offset,limit,count-ms,lookup-mus,results
0,1,0,-2,145,156,2
0,2,0,-2,137,155,3
0,3,0,-2,146,163,3
0,4,0,-2,121,157,3
0,5,0,-2,129,157,3
0,6,0,-2,148,162,3
0,7,0,-2,115,160,3
1,2,0,-2,281,153,1
1,3,0,-2,288,162,3
1,4,0,-2,266,159,3
1,5,0,-2,272,160,3
1,6,0,-2,289,165,3
1,7,0,-2,257,161,3
2,3,0,-2,277,158,2
2,4,0,-2,247,158,4
2,5,0,-2,255,158,4
2,6,0,-2,277,164,4
2,7,0,-2,240,161,4
3,4,0,-2,263,157,2
3,5,0,-2,271,158,4
3,6,0,-2,289,165,4
3,7,0,-2,255,162,4
4,5,0,-2,242,156,2
4,6,0,-2,262,163,4
4,7,0,-2,229,161,4
5,6,0,-2,268,159,2
5,7,0,-2,236,161,4
6,7,0,-2,258,161,2
--- ---VERSION
offset,limit,count-ms,lookup-mus,results
0,-2,82,278,8
---PATTERN START:  http://s.opencalais.com/1/linkeddata/pred/attribute/uri http://d.opencalais.com/er/company/ralg-tr1r/29d48a16-4b3a-3d7d-8305-0a3a3226879c.
--- ---VERSION MATERIALIZED
patch,offset,limit,count-ms,lookup-mus,results
0,0,-2,4,4,1
1,0,-2,450,428,2
2,0,-2,330,380,2
3,0,-2,292,338,2
4,0,-2,326,380,2
5,0,-2,360,404,2
6,0,-2,274,323,2
7,0,-2,368,437,3
--- ---DELTA MATERIALIZED
patch_start,patch_end,offset,limit,count-ms,lookup-mus,results
0,1,0,-2,359,404,2
0,2,0,-2,326,396,3
0,3,0,-2,287,389,3
0,4,0,-2,309,389,3
0,5,0,-2,346,399,3
0,6,0,-2,265,392,3
0,7,0,-2,364,406,3
1,2,0,-2,685,393,1
1,3,0,-2,644,395,3
1,4,0,-2,675,391,3
1,5,0,-2,704,407,3
1,6,0,-2,621,397,3
1,7,0,-2,726,405,3
2,3,0,-2,615,389,2
2,4,0,-2,619,383,4
2,5,0,-2,657,393,4
2,6,0,-2,572,386,4
2,7,0,-2,681,407,4
3,4,0,-2,572,382,2
3,5,0,-2,613,394,4
3,6,0,-2,534,386,4
3,7,0,-2,641,399,4
4,5,0,-2,633,394,2
4,6,0,-2,555,385,4
4,7,0,-2,661,397,4
5,6,0,-2,596,384,2
5,7,0,-2,701,396,4
6,7,0,-2,621,396,2
--- ---VERSION
offset,limit,count-ms,lookup-mus,results
0,-2,202,392,8
---PATTERN START:  http://www.w3.org/2004/02/skos/core#relatedMatch http://lod.geospecies.org/orders/zyb2p.
--- ---VERSION MATERIALIZED
patch,offset,limit,count-ms,lookup-mus,results
0,0,-2,6,4,1
1,0,-2,157,167,1
2,0,-2,70,135,1
3,0,-2,72,135,1
4,0,-2,69,134,1
5,0,-2,69,134,1
6,0,-2,69,136,1
7,0,-2,70,135,1
--- ---DELTA MATERIALIZED
patch_start,patch_end,offset,limit,count-ms,lookup-mus,results
0,1,0,-2,65,53,0
0,2,0,-2,65,53,0
0,3,0,-2,65,53,0
0,4,0,-2,65,53,0
0,5,0,-2,65,54,0
0,6,0,-2,65,53,0
0,7,0,-2,65,53,0
1,2,0,-2,128,53,0
1,3,0,-2,127,54,0
1,4,0,-2,127,55,0
1,5,0,-2,127,53,0
1,6,0,-2,127,53,0
1,7,0,-2,128,54,0
2,3,0,-2,127,53,0
2,4,0,-2,129,53,0
2,5,0,-2,127,53,0
2,6,0,-2,127,54,0
2,7,0,-2,128,53,0
3,4,0,-2,128,53,0
3,5,0,-2,128,53,0
3,6,0,-2,127,53,0
3,7,0,-2,127,53,0
4,5,0,-2,127,56,0
4,6,0,-2,128,54,0
4,7,0,-2,127,53,0
5,6,0,-2,127,53,0
5,7,0,-2,128,53,0
6,7,0,-2,129,53,0
--- ---VERSION
offset,limit,count-ms,lookup-mus,results
0,-2,40,63,1
---PATTERN START:  http://www.w3.org/1999/02/22-rdf-syntax-ns#first http://purl.org/net/provenance/files#usedDataFile.
--- ---VERSION MATERIALIZED
patch,offset,limit,count-ms,lookup-mus,results
0,0,-2,5,4,1
1,0,-2,269,186,1
2,0,-2,189,175,0
3,0,-2,173,170,0
4,0,-2,166,162,0
5,0,-2,164,155,0
6,0,-2,152,147,0
7,0,-2,140,141,0
--- ---DELTA MATERIALIZED
patch_start,patch_end,offset,limit,count-ms,lookup-mus,results
0,1,0,-2,153,159,2
0,2,0,-2,153,162,3
0,3,0,-2,147,162,3
0,4,0,-2,136,164,3
0,5,0,-2,128,164,3
0,6,0,-2,123,165,3
0,7,0,-2,112,165,3
1,2,0,-2,304,160,1
1,3,0,-2,292,163,3
1,4,0,-2,288,166,3
1,5,0,-2,279,166,3
1,6,0,-2,272,167,3
1,7,0,-2,266,171,3
2,3,0,-2,294,164,2
2,4,0,-2,289,167,4
2,5,0,-2,280,169,4
2,6,0,-2,273,169,4
2,7,0,-2,265,170,4
3,4,0,-2,279,165,2
3,5,0,-2,269,172,4
3,6,0,-2,263,170,4
3,7,0,-2,254,172,4
4,5,0,-2,262,168,2
4,6,0,-2,254,178,4
4,7,0,-2,247,170,4
5,6,0,-2,251,167,2
5,7,0,-2,240,171,4
6,7,0,-2,234,168,2
--- ---VERSION
offset,limit,count-ms,lookup-mus,results
0,-2,83,210,8
---PATTERN START:  http://www.w3.org/1999/02/22-rdf-syntax-ns#first http://www.loa-cnr.it/ontologies/DUL.owl#SocialPerson.
--- ---VERSION MATERIALIZED
patch,offset,limit,count-ms,lookup-mus,results
0,0,-2,4,5,1
1,0,-2,241,180,1
2,0,-2,206,180,0
3,0,-2,177,173,0
4,0,-2,164,165,0
5,0,-2,157,155,0
6,0,-2,150,151,0
7,0,-2,147,140,0
--- ---DELTA MATERIALIZED
patch_start,patch_end,offset,limit,count-ms,lookup-mus,results
0,1,0,-2,154,156,2
0,2,0,-2,155,164,3
0,3,0,-2,148,162,3
0,4,0,-2,139,163,3
0,5,0,-2,133,163,3
0,6,0,-2,125,165,3
0,7,0,-2,118,166,3
1,2,0,-2,307,157,1
1,3,0,-2,298,165,3
1,4,0,-2,290,164,3
1,5,0,-2,284,166,3
1,6,0,-2,274,167,3
1,7,0,-2,268,168,3
2,3,0,-2,300,168,2
2,4,0,-2,296,166,4
2,5,0,-2,287,169,4
2,6,0,-2,278,170,4
2,7,0,-2,271,169,4
3,4,0,-2,283,162,2
3,5,0,-2,287,167,4
3,6,0,-2,269,169,4
3,7,0,-2,262,169,4
4,5,0,-2,269,165,2
4,6,0,-2,262,170,4
4,7,0,-2,254,173,4
5,6,0,-2,255,165,2
5,7,0,-2,247,178,4
6,7,0,-2,239,165,2
--- ---VERSION
offset,limit,count-ms,lookup-mus,results
0,-2,83,220,8
---PATTERN START:  http://www.w3.org/2002/07/owl#inverseOf http://www.loa-cnr.it/ontologies/DUL.owl#concretelyExpresses.
--- ---VERSION MATERIALIZED
patch,offset,limit,count-ms,lookup-mus,results
0,0,-2,3,4,1
1,0,-2,86,153,1
2,0,-2,43,95,1
3,0,-2,43,94,1
4,0,-2,43,95,1
5,0,-2,43,95,1
6,0,-2,43,94,1
7,0,-2,47,98,1
--- ---DELTA MATERIALIZED
patch_start,patch_end,offset,limit,count-ms,lookup-mus,results
0,1,0,-2,39,33,0
0,2,0,-2,39,33,0
0,3,0,-2,38,33,0
0,4,0,-2,39,33,0
0,5,0,-2,37,33,0
0,6,0,-2,39,33,0
0,7,0,-2,38,33,0
1,2,0,-2,75,33,0
1,3,0,-2,77,34,0
1,4,0,-2,75,34,0
1,5,0,-2,75,33,0
1,6,0,-2,74,35,0
1,7,0,-2,75,36,0
2,3,0,-2,79,33,0
2,4,0,-2,74,34,0
2,5,0,-2,77,33,0
2,6,0,-2,75,33,0
2,7,0,-2,74,34,0
3,4,0,-2,74,33,0
3,5,0,-2,74,33,0
3,6,0,-2,75,33,0
3,7,0,-2,75,33,0
4,5,0,-2,75,34,0
4,6,0,-2,74,34,0
4,7,0,-2,75,33,0
5,6,0,-2,75,33,0
5,7,0,-2,75,33,0
6,7,0,-2,74,33,0
--- ---VERSION
offset,limit,count-ms,lookup-mus,results
0,-2,26,42,1
---PATTERN START:  http://s.opencalais.com/1/linkeddata/pred/attribute/filingurl http://sec.gov/Archives/edgar/data/896159/0001193125-09-040758.txt.
--- ---VERSION MATERIALIZED
patch,offset,limit,count-ms,lookup-mus,results
0,0,-2,3,4,1
1,0,-2,168,203,2
2,0,-2,195,216,2
3,0,-2,136,182,2
4,0,-2,135,191,2
5,0,-2,131,177,3
6,0,-2,136,207,1
7,0,-2,136,199,1
--- ---DELTA MATERIALIZED
patch_start,patch_end,offset,limit,count-ms,lookup-mus,results
0,1,0,-2,142,143,1
0,2,0,-2,156,147,2
0,3,0,-2,122,144,2
0,4,0,-2,132,149,1
0,5,0,-2,114,146,2
0,6,0,-2,131,148,2
0,7,0,-2,131,150,2
1,2,0,-2,293,145,1
1,3,0,-2,261,156,3
1,4,0,-2,273,150,2
1,5,0,-2,253,151,3
1,6,0,-2,273,151,3
1,7,0,-2,271,151,3
2,3,0,-2,275,144,2
2,4,0,-2,293,152,3
2,5,0,-2,265,150,4
2,6,0,-2,285,152,4
2,7,0,-2,284,154,4
3,4,0,-2,253,152,3
3,5,0,-2,234,151,4
3,6,0,-2,252,153,4
3,7,0,-2,250,154,4
4,5,0,-2,243,147,1
4,6,0,-2,259,151,3
4,7,0,-2,279,154,3
5,6,0,-2,247,154,2
5,7,0,-2,242,151,4
6,7,0,-2,258,149,2
--- ---VERSION
offset,limit,count-ms,lookup-mus,results
0,-2,81,265,8
---PATTERN START:  http://rdf.geospecies.org/ont/geospecies#inOrder http://lod.geospecies.org/orders/ywWNa.
--- ---VERSION MATERIALIZED
patch,offset,limit,count-ms,lookup-mus,results
0,0,0,3,2,0
1,0,0,86,89,0
2,0,0,35,38,0
3,0,0,35,37,0
4,0,0,34,37,0
5,0,0,35,37,0
6,0,0,35,37,0
7,0,0,35,37,0
--- ---DELTA MATERIALIZED
patch_start,patch_end,offset,limit,count-ms,lookup-mus,results
0,1,0,0,34,10,0
0,2,0,0,31,10,0
0,3,0,0,30,10,0
0,4,0,0,30,10,0
0,5,0,0,30,9,0
0,6,0,0,31,10,0
0,7,0,0,31,10,0
1,2,0,0,58,10,0
1,3,0,0,58,10,0
1,4,0,0,58,9,0
1,5,0,0,59,10,0
1,6,0,0,58,10,0
1,7,0,0,59,10,0
2,3,0,0,59,10,0
2,4,0,0,59,10,0
2,5,0,0,58,10,0
2,6,0,0,58,10,0
2,7,0,0,58,10,0
3,4,0,0,58,10,0
3,5,0,0,58,10,0
3,6,0,0,58,10,0
3,7,0,0,59,10,0
4,5,0,0,58,10,0
4,6,0,0,58,10,0
4,7,0,0,59,10,0
5,6,0,0,59,10,0
5,7,0,0,59,10,0
6,7,0,0,59,10,0
--- ---VERSION
offset,limit,count-ms,lookup-mus,results
0,0,18,3,0
---PATTERN START:  http://s.opencalais.com/1/linkeddata/pred/attribute/filingurl http://sec.gov/Archives/edgar/data/833829/0001193125-08-251337.txt.
--- ---VERSION MATERIALIZED
patch,offset,limit,count-ms,lookup-mus,results
0,0,-2,2,4,1
1,0,-2,220,234,2
2,0,-2,153,210,2
3,0,-2,136,193,2
4,0,-2,158,231,3
5,0,-2,150,222,2
6,0,-2,146,200,2
7,0,-2,126,194,2
--- ---DELTA MATERIALIZED
patch_start,patch_end,offset,limit,count-ms,lookup-mus,results
0,1,0,-2,153,153,2
0,2,0,-2,138,156,3
0,3,0,-2,122,152,3
0,4,0,-2,153,158,3
0,5,0,-2,145,156,3
0,6,0,-2,127,160,3
0,7,0,-2,111,157,3
1,2,0,-2,290,154,1
1,3,0,-2,271,154,3
1,4,0,-2,304,153,3
1,5,0,-2,293,153,3
1,6,0,-2,278,160,3
1,7,0,-2,259,159,3
2,3,0,-2,246,150,2
2,4,0,-2,285,156,4
2,5,0,-2,270,155,4
2,6,0,-2,255,161,4
2,7,0,-2,240,159,4
3,4,0,-2,270,152,2
3,5,0,-2,255,155,4
3,6,0,-2,238,162,4
3,7,0,-2,222,158,4
4,5,0,-2,295,153,2
4,6,0,-2,275,161,4
4,7,0,-2,266,162,4
5,6,0,-2,267,161,2
5,7,0,-2,254,161,4
6,7,0,-2,236,158,2
--- ---VERSION
offset,limit,count-ms,lookup-mus,results
0,-2,81,258,8
---PATTERN START:  http://s.opencalais.com/1/linkeddata/pred/attribute/filingurl http://sec.gov/Archives/edgar/data/773840/0000930413-08-002454.txt.
--- ---VERSION MATERIALIZED
patch,offset,limit,count-ms,lookup-mus,results
0,0,-2,3,4,1
1,0,-2,205,213,2
2,0,-2,151,213,3
3,0,-2,153,195,2
4,0,-2,149,211,3
5,0,-2,134,171,2
6,0,-2,128,185,2
7,0,-2,133,182,2
--- ---DELTA MATERIALIZED
patch_start,patch_end,offset,limit,count-ms,lookup-mus,results
0,1,0,-2,145,158,2
0,2,0,-2,145,153,3
0,3,0,-2,133,149,3
0,4,0,-2,145,154,3
0,5,0,-2,108,152,3
0,6,0,-2,133,152,3
0,7,0,-2,116,156,3
1,2,0,-2,291,155,1
1,3,0,-2,279,154,3
1,4,0,-2,291,161,3
1,5,0,-2,255,158,3
1,6,0,-2,272,158,3
1,7,0,-2,264,160,3
2,3,0,-2,290,153,2
2,4,0,-2,290,163,4
2,5,0,-2,254,158,4
2,6,0,-2,270,161,4
2,7,0,-2,264,161,4
3,4,0,-2,282,170,2
3,5,0,-2,244,158,4
3,6,0,-2,262,159,4
3,7,0,-2,251,161,4
4,5,0,-2,254,152,2
4,6,0,-2,269,156,4
4,7,0,-2,264,159,4
5,6,0,-2,228,153,2
5,7,0,-2,226,158,4
6,7,0,-2,237,155,2
--- ---VERSION
offset,limit,count-ms,lookup-mus,results
0,-2,76,279,8
---PATTERN START:  http://www.w3.org/2004/02/skos/core#closeMatch http://lod.geospecies.org/orders/zyb2p.
--- ---VERSION MATERIALIZED
patch,offset,limit,count-ms,lookup-mus,results
0,0,-2,3,5,1
1,0,-2,147,128,1
2,0,-2,75,104,1
3,0,-2,74,110,1
4,0,-2,77,110,1
5,0,-2,82,108,1
6,0,-2,77,107,1
7,0,-2,76,109,1
--- ---DELTA MATERIALIZED
patch_start,patch_end,offset,limit,count-ms,lookup-mus,results
0,1,0,-2,73,65,0
0,2,0,-2,72,66,0
0,3,0,-2,73,68,0
0,4,0,-2,75,64,0
0,5,0,-2,72,64,0
0,6,0,-2,72,64,0
0,7,0,-2,72,64,0
1,2,0,-2,143,64,0
1,3,0,-2,141,64,0
1,4,0,-2,141,65,0
1,5,0,-2,141,63,0
1,6,0,-2,138,62,0
1,7,0,-2,137,67,0
2,3,0,-2,136,62,0
2,4,0,-2,136,66,0
2,5,0,-2,141,62,0
2,6,0,-2,137,62,0
2,7,0,-2,136,63,0
3,4,0,-2,136,65,0
3,5,0,-2,136,63,0
3,6,0,-2,136,62,0
3,7,0,-2,136,63,0
4,5,0,-2,136,64,0
4,6,0,-2,136,63,0
4,7,0,-2,136,63,0
5,6,0,-2,136,62,0
5,7,0,-2,136,68,0
6,7,0,-2,139,63,0
--- ---VERSION
offset,limit,count-ms,lookup-mus,results
0,-2,49,60,1
---PATTERN START:  http://www.purl.org/meducator/ns/repurposedFrom http://purl.org/meducator/resources/3b914b02-c0db-4902-9af0-f893312ccde1.
--- ---VERSION MATERIALIZED
patch,offset,limit,count-ms,lookup-mus,results
0,0,-2,5,5,1
1,0,-2,280,250,2
2,0,-2,182,246,2
3,0,-2,162,237,2
4,0,-2,154,230,2
5,0,-2,145,223,2
6,0,-2,153,215,2
7,0,-2,130,190,2
--- ---DELTA MATERIALIZED
patch_start,patch_end,offset,limit,count-ms,lookup-mus,results
0,1,0,-2,174,185,2
0,2,0,-2,164,169,3
0,3,0,-2,155,169,3
0,4,0,-2,149,171,3
0,5,0,-2,140,172,3
0,6,0,-2,133,176,3
0,7,0,-2,125,175,3
1,2,0,-2,335,164,1
1,3,0,-2,325,168,3
1,4,0,-2,319,169,3
1,5,0,-2,310,174,3
1,6,0,-2,304,172,3
1,7,0,-2,294,174,3
2,3,0,-2,307,165,2
2,4,0,-2,300,171,4
2,5,0,-2,292,173,4
2,6,0,-2,288,173,4
2,7,0,-2,276,185,4
3,4,0,-2,303,171,2
3,5,0,-2,295,176,4
3,6,0,-2,288,179,4
3,7,0,-2,282,181,4
4,5,0,-2,286,174,2
4,6,0,-2,281,179,4
4,7,0,-2,271,181,4
5,6,0,-2,273,175,2
5,7,0,-2,266,180,4
6,7,0,-2,255,175,2
--- ---VERSION
offset,limit,count-ms,lookup-mus,results
0,-2,96,260,8
---PATTERN START:  http://www.w3.org/2002/07/owl#inverseOf http://www.loa-cnr.it/ontologies/DUL.owl#isTaskDefinedIn.
--- ---VERSION MATERIALIZED
patch,offset,limit,count-ms,lookup-mus,results
0,0,0,3,2,0
1,0,0,48,48,0
2,0,0,43,47,0
3,0,0,42,46,0
4,0,0,44,47,0
5,0,0,44,46,0
6,0,0,42,46,0
7,0,0,42,47,0
--- ---DELTA MATERIALIZED
patch_start,patch_end,offset,limit,count-ms,lookup-mus,results
0,1,0,0,39,17,0
0,2,0,0,39,20,0
0,3,0,0,39,18,0
0,4,0,0,38,18,0
0,5,0,0,39,18,0
0,6,0,0,39,17,0
0,7,0,0,39,17,0
1,2,0,0,78,19,0
1,3,0,0,77,17,0
1,4,0,0,74,18,0
1,5,0,0,75,17,0
1,6,0,0,74,17,0
1,7,0,0,75,17,0
2,3,0,0,74,17,0
2,4,0,0,74,17,0
2,5,0,0,74,18,0
2,6,0,0,74,17,0
2,7,0,0,74,17,0
3,4,0,0,74,17,0
3,5,0,0,75,17,0
3,6,0,0,75,18,0
3,7,0,0,74,17,0
4,5,0,0,75,17,0
4,6,0,0,74,18,0
4,7,0,0,74,17,0
5,6,0,0,74,17,0
5,7,0,0,74,17,0
6,7,0,0,74,17,0
--- ---VERSION
offset,limit,count-ms,lookup-mus,results
0,0,24,2,0
---PATTERN START:  http://www.w3.org/2000/01/rdf-schema#seeAlso http://www.bosatsu.net/foaf/brian.rdf.
--- ---VERSION MATERIALIZED
patch,offset,limit,count-ms,lookup-mus,results
0,0,-2,3,5,1
1,0,-2,455,422,1
2,0,-2,423,406,0
3,0,-2,415,425,0
4,0,-2,371,379,0
5,0,-2,344,346,1
6,0,-2,332,318,0
7,0,-2,296,296,1
--- ---DELTA MATERIALIZED
patch_start,patch_end,offset,limit,count-ms,lookup-mus,results
0,1,0,-2,398,409,2
0,2,0,-2,378,410,3
0,3,0,-2,357,414,3
0,4,0,-2,339,412,3
0,5,0,-2,314,413,3
0,6,0,-2,294,414,3
0,7,0,-2,272,413,3
1,2,0,-2,779,409,1
1,3,0,-2,757,411,3
1,4,0,-2,736,415,3
1,5,0,-2,713,416,3
1,6,0,-2,694,416,3
1,7,0,-2,671,418,3
2,3,0,-2,734,414,2
2,4,0,-2,768,452,4
2,5,0,-2,753,450,4
2,6,0,-2,727,455,4
2,7,0,-2,699,455,4
3,4,0,-2,751,446,2
3,5,0,-2,729,451,4
3,6,0,-2,702,452,4
3,7,0,-2,679,455,4
4,5,0,-2,712,451,2
4,6,0,-2,673,451,4
4,7,0,-2,658,453,4
5,6,0,-2,656,449,2
5,7,0,-2,636,456,4
6,7,0,-2,613,454,2
--- ---VERSION
offset,limit,count-ms,lookup-mus,results
0,-2,227,358,8
---PATTERN START:  http://xmlns.com/foaf/0.1/homepage http://zepheira.com/team/eric/#me.
--- ---VERSION MATERIALIZED
patch,offset,limit,count-ms,lookup-mus,results
0,0,-2,5,4,1
1,0,-2,373,323,1
2,0,-2,307,316,1
3,0,-2,286,295,1
4,0,-2,270,275,0
5,0,-2,264,261,0
6,0,-2,243,252,1
7,0,-2,240,235,1
--- ---DELTA MATERIALIZED
patch_start,patch_end,offset,limit,count-ms,lookup-mus,results
0,1,0,-2,296,312,2
0,2,0,-2,288,311,3
0,3,0,-2,273,313,3
0,4,0,-2,255,315,3
0,5,0,-2,241,318,3
0,6,0,-2,227,316,3
0,7,0,-2,211,319,3
1,2,0,-2,582,312,1
1,3,0,-2,566,314,3
1,4,0,-2,548,316,3
1,5,0,-2,534,317,3
1,6,0,-2,520,317,3
1,7,0,-2,506,318,3
2,3,0,-2,556,311,2
2,4,0,-2,540,317,4
2,5,0,-2,523,318,4
2,6,0,-2,510,321,4
2,7,0,-2,493,321,4
3,4,0,-2,521,314,2
3,5,0,-2,506,319,4
3,6,0,-2,492,320,4
3,7,0,-2,476,321,4
4,5,0,-2,492,317,2
4,6,0,-2,474,319,4
4,7,0,-2,460,322,4
5,6,0,-2,460,319,2
5,7,0,-2,447,320,4
6,7,0,-2,430,318,2
--- ---VERSION
offset,limit,count-ms,lookup-mus,results
0,-2,158,292,8
---PATTERN START:  http://www.gazettes-online.co.uk/ontology#hasAuthority http://www.london-gazette.co.uk/issues/59418/notices/1118001/page.htm.
--- ---VERSION MATERIALIZED
patch,offset,limit,count-ms,lookup-mus,results
0,0,-2,4,4,1
1,0,-2,248,174,1
2,0,-2,153,174,1
3,0,-2,153,174,1
4,0,-2,152,175,1
5,0,-2,153,173,1
6,0,-2,154,174,1
7,0,-2,156,175,1
--- ---DELTA MATERIALIZED
patch_start,patch_end,offset,limit,count-ms,lookup-mus,results
0,1,0,-2,148,153,2
0,2,0,-2,148,156,2
0,3,0,-2,149,155,2
0,4,0,-2,150,156,2
0,5,0,-2,150,156,2
0,6,0,-2,151,157,2
0,7,0,-2,149,161,2
1,2,0,-2,294,156,2
1,3,0,-2,295,156,2
1,4,0,-2,295,158,2
1,5,0,-2,295,159,2
1,6,0,-2,294,160,2
1,7,0,-2,299,163,2
2,3,0,-2,295,157,2
2,4,0,-2,295,157,2
2,5,0,-2,295,159,2
2,6,0,-2,295,160,2
2,7,0,-2,298,162,2
3,4,0,-2,294,157,2
3,5,0,-2,297,159,2
3,6,0,-2,296,162,2
3,7,0,-2,295,162,2
4,5,0,-2,298,158,2
4,6,0,-2,295,160,2
4,7,0,-2,296,165,2
5,6,0,-2,298,160,2
5,7,0,-2,298,162,2
6,7,0,-2,296,163,2
--- ---VERSION
offset,limit,count-ms,lookup-mus,results
0,-2,81,351,8
---PATTERN START:  http://www.w3.org/1999/02/22-rdf-syntax-ns#first http://www.loa-cnr.it/ontologies/DUL.owl#NaturalPerson.
--- ---VERSION MATERIALIZED
patch,offset,limit,count-ms,lookup-mus,results
0,0,-2,2,4,1
1,0,-2,183,177,1
2,0,-2,168,178,0
3,0,-2,157,168,0
4,0,-2,155,166,0
5,0,-2,142,154,0
6,0,-2,136,144,0
7,0,-2,129,140,0
--- ---DELTA MATERIALIZED
patch_start,patch_end,offset,limit,count-ms,lookup-mus,results
0,1,0,-2,151,152,2
0,2,0,-2,151,155,3
0,3,0,-2,145,156,3
0,4,0,-2,135,157,3
0,5,0,-2,126,161,3
0,6,0,-2,120,159,3
0,7,0,-2,112,160,3
1,2,0,-2,300,153,1
1,3,0,-2,289,157,3
1,4,0,-2,284,159,3
1,5,0,-2,275,160,3
1,6,0,-2,271,161,3
1,7,0,-2,260,163,3
2,3,0,-2,291,157,2
2,4,0,-2,282,162,4
2,5,0,-2,275,162,4
2,6,0,-2,271,164,4
2,7,0,-2,261,165,4
3,4,0,-2,277,157,2
3,5,0,-2,270,164,4
3,6,0,-2,265,165,4
3,7,0,-2,256,168,4
4,5,0,-2,265,161,2
4,6,0,-2,256,165,4
4,7,0,-2,249,167,4
5,6,0,-2,246,164,2
5,7,0,-2,240,166,4
6,7,0,-2,234,165,2
--- ---VERSION
offset,limit,count-ms,lookup-mus,results
0,-2,81,216,8
---PATTERN START:  http://www.w3.org/2002/07/owl#onProperty http://www.loa-cnr.it/ontologies/DUL.owl#concretelyExpresses.
--- ---VERSION MATERIALIZED
patch,offset,limit,count-ms,lookup-mus,results
0,0,-2,2,5,1
1,0,-2,243,186,1
2,0,-2,193,189,1
3,0,-2,193,182,1
4,0,-2,168,175,1
5,0,-2,160,163,1
6,0,-2,153,155,1
7,0,-2,145,147,1
--- ---DELTA MATERIALIZED
patch_start,patch_end,offset,limit,count-ms,lookup-mus,results
0,1,0,-2,159,162,2
0,2,0,-2,160,164,3
0,3,0,-2,151,164,3
0,4,0,-2,142,166,3
0,5,0,-2,138,167,3
0,6,0,-2,126,168,3
0,7,0,-2,118,169,3
1,2,0,-2,316,162,1
1,3,0,-2,308,166,3
1,4,0,-2,300,167,3
1,5,0,-2,294,168,3
1,6,0,-2,286,172,3
1,7,0,-2,292,173,3
2,3,0,-2,309,165,2
2,4,0,-2,303,170,4
2,5,0,-2,296,172,4
2,6,0,-2,285,172,4
2,7,0,-2,279,174,4
3,4,0,-2,293,168,2
3,5,0,-2,284,172,4
3,6,0,-2,277,177,4
3,7,0,-2,270,174,4
4,5,0,-2,279,169,2
4,6,0,-2,269,173,4
4,7,0,-2,264,174,4
5,6,0,-2,261,170,2
5,7,0,-2,262,175,4
6,7,0,-2,245,173,2
--- ---VERSION
offset,limit,count-ms,lookup-mus,results
0,-2,89,227,8
---PATTERN START:  http://www.w3.org/2002/07/owl#onProperty http://swrc.ontoware.org/ontology#note.
--- ---VERSION MATERIALIZED
patch,offset,limit,count-ms,lookup-mus,results
0,0,-2,4,4,1
1,0,-2,239,180,1
2,0,-2,188,184,1
3,0,-2,172,173,1
4,0,-2,159,181,1
5,0,-2,156,156,1
6,0,-2,160,179,1
7,0,-2,141,142,1
--- ---DELTA MATERIALIZED
patch_start,patch_end,offset,limit,count-ms,lookup-mus,results
0,1,0,-2,154,159,2
0,2,0,-2,155,162,3
0,3,0,-2,149,162,3
0,4,0,-2,154,162,2
0,5,0,-2,131,166,3
0,6,0,-2,155,164,2
0,7,0,-2,116,166,3
1,2,0,-2,307,160,1
1,3,0,-2,298,167,3
1,4,0,-2,305,163,2
1,5,0,-2,283,167,3
1,6,0,-2,308,167,2
1,7,0,-2,268,170,3
2,3,0,-2,298,162,2
2,4,0,-2,310,166,3
2,5,0,-2,283,170,4
2,6,0,-2,308,169,3
2,7,0,-2,269,171,4
3,4,0,-2,298,166,3
3,5,0,-2,276,168,4
3,6,0,-2,300,169,3
3,7,0,-2,260,171,4
4,5,0,-2,284,165,1
4,6,0,-2,307,166,2
4,7,0,-2,271,169,3
5,6,0,-2,285,168,3
5,7,0,-2,246,171,4
6,7,0,-2,270,166,1
--- ---VERSION
offset,limit,count-ms,lookup-mus,results
0,-2,87,275,8
---PATTERN START:  http://www.gazettes-online.co.uk/ontology#hasAuthority http://www.london-gazette.co.uk/issues/59418/notices/1118052/page.htm.
--- ---VERSION MATERIALIZED
patch,offset,limit,count-ms,lookup-mus,results
0,0,-2,2,4,1
1,0,-2,176,176,1
2,0,-2,152,176,1
3,0,-2,155,177,1
4,0,-2,152,175,1
5,0,-2,153,178,1
6,0,-2,153,176,1
7,0,-2,154,179,1
--- ---DELTA MATERIALIZED
patch_start,patch_end,offset,limit,count-ms,lookup-mus,results
0,1,0,-2,148,152,2
0,2,0,-2,149,154,2
0,3,0,-2,157,155,2
0,4,0,-2,148,155,2
0,5,0,-2,149,156,2
0,6,0,-2,150,157,2
0,7,0,-2,149,158,2
1,2,0,-2,294,154,2
1,3,0,-2,294,155,2
1,4,0,-2,292,157,2
1,5,0,-2,292,158,2
1,6,0,-2,293,160,2
1,7,0,-2,294,165,2
2,3,0,-2,293,155,2
2,4,0,-2,294,157,2
2,5,0,-2,292,158,2
2,6,0,-2,294,160,2
2,7,0,-2,292,161,2
3,4,0,-2,297,156,2
3,5,0,-2,295,159,2
3,6,0,-2,293,159,2
3,7,0,-2,296,161,2
4,5,0,-2,293,158,2
4,6,0,-2,295,159,2
4,7,0,-2,294,160,2
5,6,0,-2,294,159,2
5,7,0,-2,293,161,2
6,7,0,-2,296,160,2
--- ---VERSION
offset,limit,count-ms,lookup-mus,results
0,-2,78,281,8
---PATTERN START:  http://xmlns.com/foaf/0.1/knows http://zepheira.com/team/eric/#me.
--- ---VERSION MATERIALIZED
patch,offset,limit,count-ms,lookup-mus,results
0,0,-2,2,5,1
1,0,-2,112,170,1
2,0,-2,61,114,1
3,0,-2,62,114,1
4,0,-2,62,114,1
5,0,-2,62,115,1
6,0,-2,62,114,1
7,0,-2,61,114,1
--- ---DELTA MATERIALIZED
patch_start,patch_end,offset,limit,count-ms,lookup-mus,results
0,1,0,-2,58,51,0
0,2,0,-2,57,50,0
0,3,0,-2,58,51,0
0,4,0,-2,59,51,0
0,5,0,-2,57,50,0
0,6,0,-2,57,51,0
0,7,0,-2,57,50,0
1,2,0,-2,112,51,0
1,3,0,-2,112,50,0
1,4,0,-2,113,51,0
1,5,0,-2,112,51,0
1,6,0,-2,112,51,0
1,7,0,-2,112,51,0
2,3,0,-2,112,51,0
2,4,0,-2,113,51,0
2,5,0,-2,113,50,0
2,6,0,-2,114,51,0
2,7,0,-2,112,51,0
3,4,0,-2,112,53,0
3,5,0,-2,112,51,0
3,6,0,-2,111,51,0
3,7,0,-2,112,51,0
4,5,0,-2,112,52,0
4,6,0,-2,112,52,0
4,7,0,-2,112,51,0
5,6,0,-2,112,51,0
5,7,0,-2,112,51,0
6,7,0,-2,112,50,0
--- ---VERSION
offset,limit,count-ms,lookup-mus,results
0,-2,35,56,1
---PATTERN START:  http://xmlns.com/foaf/0.1/mbox mailto:em@zepheira.com.
--- ---VERSION MATERIALIZED
patch,offset,limit,count-ms,lookup-mus,results
0,0,-2,3,4,1
1,0,-2,271,238,1
2,0,-2,210,234,1
3,0,-2,197,217,1
4,0,-2,183,204,1
5,0,-2,171,192,1
6,0,-2,157,180,1
7,0,-2,145,170,1
--- ---DELTA MATERIALIZED
patch_start,patch_end,offset,limit,count-ms,lookup-mus,results
0,1,0,-2,206,214,2
0,2,0,-2,205,218,3
0,3,0,-2,191,217,3
0,4,0,-2,177,218,3
0,5,0,-2,166,220,3
0,6,0,-2,152,223,3
0,7,0,-2,140,222,3
1,2,0,-2,410,213,1
1,3,0,-2,395,219,3
1,4,0,-2,381,220,3
1,5,0,-2,371,222,3
1,6,0,-2,359,222,3
1,7,0,-2,344,225,3
2,3,0,-2,394,217,2
2,4,0,-2,382,222,4
2,5,0,-2,368,222,4
2,6,0,-2,355,224,4
2,7,0,-2,343,225,4
3,4,0,-2,367,219,2
3,5,0,-2,353,222,4
3,6,0,-2,341,224,4
3,7,0,-2,328,225,4
4,5,0,-2,343,219,2
4,6,0,-2,327,226,4
4,7,0,-2,314,225,4
5,6,0,-2,315,221,2
5,7,0,-2,303,228,4
6,7,0,-2,289,222,2
--- ---VERSION
offset,limit,count-ms,lookup-mus,results
0,-2,100,238,8
---PATTERN START:  http://www.w3.org/2002/07/owl#equivalentProperty http://swrc.ontoware.org/ontology#volume.
--- ---VERSION MATERIALIZED
patch,offset,limit,count-ms,lookup-mus,results
0,0,0,3,2,0
1,0,0,99,98,0
2,0,0,45,67,0
3,0,0,46,67,0
4,0,0,46,67,0
5,0,0,46,67,0
6,0,0,46,66,0
7,0,0,46,68,0
--- ---DELTA MATERIALIZED
patch_start,patch_end,offset,limit,count-ms,lookup-mus,results
0,1,0,0,42,18,0
0,2,0,0,41,18,0
0,3,0,0,41,18,0
0,4,0,0,41,18,0
0,5,0,0,41,18,0
0,6,0,0,41,18,0
0,7,0,0,42,18,0
1,2,0,0,79,18,0
1,3,0,0,80,18,0
1,4,0,0,79,18,0
1,5,0,0,81,18,0
1,6,0,0,80,18,0
1,7,0,0,80,18,0
2,3,0,0,80,18,0
2,4,0,0,79,18,0
2,5,0,0,79,18,0
2,6,0,0,79,18,0
2,7,0,0,81,18,0
3,4,0,0,81,18,0
3,5,0,0,80,18,0
3,6,0,0,80,17,0
3,7,0,0,80,18,0
4,5,0,0,79,18,0
4,6,0,0,79,19,0
4,7,0,0,80,18,0
5,6,0,0,80,18,0
5,7,0,0,82,18,0
6,7,0,0,80,18,0
--- ---VERSION
offset,limit,count-ms,lookup-mus,results
0,0,29,2,0
---PATTERN START:  http://s.opencalais.com/1/linkeddata/pred/attribute/filingurl http://sec.gov/Archives/edgar/data/1750/0001047469-08-008126.txt.
--- ---VERSION MATERIALIZED
patch,offset,limit,count-ms,lookup-mus,results
0,0,-2,3,5,1
1,0,-2,229,239,2
2,0,-2,169,230,2
3,0,-2,136,193,2
4,0,-2,139,208,2
5,0,-2,169,241,3
6,0,-2,148,212,2
7,0,-2,156,223,2
--- ---DELTA MATERIALIZED
patch_start,patch_end,offset,limit,count-ms,lookup-mus,results
0,1,0,-2,160,161,2
0,2,0,-2,150,162,3
0,3,0,-2,116,157,3
0,4,0,-2,125,158,3
0,5,0,-2,163,160,3
0,6,0,-2,132,161,3
0,7,0,-2,141,162,3
1,2,0,-2,310,159,1
1,3,0,-2,275,160,3
1,4,0,-2,282,161,3
1,5,0,-2,319,160,3
1,6,0,-2,286,160,3
1,7,0,-2,296,162,3
2,3,0,-2,258,156,2
2,4,0,-2,266,158,4
2,5,0,-2,305,162,4
2,6,0,-2,273,169,4
2,7,0,-2,282,164,4
3,4,0,-2,231,156,2
3,5,0,-2,271,160,4
3,6,0,-2,238,161,4
3,7,0,-2,250,163,4
4,5,0,-2,278,158,2
4,6,0,-2,249,162,4
4,7,0,-2,254,165,4
5,6,0,-2,306,164,2
5,7,0,-2,303,172,4
6,7,0,-2,273,163,2
--- ---VERSION
offset,limit,count-ms,lookup-mus,results
0,-2,83,275,8
---PATTERN START:  http://www.w3.org/2004/02/skos/core#broaderTransitive http://lod.geospecies.org/orders/zyb2p.
--- ---VERSION MATERIALIZED
patch,offset,limit,count-ms,lookup-mus,results
0,0,0,2,2,0
1,0,0,111,73,0
2,0,0,71,53,0
3,0,0,65,52,0
4,0,0,65,52,0
5,0,0,65,52,0
6,0,0,65,52,0
7,0,0,65,52,0
--- ---DELTA MATERIALIZED
patch_start,patch_end,offset,limit,count-ms,lookup-mus,results
0,1,0,0,64,24,0
0,2,0,0,62,24,0
0,3,0,0,61,24,0
0,4,0,0,61,24,0
0,5,0,0,61,24,0
0,6,0,0,61,23,0
0,7,0,0,61,24,0
1,2,0,0,121,24,0
1,3,0,0,122,24,0
1,4,0,0,120,24,0
1,5,0,0,120,24,0
1,6,0,0,120,24,0
1,7,0,0,120,24,0
2,3,0,0,121,24,0
2,4,0,0,122,24,0
2,5,0,0,120,24,0
2,6,0,0,122,24,0
2,7,0,0,121,24,0
3,4,0,0,120,24,0
3,5,0,0,123,24,0
3,6,0,0,120,24,0
3,7,0,0,120,24,0
4,5,0,0,120,24,0
4,6,0,0,121,24,0
4,7,0,0,120,24,0
5,6,0,0,120,24,0
5,7,0,0,120,24,0
6,7,0,0,120,24,0
--- ---VERSION
offset,limit,count-ms,lookup-mus,results
0,0,38,2,0
---PATTERN START:  http://rdf.geospecies.org/ont/geospecies#inOrder http://lod.geospecies.org/orders/zyb2p.
--- ---VERSION MATERIALIZED
patch,offset,limit,count-ms,lookup-mus,results
0,0,0,3,2,0
1,0,0,36,41,0
2,0,0,34,40,0
3,0,0,36,40,0
4,0,0,34,40,0
5,0,0,34,40,0
6,0,0,36,40,0
7,0,0,34,42,0
--- ---DELTA MATERIALIZED
patch_start,patch_end,offset,limit,count-ms,lookup-mus,results
0,1,0,0,31,10,0
0,2,0,0,30,10,0
0,3,0,0,31,10,0
0,4,0,0,30,10,0
0,5,0,0,30,10,0
0,6,0,0,31,10,0
0,7,0,0,30,10,0
1,2,0,0,58,10,0
1,3,0,0,58,10,0
1,4,0,0,58,10,0
1,5,0,0,58,10,0
1,6,0,0,59,10,0
1,7,0,0,58,10,0
2,3,0,0,59,13,0
2,4,0,0,59,10,0
2,5,0,0,58,10,0
2,6,0,0,59,10,0
2,7,0,0,58,10,0
3,4,0,0,58,10,0
3,5,0,0,58,10,0
3,6,0,0,59,10,0
3,7,0,0,59,10,0
4,5,0,0,59,10,0
4,6,0,0,59,10,0
4,7,0,0,58,10,0
5,6,0,0,60,10,0
5,7,0,0,58,10,0
6,7,0,0,59,10,0
--- ---VERSION
offset,limit,count-ms,lookup-mus,results
0,0,18,2,0
---PATTERN START:  http://www.w3.org/2002/07/owl#onProperty http://www.loa-cnr.it/ontologies/DUL.owl#isTaskDefinedIn.
--- ---VERSION MATERIALIZED
patch,offset,limit,count-ms,lookup-mus,results
0,0,-2,2,5,1
1,0,-2,219,188,1
2,0,-2,188,186,1
3,0,-2,583,177,1
4,0,-2,165,168,1
5,0,-2,154,159,1
6,0,-2,151,157,1
7,0,-2,143,144,1
--- ---DELTA MATERIALIZED
patch_start,patch_end,offset,limit,count-ms,lookup-mus,results
0,1,0,-2,159,163,2
0,2,0,-2,158,165,3
0,3,0,-2,147,167,3
0,4,0,-2,137,169,3
0,5,0,-2,129,169,3
0,6,0,-2,123,169,3
0,7,0,-2,114,174,3
1,2,0,-2,312,163,1
1,3,0,-2,303,168,3
1,4,0,-2,293,169,3
1,5,0,-2,286,171,3
1,6,0,-2,278,174,3
1,7,0,-2,270,174,3
2,3,0,-2,301,166,2
2,4,0,-2,298,171,4
2,5,0,-2,283,172,4
2,6,0,-2,278,174,4
2,7,0,-2,270,175,4
3,4,0,-2,281,170,2
3,5,0,-2,273,171,4
3,6,0,-2,268,174,4
3,7,0,-2,258,175,4
4,5,0,-2,266,169,2
4,6,0,-2,258,173,4
4,7,0,-2,249,176,4
5,6,0,-2,249,170,2
5,7,0,-2,242,174,4
6,7,0,-2,234,171,2
--- ---VERSION
offset,limit,count-ms,lookup-mus,results
0,-2,84,220,8
---PATTERN START:  http://www.w3.org/1999/02/22-rdf-syntax-ns#first http://purl.org/net/provenance/files#usedGuidelineFile.
--- ---VERSION MATERIALIZED
patch,offset,limit,count-ms,lookup-mus,results
0,0,-2,3,3,1
1,0,-2,177,177,1
2,0,-2,166,178,1
3,0,-2,176,166,0
4,0,-2,157,157,0
5,0,-2,146,153,0
6,0,-2,137,140,0
7,0,-2,129,141,0
--- ---DELTA MATERIALIZED
patch_start,patch_end,offset,limit,count-ms,lookup-mus,results
0,1,0,-2,153,158,2
0,2,0,-2,153,159,3
0,3,0,-2,145,160,3
0,4,0,-2,138,162,3
0,5,0,-2,131,162,3
0,6,0,-2,123,165,3
0,7,0,-2,114,164,3
1,2,0,-2,302,158,1
1,3,0,-2,294,160,3
1,4,0,-2,286,163,3
1,5,0,-2,280,164,3
1,6,0,-2,273,164,3
1,7,0,-2,264,166,3
2,3,0,-2,294,159,2
2,4,0,-2,286,163,4
2,5,0,-2,280,165,4
2,6,0,-2,271,169,4
2,7,0,-2,262,167,4
3,4,0,-2,280,162,2
3,5,0,-2,271,165,4
3,6,0,-2,266,166,4
3,7,0,-2,256,167,4
4,5,0,-2,271,162,2
4,6,0,-2,256,170,4
4,7,0,-2,254,168,4
5,6,0,-2,250,165,2
5,7,0,-2,247,169,4
6,7,0,-2,235,165,2
--- ---VERSION
offset,limit,count-ms,lookup-mus,results
0,-2,86,213,8
---PATTERN START:  http://www.w3.org/2000/01/rdf-schema#seeAlso http://diskpig.org/blog.
--- ---VERSION MATERIALIZED
patch,offset,limit,count-ms,lookup-mus,results
0,0,-2,5,4,1
1,0,-2,332,275,1
2,0,-2,269,272,0
3,0,-2,254,276,0
4,0,-2,244,262,0
5,0,-2,242,232,0
6,0,-2,231,224,0
7,0,-2,220,211,0
--- ---DELTA MATERIALIZED
patch_start,patch_end,offset,limit,count-ms,lookup-mus,results
0,1,0,-2,252,262,2
0,2,0,-2,250,263,3
0,3,0,-2,239,264,3
0,4,0,-2,227,265,3
0,5,0,-2,215,267,3
0,6,0,-2,205,277,3
0,7,0,-2,192,269,3
1,2,0,-2,495,260,1
1,3,0,-2,483,265,3
1,4,0,-2,475,268,3
1,5,0,-2,463,266,3
1,6,0,-2,451,267,3
1,7,0,-2,442,269,3
2,3,0,-2,480,261,2
2,4,0,-2,467,267,4
2,5,0,-2,458,270,4
2,6,0,-2,447,269,4
2,7,0,-2,434,271,4
3,4,0,-2,457,263,2
3,5,0,-2,448,267,4
3,6,0,-2,435,269,4
3,7,0,-2,424,270,4
4,5,0,-2,436,265,2
4,6,0,-2,423,269,4
4,7,0,-2,410,273,4
5,6,0,-2,410,266,2
5,7,0,-2,403,270,4
6,7,0,-2,389,267,2
--- ---VERSION
offset,limit,count-ms,lookup-mus,results
0,-2,143,278,8
---PATTERN START:  http://www.w3.org/2002/07/owl#onProperty http://swrc.ontoware.org/ontology#source.
--- ---VERSION MATERIALIZED
patch,offset,limit,count-ms,lookup-mus,results
0,0,-2,2,5,1
1,0,-2,219,181,1
2,0,-2,170,182,1
3,0,-2,174,172,1
4,0,-2,160,180,1
5,0,-2,156,157,1
6,0,-2,159,181,1
7,0,-2,130,141,1
--- ---DELTA MATERIALIZED
patch_start,patch_end,offset,limit,count-ms,lookup-mus,results
0,1,0,-2,157,161,2
0,2,0,-2,155,163,3
0,3,0,-2,146,166,3
0,4,0,-2,156,164,2
0,5,0,-2,130,167,3
0,6,0,-2,157,167,2
0,7,0,-2,115,169,3
1,2,0,-2,305,164,1
1,3,0,-2,297,165,3
1,4,0,-2,309,166,2
1,5,0,-2,281,168,3
1,6,0,-2,308,169,2
1,7,0,-2,266,173,3
2,3,0,-2,299,165,2
2,4,0,-2,309,167,3
2,5,0,-2,282,170,4
2,6,0,-2,310,171,3
2,7,0,-2,268,173,4
3,4,0,-2,302,167,3
3,5,0,-2,274,171,4
3,6,0,-2,300,170,3
3,7,0,-2,260,172,4
4,5,0,-2,282,166,1
4,6,0,-2,310,169,2
4,7,0,-2,266,171,3
5,6,0,-2,285,170,3
5,7,0,-2,242,173,4
6,7,0,-2,267,168,1
--- ---VERSION
offset,limit,count-ms,lookup-mus,results
0,-2,83,252,8
---PATTERN START:  http://www.gazettes-online.co.uk/ontology#isAboutDocument http://www.gazettes-online.co.uk/ontology/legislation#TheCamden(WaitingandLoadingRestrictions)(AmendmentNo.*240*)TrafficOrder2010.
--- ---VERSION MATERIALIZED
patch,offset,limit,count-ms,lookup-mus,results
0,0,-2,4,5,1
1,0,-2,342,312,1
2,0,-2,284,316,1
3,0,-2,282,319,1
4,0,-2,285,316,1
5,0,-2,297,316,1
6,0,-2,281,314,1
7,0,-2,282,309,1
--- ---DELTA MATERIALIZED
patch_start,patch_end,offset,limit,count-ms,lookup-mus,results
0,1,0,-2,270,266,2
0,2,0,-2,273,271,2
0,3,0,-2,271,272,2
0,4,0,-2,271,271,2
0,5,0,-2,274,273,2
0,6,0,-2,271,276,2
0,7,0,-2,270,275,2
1,2,0,-2,541,270,2
1,3,0,-2,543,272,2
1,4,0,-2,542,275,2
1,5,0,-2,543,275,2
1,6,0,-2,541,276,2
1,7,0,-2,540,289,2
2,3,0,-2,547,280,2
2,4,0,-2,554,281,2
2,5,0,-2,551,282,2
2,6,0,-2,551,285,2
2,7,0,-2,554,284,2
3,4,0,-2,550,283,2
3,5,0,-2,561,282,2
3,6,0,-2,554,283,2
3,7,0,-2,552,285,2
4,5,0,-2,556,282,2
4,6,0,-2,544,274,2
4,7,0,-2,542,278,2
5,6,0,-2,543,275,2
5,7,0,-2,543,278,2
6,7,0,-2,543,277,2
--- ---VERSION
offset,limit,count-ms,lookup-mus,results
0,-2,156,441,8
---PATTERN START:  http://www.w3.org/2000/01/rdf-schema#seeAlso http://ontrenet.com/.
--- ---VERSION MATERIALIZED
patch,offset,limit,count-ms,lookup-mus,results
0,0,-2,3,4,1
1,0,-2,322,281,1
2,0,-2,260,265,1
3,0,-2,256,258,1
4,0,-2,232,238,0
5,0,-2,233,230,1
6,0,-2,213,217,1
7,0,-2,206,206,1
--- ---DELTA MATERIALIZED
patch_start,patch_end,offset,limit,count-ms,lookup-mus,results
0,1,0,-2,244,255,2
0,2,0,-2,240,254,3
0,3,0,-2,226,257,3
0,4,0,-2,216,257,3
0,5,0,-2,205,258,3
0,6,0,-2,192,262,3
0,7,0,-2,181,261,3
1,2,0,-2,483,254,1
1,3,0,-2,469,256,3
1,4,0,-2,460,259,3
1,5,0,-2,445,261,3
1,6,0,-2,435,265,3
1,7,0,-2,423,266,3
2,3,0,-2,470,259,2
2,4,0,-2,466,262,4
2,5,0,-2,446,262,4
2,6,0,-2,437,264,4
2,7,0,-2,423,265,4
3,4,0,-2,443,262,2
3,5,0,-2,431,267,4
3,6,0,-2,420,265,4
3,7,0,-2,407,266,4
4,5,0,-2,421,261,2
4,6,0,-2,412,265,4
4,7,0,-2,399,266,4
5,6,0,-2,398,264,2
5,7,0,-2,384,268,4
6,7,0,-2,374,263,2
--- ---VERSION
offset,limit,count-ms,lookup-mus,results
0,-2,140,264,8
---PATTERN START:  http://www.w3.org/2002/07/owl#inverseOf http://www.loa-cnr.it/ontologies/DUL.owl#parametrizes.
--- ---VERSION MATERIALIZED
patch,offset,limit,count-ms,lookup-mus,results
0,0,-2,3,4,1
1,0,-2,43,94,1
2,0,-2,42,92,1
3,0,-2,43,91,1
4,0,-2,43,92,1
5,0,-2,41,86,1
6,0,-2,42,85,1
7,0,-2,40,87,1
--- ---DELTA MATERIALIZED
patch_start,patch_end,offset,limit,count-ms,lookup-mus,results
0,1,0,-2,37,31,0
0,2,0,-2,37,31,0
0,3,0,-2,37,31,0
0,4,0,-2,37,31,0
0,5,0,-2,37,31,0
0,6,0,-2,36,31,0
0,7,0,-2,36,31,0
1,2,0,-2,70,32,0
1,3,0,-2,71,30,0
1,4,0,-2,72,31,0
1,5,0,-2,70,31,0
1,6,0,-2,70,30,0
1,7,0,-2,70,30,0
2,3,0,-2,70,31,0
2,4,0,-2,70,31,0
2,5,0,-2,71,31,0
2,6,0,-2,70,31,0
2,7,0,-2,70,31,0
3,4,0,-2,71,31,0
3,5,0,-2,71,31,0
3,6,0,-2,71,31,0
3,7,0,-2,71,30,0
4,5,0,-2,70,31,0
4,6,0,-2,73,31,0
4,7,0,-2,71,31,0
5,6,0,-2,70,31,0
5,7,0,-2,71,31,0
6,7,0,-2,70,31,0
--- ---VERSION
offset,limit,count-ms,lookup-mus,results
0,-2,24,38,1
---PATTERN START:  http://www.w3.org/2000/01/rdf-schema#seeAlso http://www.softwarememetics.com/about_us.html.
--- ---VERSION MATERIALIZED
patch,offset,limit,count-ms,lookup-mus,results
0,0,-2,3,4,1
1,0,-2,324,296,1
2,0,-2,284,295,1
3,0,-2,268,269,0
4,0,-2,246,256,0
5,0,-2,248,246,1
6,0,-2,242,241,1
7,0,-2,219,222,1
--- ---DELTA MATERIALIZED
patch_start,patch_end,offset,limit,count-ms,lookup-mus,results
0,1,0,-2,269,278,2
0,2,0,-2,263,278,3
0,3,0,-2,247,283,3
0,4,0,-2,233,281,3
0,5,0,-2,220,286,3
0,6,0,-2,208,284,3
0,7,0,-2,194,287,3
1,2,0,-2,527,279,1
1,3,0,-2,515,284,3
1,4,0,-2,500,284,3
1,5,0,-2,488,284,3
1,6,0,-2,476,285,3
1,7,0,-2,460,289,3
2,3,0,-2,507,281,2
2,4,0,-2,493,284,4
2,5,0,-2,478,286,4
2,6,0,-2,465,296,4
2,7,0,-2,451,298,4
3,4,0,-2,491,290,2
3,5,0,-2,478,296,4
3,6,0,-2,464,298,4
3,7,0,-2,451,297,4
4,5,0,-2,469,293,2
4,6,0,-2,452,296,4
4,7,0,-2,440,299,4
5,6,0,-2,441,294,2
5,7,0,-2,426,296,4
6,7,0,-2,412,295,2
--- ---VERSION
offset,limit,count-ms,lookup-mus,results
0,-2,153,286,8
---PATTERN START:  http://www.w3.org/2004/02/skos/core#relatedMatch http://lod.geospecies.org/orders/ywWNa.
--- ---VERSION MATERIALIZED
patch,offset,limit,count-ms,lookup-mus,results
0,0,-2,2,4,1
1,0,-2,70,153,1
2,0,-2,68,139,1
3,0,-2,67,140,1
4,0,-2,67,139,1
5,0,-2,70,140,1
6,0,-2,67,140,1
7,0,-2,67,139,1
--- ---DELTA MATERIALIZED
patch_start,patch_end,offset,limit,count-ms,lookup-mus,results
0,1,0,-2,63,51,0
0,2,0,-2,63,52,0
0,3,0,-2,62,51,0
0,4,0,-2,62,51,0
0,5,0,-2,62,51,0
0,6,0,-2,62,51,0
0,7,0,-2,63,52,0
1,2,0,-2,122,52,0
1,3,0,-2,122,51,0
1,4,0,-2,122,51,0
1,5,0,-2,122,51,0
1,6,0,-2,122,51,0
1,7,0,-2,124,51,0
2,3,0,-2,123,51,0
2,4,0,-2,122,51,0
2,5,0,-2,123,51,0
2,6,0,-2,122,52,0
2,7,0,-2,123,51,0
3,4,0,-2,122,51,0
3,5,0,-2,122,51,0
3,6,0,-2,122,51,0
3,7,0,-2,130,57,0
4,5,0,-2,126,52,0
4,6,0,-2,126,53,0
4,7,0,-2,126,53,0
5,6,0,-2,126,56,0
5,7,0,-2,126,52,0
6,7,0,-2,125,53,0
--- ---VERSION
offset,limit,count-ms,lookup-mus,results
0,-2,42,67,1
---PATTERN START:  http://www.w3.org/2004/02/skos/core#broaderTransitive http://lod.geospecies.org/orders/ywWNa.
--- ---VERSION MATERIALIZED
patch,offset,limit,count-ms,lookup-mus,results
0,0,0,3,2,0
1,0,0,67,52,0
2,0,0,65,52,0
3,0,0,64,49,0
4,0,0,63,49,0
5,0,0,69,50,0
6,0,0,63,49,0
7,0,0,63,49,0
--- ---DELTA MATERIALIZED
patch_start,patch_end,offset,limit,count-ms,lookup-mus,results
0,1,0,0,59,21,0
0,2,0,0,60,22,0
0,3,0,0,60,21,0
0,4,0,0,59,21,0
0,5,0,0,59,22,0
0,6,0,0,59,22,0
0,7,0,0,61,22,0
1,2,0,0,116,21,0
1,3,0,0,116,21,0
1,4,0,0,115,21,0
1,5,0,0,116,22,0
1,6,0,0,116,21,0
1,7,0,0,117,21,0
2,3,0,0,117,22,0
2,4,0,0,116,21,0
2,5,0,0,116,21,0
2,6,0,0,116,21,0
2,7,0,0,118,21,0
3,4,0,0,116,21,0
3,5,0,0,116,21,0
3,6,0,0,116,21,0
3,7,0,0,116,21,0
4,5,0,0,115,22,0
4,6,0,0,119,21,0
4,7,0,0,115,21,0
5,6,0,0,115,21,0
5,7,0,0,116,22,0
6,7,0,0,115,21,0
--- ---VERSION
offset,limit,count-ms,lookup-mus,results
0,0,35,2,0
---PATTERN START:  http://www.w3.org/2002/07/owl#onProperty http://www.loa-cnr.it/ontologies/DUL.owl#parametrizes.
--- ---VERSION MATERIALIZED
patch,offset,limit,count-ms,lookup-mus,results
0,0,-2,2,4,1
1,0,-2,202,187,1
2,0,-2,195,186,1
3,0,-2,177,180,1
4,0,-2,169,170,1
5,0,-2,159,161,1
6,0,-2,156,157,1
7,0,-2,139,143,1
--- ---DELTA MATERIALIZED
patch_start,patch_end,offset,limit,count-ms,lookup-mus,results
0,1,0,-2,159,160,2
0,2,0,-2,161,162,3
0,3,0,-2,151,162,3
0,4,0,-2,143,166,3
0,5,0,-2,134,166,3
0,6,0,-2,127,166,3
0,7,0,-2,117,168,3
1,2,0,-2,316,160,1
1,3,0,-2,308,164,3
1,4,0,-2,298,168,3
1,5,0,-2,291,167,3
1,6,0,-2,282,169,3
1,7,0,-2,272,170,3
2,3,0,-2,309,163,2
2,4,0,-2,298,167,4
2,5,0,-2,294,168,4
2,6,0,-2,284,171,4
2,7,0,-2,272,171,4
3,4,0,-2,289,166,2
3,5,0,-2,282,168,4
3,6,0,-2,277,170,4
3,7,0,-2,264,171,4
4,5,0,-2,274,166,2
4,6,0,-2,265,170,4
4,7,0,-2,256,172,4
5,6,0,-2,257,170,2
5,7,0,-2,248,171,4
6,7,0,-2,239,170,2
--- ---VERSION
offset,limit,count-ms,lookup-mus,results
0,-2,87,217,8
---PATTERN START:  http://www.w3.org/2004/02/skos/core#closeMatch http://lod.geospecies.org/orders/ywWNa.
--- ---VERSION MATERIALIZED
patch,offset,limit,count-ms,lookup-mus,results
0,0,0,2,2,0
1,0,0,72,81,0
2,0,0,70,52,0
3,0,0,69,51,0
4,0,0,68,51,0
5,0,0,70,51,0
6,0,0,73,51,0
7,0,0,68,51,0
--- ---DELTA MATERIALIZED
patch_start,patch_end,offset,limit,count-ms,lookup-mus,results
0,1,0,0,66,28,0
0,2,0,0,65,27,0
0,3,0,0,65,27,0
0,4,0,0,65,27,0
0,5,0,0,66,27,0
0,6,0,0,66,28,0
0,7,0,0,66,27,0
1,2,0,0,128,27,0
1,3,0,0,128,27,0
1,4,0,0,128,27,0
1,5,0,0,130,27,0
1,6,0,0,135,28,0
1,7,0,0,131,28,0
2,3,0,0,131,27,0
2,4,0,0,131,27,0
2,5,0,0,132,27,0
2,6,0,0,134,27,0
2,7,0,0,131,27,0
3,4,0,0,131,27,0
3,5,0,0,133,28,0
3,6,0,0,132,28,0
3,7,0,0,132,27,0
4,5,0,0,132,27,0
4,6,0,0,132,27,0
4,7,0,0,131,27,0
5,6,0,0,132,27,0
5,7,0,0,134,27,0
6,7,0,0,132,27,0
--- ---VERSION
offset,limit,count-ms,lookup-mus,results
0,0,47,2,0
---PATTERN START:  http://www.gazettes-online.co.uk/ontology#isAboutDocument http://www.gazettes-online.co.uk/ontology/legislation#them53motorway(junction1,northboundandsouthboundcarriagewaysandsouthboundentrysliproad)(temporaryprohibitionandrestrictionoftraffic)order2010.
--- ---VERSION MATERIALIZED
patch,offset,limit,count-ms,lookup-mus,results
0,0,-2,2,4,1
1,0,-2,248,240,1
2,0,-2,217,247,1
3,0,-2,221,246,1
4,0,-2,222,246,1
5,0,-2,223,251,1
6,0,-2,220,246,1
7,0,-2,222,248,1
--- ---DELTA MATERIALIZED
patch_start,patch_end,offset,limit,count-ms,lookup-mus,results
0,1,0,-2,214,225,2
0,2,0,-2,217,227,2
0,3,0,-2,217,225,2
0,4,0,-2,217,220,2
0,5,0,-2,211,223,2
0,6,0,-2,209,223,2
0,7,0,-2,210,225,2
1,2,0,-2,416,220,2
1,3,0,-2,417,220,2
1,4,0,-2,417,223,2
1,5,0,-2,423,224,2
1,6,0,-2,415,228,2
1,7,0,-2,417,227,2
2,3,0,-2,416,221,2
2,4,0,-2,421,228,2
2,5,0,-2,426,230,2
2,6,0,-2,432,233,2
2,7,0,-2,428,235,2
3,4,0,-2,428,228,2
3,5,0,-2,432,230,2
3,6,0,-2,430,232,2
3,7,0,-2,429,232,2
4,5,0,-2,430,232,2
4,6,0,-2,429,232,2
4,7,0,-2,433,232,2
5,6,0,-2,421,225,2
5,7,0,-2,419,228,2
6,7,0,-2,418,227,2
--- ---VERSION
offset,limit,count-ms,lookup-mus,results
0,-2,101,336,8
---PATTERN START:  http://www.gazettes-online.co.uk/ontology#hasAuthoriser http://www.london-gazette.co.uk/id/issues/59418/notices/1117988#authoriser001.
--- ---VERSION MATERIALIZED
patch,offset,limit,count-ms,lookup-mus,results
0,0,-2,3,4,1
1,0,-2,185,182,1
2,0,-2,154,182,1
3,0,-2,156,181,1
4,0,-2,157,181,1
5,0,-2,156,182,1
6,0,-2,154,182,1
7,0,-2,155,181,1
--- ---DELTA MATERIALIZED
patch_start,patch_end,offset,limit,count-ms,lookup-mus,results
0,1,0,-2,150,156,2
0,2,0,-2,152,155,2
0,3,0,-2,151,156,2
0,4,0,-2,151,159,2
0,5,0,-2,152,158,2
0,6,0,-2,152,160,2
0,7,0,-2,154,161,2
1,2,0,-2,297,156,2
1,3,0,-2,301,157,2
1,4,0,-2,298,163,2
1,5,0,-2,300,161,2
1,6,0,-2,300,164,2
1,7,0,-2,298,164,2
2,3,0,-2,317,159,2
2,4,0,-2,299,161,2
2,5,0,-2,302,161,2
2,6,0,-2,300,164,2
2,7,0,-2,306,164,2
3,4,0,-2,302,160,2
3,5,0,-2,301,162,2
3,6,0,-2,300,161,2
3,7,0,-2,300,164,2
4,5,0,-2,300,160,2
4,6,0,-2,301,161,2
4,7,0,-2,300,163,2
5,6,0,-2,302,161,2
5,7,0,-2,301,164,2
6,7,0,-2,299,162,2
--- ---VERSION
offset,limit,count-ms,lookup-mus,results
0,-2,80,240,8
