---PATTERN START: http://id.crossref.org/issn/1615-5262  http://purl.org/ontology/bibo/Journal.
--- ---VERSION MATERIALIZED
patch,offset,limit,count-ms,lookup-mus,results
0,0,-2,9,9,1
1,0,-2,162,159,1
2,0,-2,77,124,1
3,0,-2,78,124,1
4,0,-2,77,124,1
5,0,-2,78,124,1
6,0,-2,78,123,1
7,0,-2,77,123,1
--- ---DELTA MATERIALIZED
patch_start,patch_end,offset,limit,count-ms,lookup-mus,results
0,1,0,-2,67,61,0
0,2,0,-2,68,61,0
0,3,0,-2,71,60,0
0,4,0,-2,70,59,0
0,5,0,-2,70,60,0
0,6,0,-2,70,60,0
0,7,0,-2,69,60,0
1,2,0,-2,137,62,0
1,3,0,-2,135,60,0
1,4,0,-2,135,60,0
1,5,0,-2,135,60,0
1,6,0,-2,137,60,0
1,7,0,-2,135,60,0
2,3,0,-2,135,60,0
2,4,0,-2,135,60,0
2,5,0,-2,137,60,0
2,6,0,-2,136,61,0
2,7,0,-2,135,61,0
3,4,0,-2,135,60,0
3,5,0,-2,138,61,0
3,6,0,-2,136,60,0
3,7,0,-2,135,60,0
4,5,0,-2,135,60,0
4,6,0,-2,137,60,0
4,7,0,-2,135,60,0
5,6,0,-2,136,60,0
5,7,0,-2,135,60,0
6,7,0,-2,137,60,0
--- ---VERSION
offset,limit,count-ms,lookup-mus,results
0,-2,41,61,1
---PATTERN START: http://www.gazettes-online.co.uk/ontology#NotifiableThing  http://www.gazettes-online.co.uk/ontology#Authoriser.
--- ---VERSION MATERIALIZED
patch,offset,limit,count-ms,lookup-mus,results
0,0,-2,8,6,1
1,0,-2,134,160,1
2,0,-2,64,126,1
3,0,-2,63,123,1
4,0,-2,64,126,1
5,0,-2,64,126,1
6,0,-2,66,124,1
7,0,-2,64,127,1
--- ---DELTA MATERIALIZED
patch_start,patch_end,offset,limit,count-ms,lookup-mus,results
0,1,0,-2,59,51,0
0,2,0,-2,59,51,0
0,3,0,-2,54,49,0
0,4,0,-2,54,49,0
0,5,0,-2,55,49,0
0,6,0,-2,59,50,0
0,7,0,-2,56,49,0
1,2,0,-2,110,51,0
1,3,0,-2,117,51,0
1,4,0,-2,114,51,0
1,5,0,-2,113,51,0
1,6,0,-2,114,50,0
1,7,0,-2,113,52,0
2,3,0,-2,113,51,0
2,4,0,-2,113,50,0
2,5,0,-2,113,51,0
2,6,0,-2,114,50,0
2,7,0,-2,113,52,0
3,4,0,-2,113,51,0
3,5,0,-2,113,50,0
3,6,0,-2,114,50,0
3,7,0,-2,113,50,0
4,5,0,-2,115,51,0
4,6,0,-2,114,50,0
4,7,0,-2,113,51,0
5,6,0,-2,114,50,0
5,7,0,-2,113,50,0
6,7,0,-2,115,50,0
--- ---VERSION
offset,limit,count-ms,lookup-mus,results
0,-2,39,59,1
---PATTERN START: http://www.gazettes-online.co.uk/ontology/resources/councils#BarkingAndDagenhamLondonBoroughCouncil  http://www.gazettes-online.co.uk/ontology/organisation#LondonBoroughCouncil.
--- ---VERSION MATERIALIZED
patch,offset,limit,count-ms,lookup-mus,results
0,0,-2,7,6,1
1,0,-2,79,166,1
2,0,-2,55,150,1
3,0,-2,54,147,1
4,0,-2,53,151,1
5,0,-2,53,145,1
6,0,-2,53,146,1
7,0,-2,54,147,1
--- ---DELTA MATERIALIZED
patch_start,patch_end,offset,limit,count-ms,lookup-mus,results
0,1,0,-2,49,41,0
0,2,0,-2,48,41,0
0,3,0,-2,48,40,0
0,4,0,-2,48,39,0
0,5,0,-2,48,39,0
0,6,0,-2,48,39,0
0,7,0,-2,49,39,0
1,2,0,-2,92,40,0
1,3,0,-2,92,40,0
1,4,0,-2,93,41,0
1,5,0,-2,92,40,0
1,6,0,-2,91,40,0
1,7,0,-2,93,40,0
2,3,0,-2,91,40,0
2,4,0,-2,92,40,0
2,5,0,-2,95,41,0
2,6,0,-2,92,40,0
2,7,0,-2,92,40,0
3,4,0,-2,92,41,0
3,5,0,-2,92,40,0
3,6,0,-2,92,40,0
3,7,0,-2,94,40,0
4,5,0,-2,92,40,0
4,6,0,-2,91,40,0
4,7,0,-2,93,41,0
5,6,0,-2,92,40,0
5,7,0,-2,92,41,0
6,7,0,-2,93,41,0
--- ---VERSION
offset,limit,count-ms,lookup-mus,results
0,-2,30,75,1
---PATTERN START: http://data.dcs.shef.ac.uk/group/ml  http://xmlns.com/foaf/0.1/Group.
--- ---VERSION MATERIALIZED
patch,offset,limit,count-ms,lookup-mus,results
0,0,-2,7,6,1
1,0,-2,145,176,1
2,0,-2,70,138,1
3,0,-2,70,138,1
4,0,-2,72,144,1
5,0,-2,72,145,1
6,0,-2,72,143,1
7,0,-2,72,145,1
--- ---DELTA MATERIALIZED
patch_start,patch_end,offset,limit,count-ms,lookup-mus,results
0,1,0,-2,67,57,0
0,2,0,-2,66,57,0
0,3,0,-2,67,56,0
0,4,0,-2,66,56,0
0,5,0,-2,66,56,0
0,6,0,-2,66,58,0
0,7,0,-2,67,56,0
1,2,0,-2,128,56,0
1,3,0,-2,129,56,0
1,4,0,-2,129,57,0
1,5,0,-2,131,56,0
1,6,0,-2,130,57,0
1,7,0,-2,130,56,0
2,3,0,-2,130,56,0
2,4,0,-2,129,57,0
2,5,0,-2,129,58,0
2,6,0,-2,129,56,0
2,7,0,-2,129,56,0
3,4,0,-2,129,58,0
3,5,0,-2,129,56,0
3,6,0,-2,129,56,0
3,7,0,-2,129,56,0
4,5,0,-2,130,56,0
4,6,0,-2,130,56,0
4,7,0,-2,129,57,0
5,6,0,-2,129,57,0
5,7,0,-2,129,56,0
6,7,0,-2,130,56,0
--- ---VERSION
offset,limit,count-ms,lookup-mus,results
0,-2,42,68,1
---PATTERN START: http://www.gazettes-online.co.uk/ontology/authority#hasAuthority  http://www.gazettes-online.co.uk/ontology/authority#Authority.
--- ---VERSION MATERIALIZED
patch,offset,limit,count-ms,lookup-mus,results
0,0,-2,4,6,1
1,0,-2,108,138,1
2,0,-2,73,137,1
3,0,-2,73,137,1
4,0,-2,72,138,1
5,0,-2,74,137,1
6,0,-2,73,137,1
7,0,-2,73,136,1
--- ---DELTA MATERIALIZED
patch_start,patch_end,offset,limit,count-ms,lookup-mus,results
0,1,0,-2,68,55,0
0,2,0,-2,68,54,0
0,3,0,-2,67,54,0
0,4,0,-2,67,54,0
0,5,0,-2,68,54,0
0,6,0,-2,67,54,0
0,7,0,-2,67,54,0
1,2,0,-2,135,54,0
1,3,0,-2,134,55,0
1,4,0,-2,133,54,0
1,5,0,-2,133,54,0
1,6,0,-2,135,54,0
1,7,0,-2,133,55,0
2,3,0,-2,133,54,0
2,4,0,-2,133,55,0
2,5,0,-2,135,54,0
2,6,0,-2,133,54,0
2,7,0,-2,133,54,0
3,4,0,-2,133,54,0
3,5,0,-2,136,54,0
3,6,0,-2,133,54,0
3,7,0,-2,134,54,0
4,5,0,-2,134,54,0
4,6,0,-2,133,55,0
4,7,0,-2,133,54,0
5,6,0,-2,133,54,0
5,7,0,-2,134,53,0
6,7,0,-2,133,55,0
--- ---VERSION
offset,limit,count-ms,lookup-mus,results
0,-2,43,66,1
---PATTERN START: http://example.org/bnode/httpx3Ax2Fx2Fcoursewarex2Erkbex78plorerx2Ecomx2Fontologiesx2Fcoursewarexxbnode0  http://www.w3.org/2002/07/owl#DataRange.
--- ---VERSION MATERIALIZED
patch,offset,limit,count-ms,lookup-mus,results
0,0,-2,2,2,0
1,0,-2,129,74,0
2,0,-2,70,68,0
3,0,-2,69,68,0
4,0,-2,67,68,0
5,0,-2,69,67,0
6,0,-2,68,67,0
7,0,-2,69,69,0
--- ---DELTA MATERIALIZED
patch_start,patch_end,offset,limit,count-ms,lookup-mus,results
0,1,0,-2,64,56,0
0,2,0,-2,63,56,0
0,3,0,-2,65,56,0
0,4,0,-2,63,56,0
0,5,0,-2,64,56,0
0,6,0,-2,63,57,0
0,7,0,-2,63,56,0
1,2,0,-2,125,56,0
1,3,0,-2,125,56,0
1,4,0,-2,126,56,0
1,5,0,-2,128,57,0
1,6,0,-2,126,56,0
1,7,0,-2,125,57,0
2,3,0,-2,126,56,0
2,4,0,-2,125,57,0
2,5,0,-2,126,57,0
2,6,0,-2,126,56,0
2,7,0,-2,124,56,0
3,4,0,-2,125,56,0
3,5,0,-2,128,55,0
3,6,0,-2,126,57,0
3,7,0,-2,127,56,0
4,5,0,-2,125,56,0
4,6,0,-2,138,59,0
4,7,0,-2,131,57,0
5,6,0,-2,139,58,0
5,7,0,-2,132,57,0
6,7,0,-2,133,60,0
--- ---VERSION
offset,limit,count-ms,lookup-mus,results
0,-2,35,35,0
---PATTERN START: http://data.dcs.shef.ac.uk/group/oak  http://xmlns.com/foaf/0.1/Group.
--- ---VERSION MATERIALIZED
patch,offset,limit,count-ms,lookup-mus,results
0,0,-2,3,6,1
1,0,-2,81,147,1
2,0,-2,70,141,1
3,0,-2,71,142,1
4,0,-2,70,148,1
5,0,-2,75,141,1
6,0,-2,69,141,1
7,0,-2,70,141,1
--- ---DELTA MATERIALIZED
patch_start,patch_end,offset,limit,count-ms,lookup-mus,results
0,1,0,-2,66,55,0
0,2,0,-2,66,55,0
0,3,0,-2,66,54,0
0,4,0,-2,65,54,0
0,5,0,-2,65,54,0
0,6,0,-2,65,54,0
0,7,0,-2,65,54,0
1,2,0,-2,129,55,0
1,3,0,-2,135,55,0
1,4,0,-2,127,54,0
1,5,0,-2,127,54,0
1,6,0,-2,130,55,0
1,7,0,-2,128,54,0
2,3,0,-2,127,55,0
2,4,0,-2,127,54,0
2,5,0,-2,128,55,0
2,6,0,-2,127,54,0
2,7,0,-2,127,55,0
3,4,0,-2,128,55,0
3,5,0,-2,127,55,0
3,6,0,-2,128,54,0
3,7,0,-2,128,56,0
4,5,0,-2,126,55,0
4,6,0,-2,127,54,0
4,7,0,-2,129,54,0
5,6,0,-2,127,54,0
5,7,0,-2,127,54,0
6,7,0,-2,127,55,0
--- ---VERSION
offset,limit,count-ms,lookup-mus,results
0,-2,39,67,1
---PATTERN START: http://www.gazettes-online.co.uk/ontology/legislation#NorthernIrelandOrderInCouncil  http://www.gazettes-online.co.uk/ontology/legislation#Order.
--- ---VERSION MATERIALIZED
patch,offset,limit,count-ms,lookup-mus,results
0,0,-2,4,6,1
1,0,-2,118,211,1
2,0,-2,99,203,1
3,0,-2,96,200,1
4,0,-2,97,203,1
5,0,-2,97,200,1
6,0,-2,96,200,1
7,0,-2,97,200,1
--- ---DELTA MATERIALIZED
patch_start,patch_end,offset,limit,count-ms,lookup-mus,results
0,1,0,-2,93,79,0
0,2,0,-2,90,77,0
0,3,0,-2,94,78,0
0,4,0,-2,94,77,0
0,5,0,-2,94,79,0
0,6,0,-2,93,78,0
0,7,0,-2,94,78,0
1,2,0,-2,182,77,0
1,3,0,-2,178,77,0
1,4,0,-2,176,77,0
1,5,0,-2,177,77,0
1,6,0,-2,177,77,0
1,7,0,-2,177,77,0
2,3,0,-2,177,78,0
2,4,0,-2,177,77,0
2,5,0,-2,176,77,0
2,6,0,-2,176,79,0
2,7,0,-2,176,77,0
3,4,0,-2,176,77,0
3,5,0,-2,177,77,0
3,6,0,-2,179,77,0
3,7,0,-2,178,77,0
4,5,0,-2,177,77,0
4,6,0,-2,177,77,0
4,7,0,-2,176,77,0
5,6,0,-2,177,77,0
5,7,0,-2,180,77,0
6,7,0,-2,176,78,0
--- ---VERSION
offset,limit,count-ms,lookup-mus,results
0,-2,47,93,1
---PATTERN START: http://twitter.com/#!/clange  http://twitter.com.
--- ---VERSION MATERIALIZED
patch,offset,limit,count-ms,lookup-mus,results
0,0,-2,7,5,1
1,0,-2,140,175,1
2,0,-2,88,138,1
3,0,-2,88,136,1
4,0,-2,89,134,1
5,0,-2,88,137,1
6,0,-2,87,134,1
7,0,-2,87,134,1
--- ---DELTA MATERIALIZED
patch_start,patch_end,offset,limit,count-ms,lookup-mus,results
0,1,0,-2,83,74,0
0,2,0,-2,83,73,0
0,3,0,-2,83,73,0
0,4,0,-2,83,73,0
0,5,0,-2,83,73,0
0,6,0,-2,82,73,0
0,7,0,-2,82,73,0
1,2,0,-2,162,74,0
1,3,0,-2,161,73,0
1,4,0,-2,162,74,0
1,5,0,-2,165,73,0
1,6,0,-2,161,74,0
1,7,0,-2,161,74,0
2,3,0,-2,161,74,0
2,4,0,-2,162,73,0
2,5,0,-2,161,73,0
2,6,0,-2,161,73,0
2,7,0,-2,162,73,0
3,4,0,-2,162,73,0
3,5,0,-2,163,73,0
3,6,0,-2,163,73,0
3,7,0,-2,161,73,0
4,5,0,-2,162,74,0
4,6,0,-2,162,75,0
4,7,0,-2,162,73,0
5,6,0,-2,163,74,0
5,7,0,-2,162,74,0
6,7,0,-2,162,73,0
--- ---VERSION
offset,limit,count-ms,lookup-mus,results
0,-2,47,65,1
---PATTERN START: http://www.gazettes-online.co.uk/ontology#isInIssue  http://www.gazettes-online.co.uk/ontology#Issue.
--- ---VERSION MATERIALIZED
patch,offset,limit,count-ms,lookup-mus,results
0,0,-2,4,9,1
1,0,-2,96,132,1
2,0,-2,68,132,1
3,0,-2,69,131,1
4,0,-2,69,133,1
5,0,-2,69,130,1
6,0,-2,69,132,1
7,0,-2,68,130,1
--- ---DELTA MATERIALIZED
patch_start,patch_end,offset,limit,count-ms,lookup-mus,results
0,1,0,-2,63,58,0
0,2,0,-2,63,56,0
0,3,0,-2,63,55,0
0,4,0,-2,63,56,0
0,5,0,-2,61,56,0
0,6,0,-2,63,56,0
0,7,0,-2,62,58,0
1,2,0,-2,125,56,0
1,3,0,-2,123,57,0
1,4,0,-2,121,56,0
1,5,0,-2,122,57,0
1,6,0,-2,124,56,0
1,7,0,-2,122,58,0
2,3,0,-2,122,57,0
2,4,0,-2,121,57,0
2,5,0,-2,122,57,0
2,6,0,-2,124,56,0
2,7,0,-2,122,56,0
3,4,0,-2,123,57,0
3,5,0,-2,121,57,0
3,6,0,-2,125,57,0
3,7,0,-2,123,57,0
4,5,0,-2,123,57,0
4,6,0,-2,122,57,0
4,7,0,-2,121,59,0
5,6,0,-2,122,57,0
5,7,0,-2,122,57,0
6,7,0,-2,122,57,0
--- ---VERSION
offset,limit,count-ms,lookup-mus,results
0,-2,38,59,1
---PATTERN START: http://xmlns.com/foaf/0.1/weblog  http://www.w3.org/2002/07/owl#InverseFunctionalProperty.
--- ---VERSION MATERIALIZED
patch,offset,limit,count-ms,lookup-mus,results
0,0,-2,5,8,1
1,0,-2,106,138,1
2,0,-2,60,106,1
3,0,-2,60,102,1
4,0,-2,59,102,1
5,0,-2,60,102,1
6,0,-2,59,101,1
7,0,-2,61,102,1
--- ---DELTA MATERIALIZED
patch_start,patch_end,offset,limit,count-ms,lookup-mus,results
0,1,0,-2,55,48,0
0,2,0,-2,55,48,0
0,3,0,-2,55,47,0
0,4,0,-2,55,48,0
0,5,0,-2,55,48,0
0,6,0,-2,55,47,0
0,7,0,-2,55,47,0
1,2,0,-2,107,48,0
1,3,0,-2,107,47,0
1,4,0,-2,107,48,0
1,5,0,-2,107,48,0
1,6,0,-2,107,50,0
1,7,0,-2,107,48,0
2,3,0,-2,108,48,0
2,4,0,-2,107,47,0
2,5,0,-2,107,47,0
2,6,0,-2,108,48,0
2,7,0,-2,107,47,0
3,4,0,-2,108,47,0
3,5,0,-2,107,47,0
3,6,0,-2,107,47,0
3,7,0,-2,107,48,0
4,5,0,-2,108,48,0
4,6,0,-2,107,48,0
4,7,0,-2,107,47,0
5,6,0,-2,107,47,0
5,7,0,-2,107,49,0
6,7,0,-2,107,47,0
--- ---VERSION
offset,limit,count-ms,lookup-mus,results
0,-2,32,47,1
---PATTERN START: http://www.gazettes-online.co.uk/ontology#hasAuthorisingLocation  http://www.gazettes-online.co.uk/ontology#Authoriser.
--- ---VERSION MATERIALIZED
patch,offset,limit,count-ms,lookup-mus,results
0,0,-2,8,7,1
1,0,-2,77,164,1
2,0,-2,71,163,1
3,0,-2,70,163,1
4,0,-2,70,162,1
5,0,-2,70,162,1
6,0,-2,69,160,1
7,0,-2,70,180,1
--- ---DELTA MATERIALIZED
patch_start,patch_end,offset,limit,count-ms,lookup-mus,results
0,1,0,-2,66,60,0
0,2,0,-2,66,61,0
0,3,0,-2,66,60,0
0,4,0,-2,68,62,0
0,5,0,-2,70,63,0
0,6,0,-2,68,61,0
0,7,0,-2,71,62,0
1,2,0,-2,138,61,0
1,3,0,-2,138,62,0
1,4,0,-2,136,61,0
1,5,0,-2,134,61,0
1,6,0,-2,141,62,0
1,7,0,-2,139,61,0
2,3,0,-2,140,64,0
2,4,0,-2,138,61,0
2,5,0,-2,139,62,0
2,6,0,-2,139,61,0
2,7,0,-2,137,62,0
3,4,0,-2,136,62,0
3,5,0,-2,138,60,0
3,6,0,-2,136,60,0
3,7,0,-2,136,61,0
4,5,0,-2,135,60,0
4,6,0,-2,137,59,0
4,7,0,-2,135,60,0
5,6,0,-2,136,62,0
5,7,0,-2,136,60,0
6,7,0,-2,136,60,0
--- ---VERSION
offset,limit,count-ms,lookup-mus,results
0,-2,44,88,1
---PATTERN START: http://www.examiner.com/article/chicago-valentine-s-day-dining-by-the-numbers  http://cdn2-b.examiner.com/sites/all/themes/base/favicon.ico.
--- ---VERSION MATERIALIZED
patch,offset,limit,count-ms,lookup-mus,results
0,0,-2,12,13,1
1,0,-2,195,221,1
2,0,-2,116,191,1
3,0,-2,115,190,1
4,0,-2,116,194,1
5,0,-2,117,188,1
6,0,-2,115,189,1
7,0,-2,116,188,1
--- ---DELTA MATERIALIZED
patch_start,patch_end,offset,limit,count-ms,lookup-mus,results
0,1,0,-2,104,92,0
0,2,0,-2,103,92,0
0,3,0,-2,102,94,0
0,4,0,-2,106,93,0
0,5,0,-2,102,93,0
0,6,0,-2,106,92,0
0,7,0,-2,103,96,0
1,2,0,-2,205,94,0
1,3,0,-2,201,93,0
1,4,0,-2,205,94,0
1,5,0,-2,202,93,0
1,6,0,-2,204,94,0
1,7,0,-2,202,93,0
2,3,0,-2,204,96,0
2,4,0,-2,205,95,0
2,5,0,-2,205,95,0
2,6,0,-2,201,93,0
2,7,0,-2,205,94,0
3,4,0,-2,202,92,0
3,5,0,-2,211,94,0
3,6,0,-2,203,93,0
3,7,0,-2,205,94,0
4,5,0,-2,202,95,0
4,6,0,-2,204,94,0
4,7,0,-2,202,93,0
5,6,0,-2,204,94,0
5,7,0,-2,201,93,0
6,7,0,-2,204,94,0
--- ---VERSION
offset,limit,count-ms,lookup-mus,results
0,-2,66,92,1
---PATTERN START: http://www.loa-cnr.it/ontologies/DUL.owl#isObjectIncludedIn  http://www.loa-cnr.it/ontologies/DUL.owl#Situation.
--- ---VERSION MATERIALIZED
patch,offset,limit,count-ms,lookup-mus,results
0,0,-2,5,6,1
1,0,-2,99,147,1
2,0,-2,53,103,1
3,0,-2,52,102,1
4,0,-2,51,102,1
5,0,-2,52,102,1
6,0,-2,55,102,1
7,0,-2,54,102,1
--- ---DELTA MATERIALIZED
patch_start,patch_end,offset,limit,count-ms,lookup-mus,results
0,1,0,-2,47,41,0
0,2,0,-2,48,40,0
0,3,0,-2,47,41,0
0,4,0,-2,46,40,0
0,5,0,-2,46,40,0
0,6,0,-2,48,41,0
0,7,0,-2,47,40,0
1,2,0,-2,91,40,0
1,3,0,-2,90,40,0
1,4,0,-2,90,40,0
1,5,0,-2,91,40,0
1,6,0,-2,92,40,0
1,7,0,-2,93,40,0
2,3,0,-2,91,41,0
2,4,0,-2,91,41,0
2,5,0,-2,91,41,0
2,6,0,-2,92,40,0
2,7,0,-2,92,41,0
3,4,0,-2,92,40,0
3,5,0,-2,91,41,0
3,6,0,-2,92,40,0
3,7,0,-2,91,40,0
4,5,0,-2,90,40,0
4,6,0,-2,91,41,0
4,7,0,-2,92,40,0
5,6,0,-2,91,40,0
5,7,0,-2,91,41,0
6,7,0,-2,92,40,0
--- ---VERSION
offset,limit,count-ms,lookup-mus,results
0,-2,31,46,1
---PATTERN START: http://example.org/bnode/httpx3Ax2Fx2Fb4madx2Enetx2FFOAFx2FB4madx2Erdfxxb4mad  http://xmlns.com/foaf/0.1/Group.
--- ---VERSION MATERIALIZED
patch,offset,limit,count-ms,lookup-mus,results
0,0,-2,2,2,0
1,0,-2,68,65,0
2,0,-2,66,65,0
3,0,-2,66,65,0
4,0,-2,68,66,0
5,0,-2,70,68,0
6,0,-2,69,69,0
7,0,-2,70,69,0
--- ---DELTA MATERIALIZED
patch_start,patch_end,offset,limit,count-ms,lookup-mus,results
0,1,0,-2,64,54,0
0,2,0,-2,65,55,0
0,3,0,-2,66,55,0
0,4,0,-2,65,54,0
0,5,0,-2,65,55,0
0,6,0,-2,65,55,0
0,7,0,-2,65,55,0
1,2,0,-2,127,54,0
1,3,0,-2,130,55,0
1,4,0,-2,127,55,0
1,5,0,-2,125,54,0
1,6,0,-2,126,54,0
1,7,0,-2,127,55,0
2,3,0,-2,127,54,0
2,4,0,-2,126,54,0
2,5,0,-2,126,55,0
2,6,0,-2,125,55,0
2,7,0,-2,126,54,0
3,4,0,-2,126,55,0
3,5,0,-2,125,55,0
3,6,0,-2,126,54,0
3,7,0,-2,128,54,0
4,5,0,-2,126,54,0
4,6,0,-2,126,54,0
4,7,0,-2,127,55,0
5,6,0,-2,127,54,0
5,7,0,-2,126,54,0
6,7,0,-2,127,54,0
--- ---VERSION
offset,limit,count-ms,lookup-mus,results
0,-2,38,36,0
---PATTERN START: http://www.bbc.co.uk/programmes/b006qnnh#programme  http://www.bbc.co.uk/programmes/genres/factual/petsandanimals#genre.
--- ---VERSION MATERIALIZED
patch,offset,limit,count-ms,lookup-mus,results
0,0,-2,8,11,1
1,0,-2,157,208,1
2,0,-2,102,183,1
3,0,-2,102,179,1
4,0,-2,100,179,1
5,0,-2,103,179,1
6,0,-2,100,179,1
7,0,-2,102,184,1
--- ---DELTA MATERIALIZED
patch_start,patch_end,offset,limit,count-ms,lookup-mus,results
0,1,0,-2,93,83,0
0,2,0,-2,93,88,0
0,3,0,-2,97,90,0
0,4,0,-2,100,90,0
0,5,0,-2,104,89,0
0,6,0,-2,96,91,0
0,7,0,-2,103,90,0
1,2,0,-2,197,89,0
1,3,0,-2,199,88,0
1,4,0,-2,199,88,0
1,5,0,-2,199,88,0
1,6,0,-2,199,88,0
1,7,0,-2,200,88,0
2,3,0,-2,201,87,0
2,4,0,-2,200,88,0
2,5,0,-2,199,87,0
2,6,0,-2,200,88,0
2,7,0,-2,200,88,0
3,4,0,-2,198,89,0
3,5,0,-2,198,88,0
3,6,0,-2,198,89,0
3,7,0,-2,199,90,0
4,5,0,-2,199,88,0
4,6,0,-2,199,88,0
4,7,0,-2,201,88,0
5,6,0,-2,199,88,0
5,7,0,-2,200,88,0
6,7,0,-2,201,88,0
--- ---VERSION
offset,limit,count-ms,lookup-mus,results
0,-2,60,92,1
---PATTERN START: http://bigasterisk.com/foaf.rdf  http://www.ldodds.com/foaf/foaf-a-matic.
--- ---VERSION MATERIALIZED
patch,offset,limit,count-ms,lookup-mus,results
0,0,-2,6,7,1
1,0,-2,149,196,1
2,0,-2,101,173,1
3,0,-2,114,181,1
4,0,-2,104,180,1
5,0,-2,94,159,1
6,0,-2,91,157,1
7,0,-2,90,157,1
--- ---DELTA MATERIALIZED
patch_start,patch_end,offset,limit,count-ms,lookup-mus,results
0,1,0,-2,85,73,0
0,2,0,-2,85,75,0
0,3,0,-2,86,72,0
0,4,0,-2,85,73,0
0,5,0,-2,86,73,0
0,6,0,-2,85,72,0
0,7,0,-2,85,73,0
1,2,0,-2,167,72,0
1,3,0,-2,167,73,0
1,4,0,-2,167,73,0
1,5,0,-2,168,73,0
1,6,0,-2,167,73,0
1,7,0,-2,168,73,0
2,3,0,-2,170,73,0
2,4,0,-2,167,73,0
2,5,0,-2,167,73,0
2,6,0,-2,168,73,0
2,7,0,-2,167,73,0
3,4,0,-2,166,73,0
3,5,0,-2,166,73,0
3,6,0,-2,166,73,0
3,7,0,-2,166,72,0
4,5,0,-2,167,73,0
4,6,0,-2,169,73,0
4,7,0,-2,167,73,0
5,6,0,-2,167,73,0
5,7,0,-2,167,73,0
6,7,0,-2,166,72,0
--- ---VERSION
offset,limit,count-ms,lookup-mus,results
0,-2,53,76,1
---PATTERN START: http://www.gazettes-online.co.uk/ontology#Notice  http://www.gazettes-online.co.uk/ontology#Authoriser.
--- ---VERSION MATERIALIZED
patch,offset,limit,count-ms,lookup-mus,results
0,0,-2,4,6,1
1,0,-2,60,110,1
2,0,-2,59,110,1
3,0,-2,60,109,1
4,0,-2,61,110,1
5,0,-2,59,109,1
6,0,-2,59,109,1
7,0,-2,59,109,1
--- ---DELTA MATERIALIZED
patch_start,patch_end,offset,limit,count-ms,lookup-mus,results
0,1,0,-2,53,46,0
0,2,0,-2,54,45,0
0,3,0,-2,54,45,0
0,4,0,-2,53,45,0
0,5,0,-2,53,45,0
0,6,0,-2,53,45,0
0,7,0,-2,53,45,0
1,2,0,-2,103,46,0
1,3,0,-2,105,46,0
1,4,0,-2,103,46,0
1,5,0,-2,103,46,0
1,6,0,-2,104,46,0
1,7,0,-2,103,45,0
2,3,0,-2,104,48,0
2,4,0,-2,104,46,0
2,5,0,-2,103,46,0
2,6,0,-2,104,46,0
2,7,0,-2,103,45,0
3,4,0,-2,104,46,0
3,5,0,-2,104,45,0
3,6,0,-2,104,47,0
3,7,0,-2,104,45,0
4,5,0,-2,103,46,0
4,6,0,-2,104,46,0
4,7,0,-2,105,45,0
5,6,0,-2,104,46,0
5,7,0,-2,103,47,0
6,7,0,-2,104,45,0
--- ---VERSION
offset,limit,count-ms,lookup-mus,results
0,-2,34,51,1
---PATTERN START: http://www.gazettes-online.co.uk/ontology/resources/councils#BarnetLondonBoroughCouncil  http://www.gazettes-online.co.uk/ontology/organisation#LondonBoroughCouncil.
--- ---VERSION MATERIALIZED
patch,offset,limit,count-ms,lookup-mus,results
0,0,-2,3,5,1
1,0,-2,56,149,1
2,0,-2,53,150,1
3,0,-2,54,150,1
4,0,-2,54,149,1
5,0,-2,53,150,1
6,0,-2,53,150,1
7,0,-2,54,150,1
--- ---DELTA MATERIALIZED
patch_start,patch_end,offset,limit,count-ms,lookup-mus,results
0,1,0,-2,49,41,0
0,2,0,-2,47,40,0
0,3,0,-2,48,40,0
0,4,0,-2,47,40,0
0,5,0,-2,47,40,0
0,6,0,-2,47,42,0
0,7,0,-2,48,40,0
1,2,0,-2,92,40,0
1,3,0,-2,93,39,0
1,4,0,-2,92,41,0
1,5,0,-2,91,39,0
1,6,0,-2,91,39,0
1,7,0,-2,92,39,0
2,3,0,-2,91,39,0
2,4,0,-2,91,39,0
2,5,0,-2,91,39,0
2,6,0,-2,92,39,0
2,7,0,-2,91,39,0
3,4,0,-2,91,39,0
3,5,0,-2,91,39,0
3,6,0,-2,91,39,0
3,7,0,-2,92,39,0
4,5,0,-2,91,40,0
4,6,0,-2,91,39,0
4,7,0,-2,93,39,0
5,6,0,-2,90,39,0
5,7,0,-2,91,40,0
6,7,0,-2,91,40,0
--- ---VERSION
offset,limit,count-ms,lookup-mus,results
0,-2,32,73,1
---PATTERN START: http://www.w3.org/2006/vcard/ns#locality  http://www.w3.org/2006/vcard/ns#Address.
--- ---VERSION MATERIALIZED
patch,offset,limit,count-ms,lookup-mus,results
0,0,-2,7,5,1
1,0,-2,129,164,1
2,0,-2,75,137,1
3,0,-2,75,135,1
4,0,-2,75,134,1
5,0,-2,75,136,1
6,0,-2,79,136,1
7,0,-2,76,136,1
--- ---DELTA MATERIALIZED
patch_start,patch_end,offset,limit,count-ms,lookup-mus,results
0,1,0,-2,70,60,0
0,2,0,-2,70,60,0
0,3,0,-2,71,60,0
0,4,0,-2,71,60,0
0,5,0,-2,72,61,0
0,6,0,-2,71,59,0
0,7,0,-2,71,61,0
1,2,0,-2,138,60,0
1,3,0,-2,138,60,0
1,4,0,-2,138,60,0
1,5,0,-2,138,60,0
1,6,0,-2,138,60,0
1,7,0,-2,140,60,0
2,3,0,-2,136,60,0
2,4,0,-2,136,60,0
2,5,0,-2,136,61,0
2,6,0,-2,138,60,0
2,7,0,-2,141,63,0
3,4,0,-2,137,60,0
3,5,0,-2,136,60,0
3,6,0,-2,137,59,0
3,7,0,-2,137,60,0
4,5,0,-2,137,60,0
4,6,0,-2,137,60,0
4,7,0,-2,139,60,0
5,6,0,-2,136,60,0
5,7,0,-2,137,60,0
6,7,0,-2,136,60,0
--- ---VERSION
offset,limit,count-ms,lookup-mus,results
0,-2,40,65,1
---PATTERN START: http://www.gazettes-online.co.uk/ontology/organisation#HighwaysAgency  http://www.gazettes-online.co.uk/ontology/authority#Authority.
--- ---VERSION MATERIALIZED
patch,offset,limit,count-ms,lookup-mus,results
0,0,-2,4,5,1
1,0,-2,76,153,1
2,0,-2,76,128,1
3,0,-2,72,127,1
4,0,-2,72,130,1
5,0,-2,72,131,1
6,0,-2,74,128,1
7,0,-2,73,129,1
--- ---DELTA MATERIALIZED
patch_start,patch_end,offset,limit,count-ms,lookup-mus,results
0,1,0,-2,70,54,0
0,2,0,-2,68,54,0
0,3,0,-2,68,55,0
0,4,0,-2,67,53,0
0,5,0,-2,68,53,0
0,6,0,-2,71,59,0
0,7,0,-2,68,53,0
1,2,0,-2,133,54,0
1,3,0,-2,134,53,0
1,4,0,-2,133,53,0
1,5,0,-2,133,53,0
1,6,0,-2,133,54,0
1,7,0,-2,135,54,0
2,3,0,-2,132,53,0
2,4,0,-2,132,53,0
2,5,0,-2,132,53,0
2,6,0,-2,132,54,0
2,7,0,-2,132,53,0
3,4,0,-2,132,54,0
3,5,0,-2,132,53,0
3,6,0,-2,132,53,0
3,7,0,-2,132,53,0
4,5,0,-2,132,52,0
4,6,0,-2,132,53,0
4,7,0,-2,133,53,0
5,6,0,-2,135,53,0
5,7,0,-2,132,53,0
6,7,0,-2,132,53,0
--- ---VERSION
offset,limit,count-ms,lookup-mus,results
0,-2,42,62,1
---PATTERN START: http://www.gazettes-online.co.uk/ontology/organisation#DepartmentForTransport  http://www.gazettes-online.co.uk/ontology/authority#Authority.
--- ---VERSION MATERIALIZED
patch,offset,limit,count-ms,lookup-mus,results
0,0,-2,3,5,1
1,0,-2,79,144,1
2,0,-2,76,145,1
3,0,-2,76,144,1
4,0,-2,76,145,1
5,0,-2,75,144,1
6,0,-2,75,147,1
7,0,-2,76,143,1
--- ---DELTA MATERIALIZED
patch_start,patch_end,offset,limit,count-ms,lookup-mus,results
0,1,0,-2,70,57,0
0,2,0,-2,72,57,0
0,3,0,-2,71,57,0
0,4,0,-2,72,56,0
0,5,0,-2,72,57,0
0,6,0,-2,71,56,0
0,7,0,-2,70,57,0
1,2,0,-2,139,57,0
1,3,0,-2,141,57,0
1,4,0,-2,140,56,0
1,5,0,-2,140,57,0
1,6,0,-2,139,57,0
1,7,0,-2,142,57,0
2,3,0,-2,141,57,0
2,4,0,-2,140,57,0
2,5,0,-2,138,57,0
2,6,0,-2,140,57,0
2,7,0,-2,140,57,0
3,4,0,-2,139,57,0
3,5,0,-2,138,58,0
3,6,0,-2,140,57,0
3,7,0,-2,140,57,0
4,5,0,-2,140,57,0
4,6,0,-2,138,57,0
4,7,0,-2,142,57,0
5,6,0,-2,139,54,0
5,7,0,-2,130,53,0
6,7,0,-2,130,52,0
--- ---VERSION
offset,limit,count-ms,lookup-mus,results
0,-2,42,64,1
---PATTERN START: http://lod.geospecies.org/families/cKk8w  http://lod.geospecies.org/bioclasses/aEbRZ.
--- ---VERSION MATERIALIZED
patch,offset,limit,count-ms,lookup-mus,results
0,0,-2,8,11,1
1,0,-2,119,158,1
2,0,-2,55,112,1
3,0,-2,53,110,1
4,0,-2,54,111,1
5,0,-2,53,110,1
6,0,-2,54,113,1
7,0,-2,54,110,1
--- ---DELTA MATERIALIZED
patch_start,patch_end,offset,limit,count-ms,lookup-mus,results
0,1,0,-2,47,41,0
0,2,0,-2,47,41,0
0,3,0,-2,47,40,0
0,4,0,-2,47,42,0
0,5,0,-2,47,42,0
0,6,0,-2,47,42,0
0,7,0,-2,48,42,0
1,2,0,-2,92,41,0
1,3,0,-2,92,42,0
1,4,0,-2,92,41,0
1,5,0,-2,92,41,0
1,6,0,-2,91,41,0
1,7,0,-2,93,41,0
2,3,0,-2,92,41,0
2,4,0,-2,93,41,0
2,5,0,-2,92,41,0
2,6,0,-2,92,41,0
2,7,0,-2,92,41,0
3,4,0,-2,94,41,0
3,5,0,-2,93,41,0
3,6,0,-2,92,41,0
3,7,0,-2,92,41,0
4,5,0,-2,92,41,0
4,6,0,-2,92,41,0
4,7,0,-2,95,41,0
5,6,0,-2,92,41,0
5,7,0,-2,92,41,0
6,7,0,-2,92,41,0
--- ---VERSION
offset,limit,count-ms,lookup-mus,results
0,-2,33,55,1
---PATTERN START: http://aabs.wordpress.com/category/semanticweb/rdf  http://www.w3.org/RDF/.
--- ---VERSION MATERIALIZED
patch,offset,limit,count-ms,lookup-mus,results
0,0,-2,5,5,1
1,0,-2,106,162,1
2,0,-2,79,139,1
3,0,-2,77,137,1
4,0,-2,78,137,1
5,0,-2,78,137,1
6,0,-2,79,136,1
7,0,-2,77,136,1
--- ---DELTA MATERIALIZED
patch_start,patch_end,offset,limit,count-ms,lookup-mus,results
0,1,0,-2,72,61,0
0,2,0,-2,73,62,0
0,3,0,-2,72,62,0
0,4,0,-2,73,62,0
0,5,0,-2,72,61,0
0,6,0,-2,73,61,0
0,7,0,-2,72,61,0
1,2,0,-2,141,62,0
1,3,0,-2,143,62,0
1,4,0,-2,141,62,0
1,5,0,-2,141,62,0
1,6,0,-2,141,62,0
1,7,0,-2,143,62,0
2,3,0,-2,142,62,0
2,4,0,-2,141,62,0
2,5,0,-2,141,61,0
2,6,0,-2,143,62,0
2,7,0,-2,141,62,0
3,4,0,-2,141,61,0
3,5,0,-2,142,64,0
3,6,0,-2,141,62,0
3,7,0,-2,142,62,0
4,5,0,-2,141,61,0
4,6,0,-2,141,62,0
4,7,0,-2,141,62,0
5,6,0,-2,142,62,0
5,7,0,-2,141,62,0
6,7,0,-2,142,62,0
--- ---VERSION
offset,limit,count-ms,lookup-mus,results
0,-2,43,66,1
---PATTERN START: http://www.gazettes-online.co.uk/ontology/organisation#BERR  http://www.gazettes-online.co.uk/ontology/authority#Authority.
--- ---VERSION MATERIALIZED
patch,offset,limit,count-ms,lookup-mus,results
0,0,-2,4,5,1
1,0,-2,94,174,1
2,0,-2,83,169,1
3,0,-2,85,169,1
4,0,-2,83,170,1
5,0,-2,84,167,1
6,0,-2,83,166,1
7,0,-2,84,169,1
--- ---DELTA MATERIALIZED
patch_start,patch_end,offset,limit,count-ms,lookup-mus,results
0,1,0,-2,78,62,0
0,2,0,-2,79,62,0
0,3,0,-2,78,62,0
0,4,0,-2,78,61,0
0,5,0,-2,78,65,0
0,6,0,-2,78,62,0
0,7,0,-2,79,61,0
1,2,0,-2,152,62,0
1,3,0,-2,153,62,0
1,4,0,-2,154,62,0
1,5,0,-2,153,62,0
1,6,0,-2,154,62,0
1,7,0,-2,153,62,0
2,3,0,-2,152,62,0
2,4,0,-2,152,62,0
2,5,0,-2,152,61,0
2,6,0,-2,156,61,0
2,7,0,-2,153,61,0
3,4,0,-2,153,61,0
3,5,0,-2,152,61,0
3,6,0,-2,154,61,0
3,7,0,-2,154,61,0
4,5,0,-2,153,61,0
4,6,0,-2,153,63,0
4,7,0,-2,153,62,0
5,6,0,-2,153,61,0
5,7,0,-2,153,61,0
6,7,0,-2,156,63,0
--- ---VERSION
offset,limit,count-ms,lookup-mus,results
0,-2,44,79,1
---PATTERN START: http://www.gazettes-online.co.uk/ontology#isAuthoriserFor  http://www.gazettes-online.co.uk/ontology#Authoriser.
--- ---VERSION MATERIALIZED
patch,offset,limit,count-ms,lookup-mus,results
0,0,-2,4,8,1
1,0,-2,71,125,1
2,0,-2,63,124,1
3,0,-2,63,122,1
4,0,-2,63,121,1
5,0,-2,64,123,1
6,0,-2,62,123,1
7,0,-2,63,123,1
--- ---DELTA MATERIALIZED
patch_start,patch_end,offset,limit,count-ms,lookup-mus,results
0,1,0,-2,58,50,0
0,2,0,-2,58,51,0
0,3,0,-2,60,50,0
0,4,0,-2,57,50,0
0,5,0,-2,57,49,0
0,6,0,-2,58,50,0
0,7,0,-2,57,49,0
1,2,0,-2,111,50,0
1,3,0,-2,111,52,0
1,4,0,-2,111,51,0
1,5,0,-2,112,50,0
1,6,0,-2,111,50,0
1,7,0,-2,111,50,0
2,3,0,-2,112,50,0
2,4,0,-2,111,50,0
2,5,0,-2,111,51,0
2,6,0,-2,111,50,0
2,7,0,-2,111,50,0
3,4,0,-2,113,50,0
3,5,0,-2,112,50,0
3,6,0,-2,111,50,0
3,7,0,-2,111,50,0
4,5,0,-2,111,51,0
4,6,0,-2,112,50,0
4,7,0,-2,111,50,0
5,6,0,-2,111,50,0
5,7,0,-2,111,50,0
6,7,0,-2,111,50,0
--- ---VERSION
offset,limit,count-ms,lookup-mus,results
0,-2,39,58,1
---PATTERN START: http://id.crossref.org/issn/1541-1672  http://purl.org/ontology/bibo/Journal.
--- ---VERSION MATERIALIZED
patch,offset,limit,count-ms,lookup-mus,results
0,0,-2,5,6,1
1,0,-2,71,126,1
2,0,-2,73,118,1
3,0,-2,70,118,1
4,0,-2,69,117,1
5,0,-2,69,118,1
6,0,-2,71,117,1
7,0,-2,70,118,1
--- ---DELTA MATERIALIZED
patch_start,patch_end,offset,limit,count-ms,lookup-mus,results
0,1,0,-2,64,55,0
0,2,0,-2,64,55,0
0,3,0,-2,64,55,0
0,4,0,-2,64,55,0
0,5,0,-2,64,55,0
0,6,0,-2,63,55,0
0,7,0,-2,64,55,0
1,2,0,-2,125,55,0
1,3,0,-2,125,55,0
1,4,0,-2,127,55,0
1,5,0,-2,124,56,0
1,6,0,-2,124,55,0
1,7,0,-2,125,54,0
2,3,0,-2,126,55,0
2,4,0,-2,124,55,0
2,5,0,-2,124,55,0
2,6,0,-2,124,55,0
2,7,0,-2,126,56,0
3,4,0,-2,125,55,0
3,5,0,-2,125,55,0
3,6,0,-2,125,55,0
3,7,0,-2,125,55,0
4,5,0,-2,127,55,0
4,6,0,-2,124,56,0
4,7,0,-2,124,55,0
5,6,0,-2,124,58,0
5,7,0,-2,130,55,0
6,7,0,-2,125,55,0
--- ---VERSION
offset,limit,count-ms,lookup-mus,results
0,-2,37,54,1
---PATTERN START: http://www.gazettes-online.co.uk/ontology/authority#hasAuthorised  http://www.gazettes-online.co.uk/ontology/authority#Authority.
--- ---VERSION MATERIALIZED
patch,offset,limit,count-ms,lookup-mus,results
0,0,-2,3,5,1
1,0,-2,72,134,1
2,0,-2,71,133,1
3,0,-2,71,132,1
4,0,-2,74,132,1
5,0,-2,72,132,1
6,0,-2,72,132,1
7,0,-2,71,132,1
--- ---DELTA MATERIALIZED
patch_start,patch_end,offset,limit,count-ms,lookup-mus,results
0,1,0,-2,69,53,0
0,2,0,-2,67,52,0
0,3,0,-2,67,53,0
0,4,0,-2,67,54,0
0,5,0,-2,67,53,0
0,6,0,-2,66,53,0
0,7,0,-2,66,53,0
1,2,0,-2,130,53,0
1,3,0,-2,130,53,0
1,4,0,-2,130,53,0
1,5,0,-2,131,53,0
1,6,0,-2,133,54,0
1,7,0,-2,131,52,0
2,3,0,-2,130,53,0
2,4,0,-2,130,53,0
2,5,0,-2,132,53,0
2,6,0,-2,130,52,0
2,7,0,-2,131,54,0
3,4,0,-2,130,53,0
3,5,0,-2,138,62,0
3,6,0,-2,131,53,0
3,7,0,-2,131,53,0
4,5,0,-2,130,53,0
4,6,0,-2,130,55,0
4,7,0,-2,131,53,0
5,6,0,-2,135,57,0
5,7,0,-2,140,57,0
6,7,0,-2,139,58,0
--- ---VERSION
offset,limit,count-ms,lookup-mus,results
0,-2,44,71,1
---PATTERN START: http://www.gazettes-online.co.uk/ontology/organisation#EnvironmentAgency  http://www.gazettes-online.co.uk/ontology/authority#Authority.
--- ---VERSION MATERIALIZED
patch,offset,limit,count-ms,lookup-mus,results
0,0,-2,3,6,1
1,0,-2,88,184,1
2,0,-2,85,175,1
3,0,-2,85,173,1
4,0,-2,83,174,1
5,0,-2,85,173,1
6,0,-2,85,174,1
7,0,-2,86,173,1
--- ---DELTA MATERIALIZED
patch_start,patch_end,offset,limit,count-ms,lookup-mus,results
0,1,0,-2,81,64,0
0,2,0,-2,80,63,0
0,3,0,-2,79,63,0
0,4,0,-2,78,63,0
0,5,0,-2,78,64,0
0,6,0,-2,78,63,0
0,7,0,-2,79,63,0
1,2,0,-2,153,64,0
1,3,0,-2,154,63,0
1,4,0,-2,157,63,0
1,5,0,-2,154,63,0
1,6,0,-2,154,63,0
1,7,0,-2,156,63,0
2,3,0,-2,154,63,0
2,4,0,-2,154,64,0
2,5,0,-2,153,63,0
2,6,0,-2,154,63,0
2,7,0,-2,154,63,0
3,4,0,-2,154,63,0
3,5,0,-2,154,65,0
3,6,0,-2,154,64,0
3,7,0,-2,154,63,0
4,5,0,-2,154,63,0
4,6,0,-2,155,63,0
4,7,0,-2,155,63,0
5,6,0,-2,155,63,0
5,7,0,-2,155,63,0
6,7,0,-2,156,63,0
--- ---VERSION
offset,limit,count-ms,lookup-mus,results
0,-2,46,81,1
---PATTERN START: http://www.gazettes-online.co.uk/ontology#hasIssueNumber  http://www.gazettes-online.co.uk/ontology#Issue.
--- ---VERSION MATERIALIZED
patch,offset,limit,count-ms,lookup-mus,results
0,0,-2,3,6,1
1,0,-2,74,141,1
2,0,-2,72,138,1
3,0,-2,70,139,1
4,0,-2,72,138,1
5,0,-2,71,139,1
6,0,-2,70,138,1
7,0,-2,71,139,1
--- ---DELTA MATERIALIZED
patch_start,patch_end,offset,limit,count-ms,lookup-mus,results
0,1,0,-2,67,59,0
0,2,0,-2,65,60,0
0,3,0,-2,66,59,0
0,4,0,-2,66,59,0
0,5,0,-2,65,59,0
0,6,0,-2,65,59,0
0,7,0,-2,68,59,0
1,2,0,-2,127,58,0
1,3,0,-2,127,58,0
1,4,0,-2,127,60,0
1,5,0,-2,126,59,0
1,6,0,-2,127,58,0
1,7,0,-2,127,58,0
2,3,0,-2,127,58,0
2,4,0,-2,127,58,0
2,5,0,-2,128,59,0
2,6,0,-2,127,58,0
2,7,0,-2,127,58,0
3,4,0,-2,127,58,0
3,5,0,-2,129,58,0
3,6,0,-2,127,58,0
3,7,0,-2,126,59,0
4,5,0,-2,127,57,0
4,6,0,-2,123,56,0
4,7,0,-2,121,56,0
5,6,0,-2,122,57,0
5,7,0,-2,121,56,0
6,7,0,-2,122,56,0
--- ---VERSION
offset,limit,count-ms,lookup-mus,results
0,-2,39,60,1
---PATTERN START: http://lod.geospecies.org/families/gSvIP  http://lod.geospecies.org/bioclasses/aEbRZ.
--- ---VERSION MATERIALIZED
patch,offset,limit,count-ms,lookup-mus,results
0,0,-2,8,15,1
1,0,-2,57,132,1
2,0,-2,59,123,1
3,0,-2,56,124,1
4,0,-2,55,123,1
5,0,-2,56,123,1
6,0,-2,57,122,1
7,0,-2,56,123,1
--- ---DELTA MATERIALIZED
patch_start,patch_end,offset,limit,count-ms,lookup-mus,results
0,1,0,-2,47,41,0
0,2,0,-2,47,41,0
0,3,0,-2,47,41,0
0,4,0,-2,47,41,0
0,5,0,-2,47,42,0
0,6,0,-2,47,41,0
0,7,0,-2,47,41,0
1,2,0,-2,91,41,0
1,3,0,-2,91,42,0
1,4,0,-2,91,42,0
1,5,0,-2,91,41,0
1,6,0,-2,93,41,0
1,7,0,-2,92,41,0
2,3,0,-2,91,41,0
2,4,0,-2,91,41,0
2,5,0,-2,92,42,0
2,6,0,-2,92,42,0
2,7,0,-2,93,41,0
3,4,0,-2,92,42,0
3,5,0,-2,91,41,0
3,6,0,-2,91,42,0
3,7,0,-2,91,41,0
4,5,0,-2,91,42,0
4,6,0,-2,92,42,0
4,7,0,-2,92,42,0
5,6,0,-2,91,41,0
5,7,0,-2,92,41,0
6,7,0,-2,92,41,0
--- ---VERSION
offset,limit,count-ms,lookup-mus,results
0,-2,36,62,1
---PATTERN START: http://www.gazettes-online.co.uk/ontology#hasAuthoriser  http://www.gazettes-online.co.uk/ontology#Authoriser.
--- ---VERSION MATERIALIZED
patch,offset,limit,count-ms,lookup-mus,results
0,0,-2,4,5,1
1,0,-2,60,117,1
2,0,-2,59,116,1
3,0,-2,59,116,1
4,0,-2,59,115,1
5,0,-2,58,115,1
6,0,-2,60,115,1
7,0,-2,60,114,1
--- ---DELTA MATERIALIZED
patch_start,patch_end,offset,limit,count-ms,lookup-mus,results
0,1,0,-2,55,46,0
0,2,0,-2,54,47,0
0,3,0,-2,54,46,0
0,4,0,-2,54,46,0
0,5,0,-2,54,46,0
0,6,0,-2,53,46,0
0,7,0,-2,57,46,0
1,2,0,-2,105,46,0
1,3,0,-2,105,46,0
1,4,0,-2,105,47,0
1,5,0,-2,105,47,0
1,6,0,-2,106,52,0
1,7,0,-2,109,50,0
2,3,0,-2,111,51,0
2,4,0,-2,113,50,0
2,5,0,-2,113,50,0
2,6,0,-2,114,50,0
2,7,0,-2,113,51,0
3,4,0,-2,113,52,0
3,5,0,-2,113,50,0
3,6,0,-2,112,50,0
3,7,0,-2,115,50,0
4,5,0,-2,112,50,0
4,6,0,-2,112,50,0
4,7,0,-2,112,50,0
5,6,0,-2,113,50,0
5,7,0,-2,113,50,0
6,7,0,-2,112,50,0
--- ---VERSION
offset,limit,count-ms,lookup-mus,results
0,-2,37,59,1
---PATTERN START: http://www.london-gazette.co.uk/issues/59417/notices/1116592/page.htm  http://www.london-gazette.co.uk/Styles/gazettes.css.
--- ---VERSION MATERIALIZED
patch,offset,limit,count-ms,lookup-mus,results
0,0,-2,4,5,1
1,0,-2,134,195,1
2,0,-2,87,166,1
3,0,-2,89,166,1
4,0,-2,87,166,1
5,0,-2,86,166,1
6,0,-2,88,166,1
7,0,-2,87,166,1
--- ---DELTA MATERIALIZED
patch_start,patch_end,offset,limit,count-ms,lookup-mus,results
0,1,0,-2,83,75,0
0,2,0,-2,82,75,0
0,3,0,-2,83,74,0
0,4,0,-2,82,74,0
0,5,0,-2,82,75,0
0,6,0,-2,81,74,0
0,7,0,-2,82,75,0
1,2,0,-2,164,75,0
1,3,0,-2,162,75,0
1,4,0,-2,161,76,0
1,5,0,-2,163,75,0
1,6,0,-2,161,75,0
1,7,0,-2,162,75,0
2,3,0,-2,160,76,0
2,4,0,-2,161,75,0
2,5,0,-2,160,75,0
2,6,0,-2,161,74,0
2,7,0,-2,163,74,0
3,4,0,-2,161,75,0
3,5,0,-2,160,74,0
3,6,0,-2,162,74,0
3,7,0,-2,161,75,0
4,5,0,-2,162,74,0
4,6,0,-2,161,76,0
4,7,0,-2,161,74,0
5,6,0,-2,161,75,0
5,7,0,-2,161,75,0
6,7,0,-2,163,74,0
--- ---VERSION
offset,limit,count-ms,lookup-mus,results
0,-2,50,79,1
---PATTERN START: http://example.org/bnode/httpx3Ax2Fx2Fcoursewarex2Erkbex78plorerx2Ecomx2Fontologiesx2Fcoursewarexxbnode3  http://www.w3.org/2002/07/owl#DataRange.
--- ---VERSION MATERIALIZED
patch,offset,limit,count-ms,lookup-mus,results
0,0,-2,2,2,0
1,0,-2,67,66,0
2,0,-2,66,65,0
3,0,-2,66,65,0
4,0,-2,65,65,0
5,0,-2,65,66,0
6,0,-2,67,66,0
7,0,-2,64,66,0
--- ---DELTA MATERIALIZED
patch_start,patch_end,offset,limit,count-ms,lookup-mus,results
0,1,0,-2,63,55,0
0,2,0,-2,62,57,0
0,3,0,-2,63,56,0
0,4,0,-2,63,55,0
0,5,0,-2,64,59,0
0,6,0,-2,64,56,0
0,7,0,-2,63,56,0
1,2,0,-2,125,56,0
1,3,0,-2,125,57,0
1,4,0,-2,126,57,0
1,5,0,-2,125,55,0
1,6,0,-2,126,57,0
1,7,0,-2,127,56,0
2,3,0,-2,125,56,0
2,4,0,-2,126,56,0
2,5,0,-2,126,55,0
2,6,0,-2,125,57,0
2,7,0,-2,126,57,0
3,4,0,-2,127,56,0
3,5,0,-2,126,56,0
3,6,0,-2,125,56,0
3,7,0,-2,126,57,0
4,5,0,-2,126,57,0
4,6,0,-2,126,56,0
4,7,0,-2,125,56,0
5,6,0,-2,125,56,0
5,7,0,-2,126,57,0
6,7,0,-2,127,56,0
--- ---VERSION
offset,limit,count-ms,lookup-mus,results
0,-2,37,35,0
---PATTERN START: http://www.gazettes-online.co.uk/ontology#hasAuthority  http://www.gazettes-online.co.uk/ontology/authority#Authority.
--- ---VERSION MATERIALIZED
patch,offset,limit,count-ms,lookup-mus,results
0,0,-2,6,9,1
1,0,-2,88,160,1
2,0,-2,79,164,1
3,0,-2,79,158,1
4,0,-2,81,157,1
5,0,-2,78,157,1
6,0,-2,80,157,1
7,0,-2,80,158,1
--- ---DELTA MATERIALIZED
patch_start,patch_end,offset,limit,count-ms,lookup-mus,results
0,1,0,-2,76,59,0
0,2,0,-2,73,58,0
0,3,0,-2,73,57,0
0,4,0,-2,73,59,0
0,5,0,-2,74,57,0
0,6,0,-2,77,58,0
0,7,0,-2,75,58,0
1,2,0,-2,145,58,0
1,3,0,-2,145,58,0
1,4,0,-2,147,58,0
1,5,0,-2,147,57,0
1,6,0,-2,146,58,0
1,7,0,-2,146,58,0
2,3,0,-2,146,57,0
2,4,0,-2,145,58,0
2,5,0,-2,145,58,0
2,6,0,-2,146,57,0
2,7,0,-2,148,58,0
3,4,0,-2,146,58,0
3,5,0,-2,145,57,0
3,6,0,-2,144,58,0
3,7,0,-2,147,58,0
4,5,0,-2,147,57,0
4,6,0,-2,147,58,0
4,7,0,-2,146,58,0
5,6,0,-2,147,57,0
5,7,0,-2,146,58,0
6,7,0,-2,146,58,0
--- ---VERSION
offset,limit,count-ms,lookup-mus,results
0,-2,44,73,1
---PATTERN START: http://lod.geospecies.org/phyla/Ac1  http://lod.geospecies.org/bioclasses/9JpKF.
--- ---VERSION MATERIALIZED
patch,offset,limit,count-ms,lookup-mus,results
0,0,-2,12,14,1
1,0,-2,80,124,1
2,0,-2,58,113,1
3,0,-2,57,112,1
4,0,-2,57,112,1
5,0,-2,58,113,1
6,0,-2,57,112,1
7,0,-2,58,112,1
--- ---DELTA MATERIALIZED
patch_start,patch_end,offset,limit,count-ms,lookup-mus,results
0,1,0,-2,47,41,0
0,2,0,-2,47,41,0
0,3,0,-2,46,42,0
0,4,0,-2,47,41,0
0,5,0,-2,47,41,0
0,6,0,-2,46,41,0
0,7,0,-2,46,41,0
1,2,0,-2,92,41,0
1,3,0,-2,90,41,0
1,4,0,-2,90,41,0
1,5,0,-2,91,41,0
1,6,0,-2,91,41,0
1,7,0,-2,90,41,0
2,3,0,-2,91,41,0
2,4,0,-2,90,41,0
2,5,0,-2,90,41,0
2,6,0,-2,90,41,0
2,7,0,-2,91,41,0
3,4,0,-2,90,41,0
3,5,0,-2,91,41,0
3,6,0,-2,90,41,0
3,7,0,-2,89,41,0
4,5,0,-2,90,41,0
4,6,0,-2,90,42,0
4,7,0,-2,90,43,0
5,6,0,-2,91,41,0
5,7,0,-2,91,41,0
6,7,0,-2,90,41,0
--- ---VERSION
offset,limit,count-ms,lookup-mus,results
0,-2,36,59,1
---PATTERN START: http://www.gazettes-online.co.uk/ontology#hasAuthorisingRole  http://www.gazettes-online.co.uk/ontology#Authoriser.
--- ---VERSION MATERIALIZED
patch,offset,limit,count-ms,lookup-mus,results
0,0,-2,5,6,1
1,0,-2,66,134,1
2,0,-2,64,132,1
3,0,-2,64,133,1
4,0,-2,65,132,1
5,0,-2,63,132,1
6,0,-2,65,132,1
7,0,-2,64,135,1
--- ---DELTA MATERIALIZED
patch_start,patch_end,offset,limit,count-ms,lookup-mus,results
0,1,0,-2,59,50,0
0,2,0,-2,59,50,0
0,3,0,-2,58,50,0
0,4,0,-2,59,51,0
0,5,0,-2,58,51,0
0,6,0,-2,59,55,0
0,7,0,-2,63,54,0
1,2,0,-2,122,55,0
1,3,0,-2,124,55,0
1,4,0,-2,125,55,0
1,5,0,-2,121,55,0
1,6,0,-2,127,55,0
1,7,0,-2,122,55,0
2,3,0,-2,126,55,0
2,4,0,-2,126,55,0
2,5,0,-2,127,56,0
2,6,0,-2,123,53,0
2,7,0,-2,122,55,0
3,4,0,-2,122,55,0
3,5,0,-2,120,57,0
3,6,0,-2,125,54,0
3,7,0,-2,122,55,0
4,5,0,-2,126,55,0
4,6,0,-2,126,56,0
4,7,0,-2,126,56,0
5,6,0,-2,123,53,0
5,7,0,-2,122,55,0
6,7,0,-2,121,54,0
--- ---VERSION
offset,limit,count-ms,lookup-mus,results
0,-2,39,70,1
---PATTERN START: http://id.loc.gov/vocabulary/relators/trl  http://purl.org/dc/elements/1.1/contributor.
--- ---VERSION MATERIALIZED
patch,offset,limit,count-ms,lookup-mus,results
0,0,-2,6,7,1
1,0,-2,106,117,1
2,0,-2,56,92,1
3,0,-2,49,89,1
4,0,-2,49,90,1
5,0,-2,50,90,1
6,0,-2,50,89,1
7,0,-2,48,91,1
--- ---DELTA MATERIALIZED
patch_start,patch_end,offset,limit,count-ms,lookup-mus,results
0,1,0,-2,43,35,0
0,2,0,-2,43,35,0
0,3,0,-2,43,36,0
0,4,0,-2,43,35,0
0,5,0,-2,44,35,0
0,6,0,-2,43,36,0
0,7,0,-2,43,36,0
1,2,0,-2,83,35,0
1,3,0,-2,86,35,0
1,4,0,-2,83,35,0
1,5,0,-2,84,36,0
1,6,0,-2,83,36,0
1,7,0,-2,82,36,0
2,3,0,-2,83,36,0
2,4,0,-2,83,37,0
2,5,0,-2,83,36,0
2,6,0,-2,84,36,0
2,7,0,-2,82,35,0
3,4,0,-2,83,35,0
3,5,0,-2,84,35,0
3,6,0,-2,83,35,0
3,7,0,-2,83,36,0
4,5,0,-2,84,36,0
4,6,0,-2,83,36,0
4,7,0,-2,82,36,0
5,6,0,-2,84,36,0
5,7,0,-2,84,35,0
6,7,0,-2,83,35,0
--- ---VERSION
offset,limit,count-ms,lookup-mus,results
0,-2,32,43,1
---PATTERN START: http://www.loa-cnr.it/ontologies/DUL.owl#Concept  http://www.loa-cnr.it/ontologies/DUL.owl#Situation.
--- ---VERSION MATERIALIZED
patch,offset,limit,count-ms,lookup-mus,results
0,0,-2,5,5,1
1,0,-2,55,108,1
2,0,-2,61,96,1
3,0,-2,53,93,1
4,0,-2,54,93,1
5,0,-2,53,93,1
6,0,-2,54,99,1
7,0,-2,57,100,1
--- ---DELTA MATERIALIZED
patch_start,patch_end,offset,limit,count-ms,lookup-mus,results
0,1,0,-2,51,45,0
0,2,0,-2,52,45,0
0,3,0,-2,51,44,0
0,4,0,-2,51,45,0
0,5,0,-2,51,44,0
0,6,0,-2,51,44,0
0,7,0,-2,50,46,0
1,2,0,-2,99,44,0
1,3,0,-2,99,44,0
1,4,0,-2,99,44,0
1,5,0,-2,99,44,0
1,6,0,-2,99,45,0
1,7,0,-2,100,44,0
2,3,0,-2,97,44,0
2,4,0,-2,98,44,0
2,5,0,-2,97,44,0
2,6,0,-2,98,44,0
2,7,0,-2,97,46,0
3,4,0,-2,98,44,0
3,5,0,-2,97,44,0
3,6,0,-2,98,44,0
3,7,0,-2,97,43,0
4,5,0,-2,98,44,0
4,6,0,-2,101,44,0
4,7,0,-2,99,44,0
5,6,0,-2,98,44,0
5,7,0,-2,98,45,0
6,7,0,-2,98,44,0
--- ---VERSION
offset,limit,count-ms,lookup-mus,results
0,-2,34,50,1
---PATTERN START: http://lod.geospecies.org/families/2lKGZ  http://lod.geospecies.org/bioclasses/9JpKF.
--- ---VERSION MATERIALIZED
patch,offset,limit,count-ms,lookup-mus,results
0,0,-2,9,14,1
1,0,-2,59,141,1
2,0,-2,57,129,1
3,0,-2,58,127,1
4,0,-2,58,126,1
5,0,-2,58,126,1
6,0,-2,58,129,1
7,0,-2,59,126,1
--- ---DELTA MATERIALIZED
patch_start,patch_end,offset,limit,count-ms,lookup-mus,results
0,1,0,-2,48,43,0
0,2,0,-2,48,44,0
0,3,0,-2,48,43,0
0,4,0,-2,48,43,0
0,5,0,-2,48,43,0
0,6,0,-2,48,44,0
0,7,0,-2,48,44,0
1,2,0,-2,93,43,0
1,3,0,-2,95,43,0
1,4,0,-2,93,43,0
1,5,0,-2,93,43,0
1,6,0,-2,93,44,0
1,7,0,-2,94,42,0
2,3,0,-2,93,43,0
2,4,0,-2,95,43,0
2,5,0,-2,93,43,0
2,6,0,-2,93,43,0
2,7,0,-2,95,43,0
3,4,0,-2,93,43,0
3,5,0,-2,93,43,0
3,6,0,-2,93,43,0
3,7,0,-2,92,42,0
4,5,0,-2,92,42,0
4,6,0,-2,93,42,0
4,7,0,-2,91,42,0
5,6,0,-2,92,42,0
5,7,0,-2,91,43,0
6,7,0,-2,91,42,0
--- ---VERSION
offset,limit,count-ms,lookup-mus,results
0,-2,33,59,1
---PATTERN START: http://www.w3.org/2006/vcard/ns#region  http://www.w3.org/2006/vcard/ns#Address.
--- ---VERSION MATERIALIZED
patch,offset,limit,count-ms,lookup-mus,results
0,0,-2,3,5,1
1,0,-2,77,152,1
2,0,-2,76,155,1
3,0,-2,77,138,1
4,0,-2,75,138,1
5,0,-2,75,141,1
6,0,-2,80,138,1
7,0,-2,76,138,1
--- ---DELTA MATERIALIZED
patch_start,patch_end,offset,limit,count-ms,lookup-mus,results
0,1,0,-2,71,59,0
0,2,0,-2,70,60,0
0,3,0,-2,71,60,0
0,4,0,-2,71,59,0
0,5,0,-2,70,59,0
0,6,0,-2,70,59,0
0,7,0,-2,70,59,0
1,2,0,-2,138,59,0
1,3,0,-2,139,60,0
1,4,0,-2,138,59,0
1,5,0,-2,137,60,0
1,6,0,-2,137,59,0
1,7,0,-2,138,60,0
2,3,0,-2,137,60,0
2,4,0,-2,137,60,0
2,5,0,-2,137,59,0
2,6,0,-2,138,59,0
2,7,0,-2,137,60,0
3,4,0,-2,138,59,0
3,5,0,-2,138,61,0
3,6,0,-2,140,59,0
3,7,0,-2,138,59,0
4,5,0,-2,137,59,0
4,6,0,-2,137,60,0
4,7,0,-2,138,59,0
5,6,0,-2,137,59,0
5,7,0,-2,139,60,0
6,7,0,-2,137,59,0
--- ---VERSION
offset,limit,count-ms,lookup-mus,results
0,-2,43,65,1
---PATTERN START: http://id.crossref.org/issn/1570-8268  http://purl.org/ontology/bibo/Journal.
--- ---VERSION MATERIALIZED
patch,offset,limit,count-ms,lookup-mus,results
0,0,-2,5,7,1
1,0,-2,75,123,1
2,0,-2,77,115,1
3,0,-2,73,114,1
4,0,-2,73,115,1
5,0,-2,74,116,1
6,0,-2,73,114,1
7,0,-2,72,121,1
--- ---DELTA MATERIALIZED
patch_start,patch_end,offset,limit,count-ms,lookup-mus,results
0,1,0,-2,68,59,0
0,2,0,-2,70,60,0
0,3,0,-2,69,59,0
0,4,0,-2,70,59,0
0,5,0,-2,69,59,0
0,6,0,-2,68,59,0
0,7,0,-2,68,59,0
1,2,0,-2,134,59,0
1,3,0,-2,136,59,0
1,4,0,-2,134,60,0
1,5,0,-2,133,59,0
1,6,0,-2,133,59,0
1,7,0,-2,133,59,0
2,3,0,-2,133,59,0
2,4,0,-2,134,59,0
2,5,0,-2,133,60,0
2,6,0,-2,138,63,0
2,7,0,-2,134,59,0
3,4,0,-2,133,59,0
3,5,0,-2,133,59,0
3,6,0,-2,133,62,0
3,7,0,-2,133,60,0
4,5,0,-2,133,59,0
4,6,0,-2,133,59,0
4,7,0,-2,134,60,0
5,6,0,-2,133,59,0
5,7,0,-2,133,59,0
6,7,0,-2,133,59,0
--- ---VERSION
offset,limit,count-ms,lookup-mus,results
0,-2,42,58,1
---PATTERN START: http://www.loa-cnr.it/ontologies/DUL.owl#isSettingFor  http://www.loa-cnr.it/ontologies/DUL.owl#Situation.
--- ---VERSION MATERIALIZED
patch,offset,limit,count-ms,lookup-mus,results
0,0,-2,4,6,1
1,0,-2,59,113,1
2,0,-2,55,117,1
3,0,-2,58,110,1
4,0,-2,56,110,1
5,0,-2,55,111,1
6,0,-2,54,110,1
7,0,-2,55,112,1
--- ---DELTA MATERIALIZED
patch_start,patch_end,offset,limit,count-ms,lookup-mus,results
0,1,0,-2,51,44,0
0,2,0,-2,50,43,0
0,3,0,-2,50,44,0
0,4,0,-2,51,44,0
0,5,0,-2,50,44,0
0,6,0,-2,50,44,0
0,7,0,-2,50,44,0
1,2,0,-2,98,44,0
1,3,0,-2,97,43,0
1,4,0,-2,97,43,0
1,5,0,-2,97,43,0
1,6,0,-2,97,42,0
1,7,0,-2,99,47,0
2,3,0,-2,99,43,0
2,4,0,-2,96,43,0
2,5,0,-2,96,43,0
2,6,0,-2,96,44,0
2,7,0,-2,96,43,0
3,4,0,-2,97,43,0
3,5,0,-2,96,42,0
3,6,0,-2,96,43,0
3,7,0,-2,96,43,0
4,5,0,-2,95,43,0
4,6,0,-2,97,44,0
4,7,0,-2,96,43,0
5,6,0,-2,96,42,0
5,7,0,-2,96,43,0
6,7,0,-2,96,43,0
--- ---VERSION
offset,limit,count-ms,lookup-mus,results
0,-2,33,49,1
---PATTERN START: http://ws.sioc-project.org/mediawiki/mediawiki.php?wiki=http://en.wikipedia.org/wiki/Semantic_Web  http://en.wikipedia.org/wiki/Semantic_Web.
--- ---VERSION MATERIALIZED
patch,offset,limit,count-ms,lookup-mus,results
0,0,-2,8,6,1
1,0,-2,153,186,1
2,0,-2,86,166,1
3,0,-2,83,162,1
4,0,-2,83,163,1
5,0,-2,85,165,1
6,0,-2,83,164,1
7,0,-2,82,165,1
--- ---DELTA MATERIALIZED
patch_start,patch_end,offset,limit,count-ms,lookup-mus,results
0,1,0,-2,79,70,0
0,2,0,-2,78,66,0
0,3,0,-2,78,67,0
0,4,0,-2,78,66,0
0,5,0,-2,77,67,0
0,6,0,-2,77,66,0
0,7,0,-2,85,68,0
1,2,0,-2,156,66,0
1,3,0,-2,155,68,0
1,4,0,-2,153,67,0
1,5,0,-2,153,65,0
1,6,0,-2,151,66,0
1,7,0,-2,152,66,0
2,3,0,-2,154,66,0
2,4,0,-2,152,67,0
2,5,0,-2,152,65,0
2,6,0,-2,151,66,0
2,7,0,-2,160,66,0
3,4,0,-2,152,66,0
3,5,0,-2,151,65,0
3,6,0,-2,152,67,0
3,7,0,-2,151,65,0
4,5,0,-2,151,66,0
4,6,0,-2,151,66,0
4,7,0,-2,153,66,0
5,6,0,-2,152,66,0
5,7,0,-2,152,66,0
6,7,0,-2,151,65,0
--- ---VERSION
offset,limit,count-ms,lookup-mus,results
0,-2,47,82,1
---PATTERN START: http://bigasterisk.com/foaf.rdf  mailto:leigh@ldodds.com.
--- ---VERSION MATERIALIZED
patch,offset,limit,count-ms,lookup-mus,results
0,0,-2,3,7,1
1,0,-2,176,179,1
2,0,-2,110,178,1
3,0,-2,109,185,1
4,0,-2,113,179,1
5,0,-2,109,176,1
6,0,-2,107,176,1
7,0,-2,109,175,1
--- ---DELTA MATERIALIZED
patch_start,patch_end,offset,limit,count-ms,lookup-mus,results
0,1,0,-2,104,92,0
0,2,0,-2,103,92,0
0,3,0,-2,111,91,0
0,4,0,-2,103,91,0
0,5,0,-2,102,91,0
0,6,0,-2,102,92,0
0,7,0,-2,105,91,0
1,2,0,-2,202,92,0
1,3,0,-2,203,92,0
1,4,0,-2,203,91,0
1,5,0,-2,202,92,0
1,6,0,-2,202,94,0
1,7,0,-2,202,92,0
2,3,0,-2,202,92,0
2,4,0,-2,204,93,0
2,5,0,-2,202,92,0
2,6,0,-2,202,92,0
2,7,0,-2,203,92,0
3,4,0,-2,201,91,0
3,5,0,-2,202,93,0
3,6,0,-2,202,92,0
3,7,0,-2,202,92,0
4,5,0,-2,204,92,0
4,6,0,-2,201,92,0
4,7,0,-2,202,92,0
5,6,0,-2,203,92,0
5,7,0,-2,202,92,0
6,7,0,-2,202,94,0
--- ---VERSION
offset,limit,count-ms,lookup-mus,results
0,-2,56,83,1
---PATTERN START: http://www.topquadrant.com/people/dallemang/foaf.rdf#me  http://www.w3.org/2001/sw/.
--- ---VERSION MATERIALIZED
patch,offset,limit,count-ms,lookup-mus,results
0,0,-2,7,10,1
1,0,-2,137,169,1
2,0,-2,72,142,1
3,0,-2,71,147,1
4,0,-2,73,148,1
5,0,-2,73,146,1
6,0,-2,73,146,1
7,0,-2,74,147,1
--- ---DELTA MATERIALIZED
patch_start,patch_end,offset,limit,count-ms,lookup-mus,results
0,1,0,-2,67,57,0
0,2,0,-2,66,56,0
0,3,0,-2,65,56,0
0,4,0,-2,65,57,0
0,5,0,-2,66,56,0
0,6,0,-2,66,56,0
0,7,0,-2,65,58,0
1,2,0,-2,126,56,0
1,3,0,-2,126,56,0
1,4,0,-2,126,56,0
1,5,0,-2,126,55,0
1,6,0,-2,128,57,0
1,7,0,-2,127,55,0
2,3,0,-2,125,54,0
2,4,0,-2,124,55,0
2,5,0,-2,127,55,0
2,6,0,-2,125,54,0
2,7,0,-2,125,55,0
3,4,0,-2,125,55,0
3,5,0,-2,124,57,0
3,6,0,-2,125,55,0
3,7,0,-2,125,55,0
4,5,0,-2,124,55,0
4,6,0,-2,125,55,0
4,7,0,-2,126,56,0
5,6,0,-2,125,55,0
5,7,0,-2,125,55,0
6,7,0,-2,126,55,0
--- ---VERSION
offset,limit,count-ms,lookup-mus,results
0,-2,40,67,1
---PATTERN START: http://rdfs.org/ns/void-guide  http://richard.cyganiak.de/#me.
--- ---VERSION MATERIALIZED
patch,offset,limit,count-ms,lookup-mus,results
0,0,-2,5,6,1
1,0,-2,128,152,1
2,0,-2,74,116,1
3,0,-2,70,115,1
4,0,-2,71,116,1
5,0,-2,71,116,1
6,0,-2,71,115,1
7,0,-2,70,116,1
--- ---DELTA MATERIALIZED
patch_start,patch_end,offset,limit,count-ms,lookup-mus,results
0,1,0,-2,66,58,0
0,2,0,-2,66,58,0
0,3,0,-2,66,57,0
0,4,0,-2,67,58,0
0,5,0,-2,66,58,0
0,6,0,-2,66,58,0
0,7,0,-2,66,59,0
1,2,0,-2,131,59,0
1,3,0,-2,133,59,0
1,4,0,-2,131,59,0
1,5,0,-2,130,58,0
1,6,0,-2,130,58,0
1,7,0,-2,129,59,0
2,3,0,-2,130,59,0
2,4,0,-2,131,58,0
2,5,0,-2,130,60,0
2,6,0,-2,131,59,0
2,7,0,-2,130,58,0
3,4,0,-2,130,58,0
3,5,0,-2,129,58,0
3,6,0,-2,130,59,0
3,7,0,-2,132,59,0
4,5,0,-2,130,58,0
4,6,0,-2,130,58,0
4,7,0,-2,129,58,0
5,6,0,-2,132,58,0
5,7,0,-2,130,58,0
6,7,0,-2,130,58,0
--- ---VERSION
offset,limit,count-ms,lookup-mus,results
0,-2,38,53,1
---PATTERN START: http://www.w3.org/2006/vcard/ns#postal-code  http://www.w3.org/2006/vcard/ns#Address.
--- ---VERSION MATERIALIZED
patch,offset,limit,count-ms,lookup-mus,results
0,0,-2,4,5,1
1,0,-2,82,149,1
2,0,-2,79,149,1
3,0,-2,78,147,1
4,0,-2,79,147,1
5,0,-2,79,146,1
6,0,-2,80,146,1
7,0,-2,78,147,1
--- ---DELTA MATERIALIZED
patch_start,patch_end,offset,limit,count-ms,lookup-mus,results
0,1,0,-2,73,64,0
0,2,0,-2,74,62,0
0,3,0,-2,73,63,0
0,4,0,-2,75,64,0
0,5,0,-2,74,63,0
0,6,0,-2,74,63,0
0,7,0,-2,74,63,0
1,2,0,-2,143,64,0
1,3,0,-2,147,64,0
1,4,0,-2,143,63,0
1,5,0,-2,143,64,0
1,6,0,-2,144,68,0
1,7,0,-2,147,63,0
2,3,0,-2,143,63,0
2,4,0,-2,143,63,0
2,5,0,-2,146,60,0
2,6,0,-2,136,59,0
2,7,0,-2,136,60,0
3,4,0,-2,136,59,0
3,5,0,-2,137,60,0
3,6,0,-2,136,59,0
3,7,0,-2,137,59,0
4,5,0,-2,136,59,0
4,6,0,-2,136,67,0
4,7,0,-2,136,59,0
5,6,0,-2,136,59,0
5,7,0,-2,136,59,0
6,7,0,-2,136,61,0
--- ---VERSION
offset,limit,count-ms,lookup-mus,results
0,-2,41,65,1
---PATTERN START: http://www.gazettes-online.co.uk/ontology#Notice  http://www.gazettes-online.co.uk/ontology#Issue.
--- ---VERSION MATERIALIZED
patch,offset,limit,count-ms,lookup-mus,results
0,0,-2,5,6,1
1,0,-2,64,125,1
2,0,-2,62,113,1
3,0,-2,63,113,1
4,0,-2,63,113,1
5,0,-2,62,115,1
6,0,-2,62,113,1
7,0,-2,62,114,1
--- ---DELTA MATERIALIZED
patch_start,patch_end,offset,limit,count-ms,lookup-mus,results
0,1,0,-2,57,51,0
0,2,0,-2,56,50,0
0,3,0,-2,56,50,0
0,4,0,-2,56,55,0
0,5,0,-2,59,50,0
0,6,0,-2,56,50,0
0,7,0,-2,56,50,0
1,2,0,-2,110,50,0
1,3,0,-2,110,51,0
1,4,0,-2,110,52,0
1,5,0,-2,110,50,0
1,6,0,-2,110,50,0
1,7,0,-2,109,50,0
2,3,0,-2,109,50,0
2,4,0,-2,111,50,0
2,5,0,-2,109,51,0
2,6,0,-2,110,50,0
2,7,0,-2,110,50,0
3,4,0,-2,110,50,0
3,5,0,-2,113,51,0
3,6,0,-2,110,50,0
3,7,0,-2,109,50,0
4,5,0,-2,117,50,0
4,6,0,-2,110,50,0
4,7,0,-2,112,50,0
5,6,0,-2,110,50,0
5,7,0,-2,110,50,0
6,7,0,-2,109,50,0
--- ---VERSION
offset,limit,count-ms,lookup-mus,results
0,-2,35,52,1
---PATTERN START: http://videolectures.net/iswc08_heath_hpldw/  http://richard.cyganiak.de/#me.
--- ---VERSION MATERIALIZED
patch,offset,limit,count-ms,lookup-mus,results
0,0,-2,5,5,1
1,0,-2,64,191,1
2,0,-2,65,157,1
3,0,-2,66,155,1
4,0,-2,65,156,1
5,0,-2,66,161,1
6,0,-2,70,155,1
7,0,-2,65,154,1
--- ---DELTA MATERIALIZED
patch_start,patch_end,offset,limit,count-ms,lookup-mus,results
0,1,0,-2,61,54,0
0,2,0,-2,59,54,0
0,3,0,-2,60,54,0
0,4,0,-2,60,53,0
0,5,0,-2,60,53,0
0,6,0,-2,59,53,0
0,7,0,-2,59,53,0
1,2,0,-2,116,53,0
1,3,0,-2,116,55,0
1,4,0,-2,116,53,0
1,5,0,-2,118,57,0
1,6,0,-2,120,53,0
1,7,0,-2,116,53,0
2,3,0,-2,124,57,0
2,4,0,-2,116,54,0
2,5,0,-2,115,53,0
2,6,0,-2,118,54,0
2,7,0,-2,116,53,0
3,4,0,-2,115,53,0
3,5,0,-2,117,54,0
3,6,0,-2,116,54,0
3,7,0,-2,115,52,0
4,5,0,-2,118,53,0
4,6,0,-2,116,53,0
4,7,0,-2,115,53,0
5,6,0,-2,117,53,0
5,7,0,-2,116,53,0
6,7,0,-2,117,52,0
--- ---VERSION
offset,limit,count-ms,lookup-mus,results
0,-2,39,76,1
