---PATTERN START:   http://www.loa-cnr.it/ontologies/DUL.owl#Entity .
--- ---VERSION MATERIALIZED
patch,offset,limit,count-ms,lookup-mus,results
4,0,-2,5,116,66
5,0,-2,413,1597,66
6,0,-2,316,1488,67
7,0,-2,273,1474,67
3,0,-2,361,1800,66
2,0,-2,235,1599,67
1,0,-2,238,1606,73
0,0,-2,241,1620,79
--- ---DELTA MATERIALIZED
patch_start,patch_end,offset,limit,count-ms,lookup-mus,results
0,1,0,-2,464,487,16
0,2,0,-2,463,478,12
0,3,0,-2,464,478,13
0,4,0,-2,236,506,25
0,5,0,-2,516,855,25
0,6,0,-2,512,861,26
0,7,0,-2,464,864,26
1,2,0,-2,462,484,16
1,3,0,-2,461,471,7
1,4,0,-2,234,486,19
1,5,0,-2,513,823,19
1,6,0,-2,509,833,20
1,7,0,-2,461,835,20
2,3,0,-2,456,474,11
2,4,0,-2,232,505,13
2,5,0,-2,508,840,13
2,6,0,-2,508,846,14
2,7,0,-2,461,857,14
3,4,0,-2,232,468,12
3,5,0,-2,511,802,12
3,6,0,-2,509,810,13
3,7,0,-2,461,821,13
4,5,0,-2,284,354,12
4,6,0,-2,281,360,13
4,7,0,-2,233,366,13
5,6,0,-2,561,354,6
5,7,0,-2,512,372,17
6,7,0,-2,512,364,13
--- ---VERSION
offset,limit,count-ms,lookup-mus,results
0,-2,375,3131,108
---PATTERN START:   http://swrc.ontoware.org/ontology#Project .
--- ---VERSION MATERIALIZED
patch,offset,limit,count-ms,lookup-mus,results
4,0,-2,5,138,72
5,0,-2,2720,4518,61
6,0,-2,1994,3299,53
7,0,-2,1606,2939,73
3,0,-2,2480,4299,61
2,0,-2,2354,2603,72
1,0,-2,52,2621,132
0,0,-2,51,2706,182
--- ---DELTA MATERIALIZED
patch_start,patch_end,offset,limit,count-ms,lookup-mus,results
0,1,0,-2,89,5436,84
0,2,0,-2,2434,5476,127
0,3,0,-2,2385,5502,153
0,4,0,-2,49,5800,273
0,5,0,-2,2613,9160,273
0,6,0,-2,2003,9224,296
0,7,0,-2,1616,9254,306
1,2,0,-2,2392,5453,111
1,3,0,-2,2381,5443,103
1,4,0,-2,47,5648,223
1,5,0,-2,2614,8971,223
1,6,0,-2,2000,9014,246
1,7,0,-2,1613,9067,256
2,3,0,-2,4711,5464,94
2,4,0,-2,2366,5454,146
2,5,0,-2,4934,8672,146
2,6,0,-2,4316,8732,169
2,7,0,-2,3942,8823,179
3,4,0,-2,2344,5413,120
3,5,0,-2,4931,8589,120
3,6,0,-2,4308,8624,143
3,7,0,-2,3919,8670,153
4,5,0,-2,2585,3303,120
4,6,0,-2,1956,3363,143
4,7,0,-2,1569,3412,153
5,6,0,-2,4519,3281,60
5,7,0,-2,4185,3374,117
6,7,0,-2,3514,3409,143
--- ---VERSION
offset,limit,count-ms,lookup-mus,results
0,-2,3859,15887,462
---PATTERN START:   http://aigp.csres.utexas.edu/~aigp/school/show/149 .
--- ---VERSION MATERIALIZED
patch,offset,limit,count-ms,lookup-mus,results
4,0,-2,5,133,87
5,0,-2,4940,8471,87
6,0,-2,1689,6198,87
7,0,-2,76,5376,87
3,0,-2,4045,7634,87
2,0,-2,57,4051,87
1,0,-2,56,4123,174
0,0,-2,56,4248,261
--- ---DELTA MATERIALIZED
patch_start,patch_end,offset,limit,count-ms,lookup-mus,results
0,1,0,-2,100,8530,145
0,2,0,-2,103,8565,203
0,3,0,-2,3903,8613,232
0,4,0,-2,54,8916,406
0,5,0,-2,4822,14712,406
0,6,0,-2,903,14884,464
0,7,0,-2,93,14906,464
1,2,0,-2,101,8545,174
1,3,0,-2,3895,8494,145
1,4,0,-2,58,8745,319
1,5,0,-2,4797,14490,319
1,6,0,-2,902,14671,377
1,7,0,-2,92,14674,377
2,3,0,-2,3897,8491,145
2,4,0,-2,56,8481,203
2,5,0,-2,4798,14268,203
2,6,0,-2,906,14447,261
2,7,0,-2,90,14585,261
3,4,0,-2,3850,8497,174
3,5,0,-2,8576,14065,174
3,6,0,-2,4728,14217,232
3,7,0,-2,3869,14236,232
4,5,0,-2,4744,5875,174
4,6,0,-2,852,6037,232
4,7,0,-2,40,6055,232
5,6,0,-2,5588,5911,87
5,7,0,-2,4781,6037,203
6,7,0,-2,901,6070,232
--- ---VERSION
offset,limit,count-ms,lookup-mus,results
0,-2,6711,26239,696
---PATTERN START:   http://xmlns.com/foaf/0.1/knows .
--- ---VERSION MATERIALIZED
patch,offset,limit,count-ms,lookup-mus,results
4,0,-2,4,116,60
5,0,-2,409,2320,60
6,0,-2,294,1687,63
7,0,-2,262,1601,62
3,0,-2,404,2319,58
2,0,-2,287,1679,60
1,0,-2,291,1723,64
0,0,-2,296,1731,68
--- ---DELTA MATERIALIZED
patch_start,patch_end,offset,limit,count-ms,lookup-mus,results
0,1,0,-2,573,508,5
0,2,0,-2,563,515,9
0,3,0,-2,572,517,11
0,4,0,-2,291,496,18
0,5,0,-2,1353,841,16
0,6,0,-2,528,848,17
0,7,0,-2,519,844,15
1,2,0,-2,557,480,8
1,3,0,-2,556,479,8
1,4,0,-2,282,487,14
1,5,0,-2,550,830,14
1,6,0,-2,526,839,15
1,7,0,-2,514,888,11
2,3,0,-2,571,514,8
2,4,0,-2,284,540,10
2,5,0,-2,572,906,8
2,6,0,-2,535,924,11
2,7,0,-2,532,919,11
3,4,0,-2,287,489,6
3,5,0,-2,560,867,8
3,6,0,-2,539,888,11
3,7,0,-2,530,871,9
4,5,0,-2,281,374,8
4,6,0,-2,256,389,11
4,7,0,-2,248,389,11
5,6,0,-2,535,370,4
5,7,0,-2,498,359,9
6,7,0,-2,473,362,11
--- ---VERSION
offset,limit,count-ms,lookup-mus,results
0,-2,424,3189,84
---PATTERN START:   http://lod.geospecies.org/bioclasses/hzc3j .
--- ---VERSION MATERIALIZED
patch,offset,limit,count-ms,lookup-mus,results
4,0,-2,5,143,81
5,0,-2,369,2009,81
6,0,-2,222,1628,82
7,0,-2,191,1594,82
3,0,-2,290,1771,81
2,0,-2,169,1508,81
1,0,-2,169,1514,85
0,0,-2,175,1525,88
--- ---DELTA MATERIALIZED
patch_start,patch_end,offset,limit,count-ms,lookup-mus,results
0,1,0,-2,330,266,7
0,2,0,-2,329,263,7
0,3,0,-2,326,266,7
0,4,0,-2,167,284,13
0,5,0,-2,386,500,13
0,6,0,-2,351,504,14
0,7,0,-2,332,507,14
1,2,0,-2,326,266,8
1,3,0,-2,330,262,4
1,4,0,-2,167,270,10
1,5,0,-2,382,491,10
1,6,0,-2,348,497,11
1,7,0,-2,328,497,11
2,3,0,-2,325,266,6
2,4,0,-2,165,279,6
2,5,0,-2,384,496,6
2,6,0,-2,348,498,7
2,7,0,-2,328,501,7
3,4,0,-2,165,257,6
3,5,0,-2,379,476,6
3,6,0,-2,344,479,7
3,7,0,-2,327,482,7
4,5,0,-2,217,223,6
4,6,0,-2,184,229,7
4,7,0,-2,163,228,7
5,6,0,-2,393,224,3
5,7,0,-2,377,230,8
6,7,0,-2,339,231,7
--- ---VERSION
offset,limit,count-ms,lookup-mus,results
0,-2,242,3095,102
---PATTERN START:   http://d.opencalais.com/er/company/ralg-tr1r/4ee13d20-b44f-3bce-98bc-49a303e72db5 .
--- ---VERSION MATERIALIZED
patch,offset,limit,count-ms,lookup-mus,results
4,0,-2,5,120,61
5,0,-2,996,2998,57
6,0,-2,53,1850,114
7,0,-2,51,1834,121
3,0,-2,1455,3290,59
2,0,-2,57,3173,110
1,0,-2,57,2490,167
0,0,-2,58,2549,223
--- ---DELTA MATERIALIZED
patch_start,patch_end,offset,limit,count-ms,lookup-mus,results
0,1,0,-2,99,2574,59
0,2,0,-2,100,2667,109
0,3,0,-2,1354,2753,170
0,4,0,-2,54,2929,284
0,5,0,-2,891,4735,266
0,6,0,-2,100,4830,307
0,7,0,-2,99,4874,316
1,2,0,-2,100,2570,58
1,3,0,-2,1355,2684,119
1,4,0,-2,53,2819,229
1,5,0,-2,880,4601,213
1,6,0,-2,99,4734,256
1,7,0,-2,99,4796,267
2,3,0,-2,1351,2569,61
2,4,0,-2,53,2693,171
2,5,0,-2,880,4468,157
2,6,0,-2,102,4615,204
2,7,0,-2,98,4609,217
3,4,0,-2,1296,2564,110
3,5,0,-2,2132,4307,106
3,6,0,-2,1338,4425,157
3,7,0,-2,1338,4489,170
4,5,0,-2,832,1907,112
4,6,0,-2,51,2062,177
4,7,0,-2,48,2065,182
5,6,0,-2,871,1881,56
5,7,0,-2,875,2004,124
6,7,0,-2,92,2066,174
--- ---VERSION
offset,limit,count-ms,lookup-mus,results
0,-2,2007,11423,441
---PATTERN START:   http://www.salon.com/ .
--- ---VERSION MATERIALIZED
patch,offset,limit,count-ms,lookup-mus,results
4,0,-2,4,95,49
5,0,-2,2961,4184,52
6,0,-2,2787,4052,50
7,0,-2,2835,4048,53
3,0,-2,2609,3904,52
2,0,-2,2458,3699,55
1,0,-2,2476,3807,95
0,0,-2,68,3889,144
--- ---DELTA MATERIALIZED
patch_start,patch_end,offset,limit,count-ms,lookup-mus,results
0,1,0,-2,2551,5375,135
0,2,0,-2,3323,5306,89
0,3,0,-2,2528,5300,92
0,4,0,-2,65,5484,177
0,5,0,-2,2827,9320,180
0,6,0,-2,2860,9473,178
0,7,0,-2,2864,9406,181
1,2,0,-2,4922,5347,134
1,3,0,-2,4949,5251,43
1,4,0,-2,2486,5360,128
1,5,0,-2,5319,9088,131
1,6,0,-2,5231,9142,129
1,7,0,-2,5277,9337,132
2,3,0,-2,4929,5290,91
2,4,0,-2,2468,5723,88
2,5,0,-2,5238,9397,91
2,6,0,-2,5237,9613,89
2,7,0,-2,5272,9649,92
3,4,0,-2,2462,5206,85
3,5,0,-2,5220,8917,88
3,6,0,-2,5213,8992,86
3,7,0,-2,5256,9146,89
4,5,0,-2,2799,3908,85
4,6,0,-2,2807,3924,83
4,7,0,-2,2820,3848,86
5,6,0,-2,5512,3793,44
5,7,0,-2,5527,3977,131
6,7,0,-2,5645,4026,87
--- ---VERSION
offset,limit,count-ms,lookup-mus,results
0,-2,4025,13329,359
---PATTERN START:   http://purl.org/net/nknouf/ns/bibtex#hasTitle .
--- ---VERSION MATERIALIZED
patch,offset,limit,count-ms,lookup-mus,results
4,0,-2,4,84,48
5,0,-2,2528,4389,48
6,0,-2,1917,3392,48
7,0,-2,1500,2962,48
3,0,-2,2165,4154,48
2,0,-2,2043,2171,48
1,0,-2,52,2256,96
0,0,-2,52,2284,144
--- ---DELTA MATERIALIZED
patch_start,patch_end,offset,limit,count-ms,lookup-mus,results
0,1,0,-2,93,4718,72
0,2,0,-2,2086,4739,108
0,3,0,-2,2052,4662,132
0,4,0,-2,52,4841,228
0,5,0,-2,2431,7869,228
0,6,0,-2,1959,8746,264
0,7,0,-2,1519,7957,264
1,2,0,-2,2082,4616,84
1,3,0,-2,2071,4595,84
1,4,0,-2,49,4713,180
1,5,0,-2,2430,7702,180
1,6,0,-2,1967,7784,216
1,7,0,-2,1521,7797,216
2,3,0,-2,4056,4612,72
2,4,0,-2,2038,4571,120
2,5,0,-2,4416,7485,120
2,6,0,-2,3948,7588,156
2,7,0,-2,3508,7592,156
3,4,0,-2,2024,4624,96
3,5,0,-2,4407,7398,96
3,6,0,-2,3938,7498,132
3,7,0,-2,3491,7553,132
4,5,0,-2,2381,3012,96
4,6,0,-2,1910,3123,132
4,7,0,-2,1480,3127,132
5,6,0,-2,4283,3030,48
5,7,0,-2,3852,3111,108
6,7,0,-2,3375,3140,132
--- ---VERSION
offset,limit,count-ms,lookup-mus,results
0,-2,3438,13250,384
---PATTERN START:   http://iandavis.com/id/me .
--- ---VERSION MATERIALIZED
patch,offset,limit,count-ms,lookup-mus,results
4,0,-2,4,139,74
5,0,-2,1549,3541,58
6,0,-2,1352,2773,83
7,0,-2,1184,2599,94
3,0,-2,1998,4248,74
2,0,-2,1856,3577,92
1,0,-2,1878,3629,134
0,0,-2,65,3666,166
--- ---DELTA MATERIALIZED
patch_start,patch_end,offset,limit,count-ms,lookup-mus,results
0,1,0,-2,1932,4623,64
0,2,0,-2,1908,5453,82
0,3,0,-2,1899,4666,100
0,4,0,-2,63,4778,172
0,5,0,-2,1462,7083,160
0,6,0,-2,1379,7260,189
0,7,0,-2,1217,7242,200
1,2,0,-2,3718,4581,66
1,3,0,-2,3715,4646,60
1,4,0,-2,1873,4717,132
1,5,0,-2,3293,6955,120
1,6,0,-2,3186,7060,157
1,7,0,-2,3033,7141,160
2,3,0,-2,3698,4619,54
2,4,0,-2,1869,4822,90
2,5,0,-2,3257,7074,78
2,6,0,-2,3174,7213,115
2,7,0,-2,3015,7260,118
3,4,0,-2,1847,4552,72
3,5,0,-2,3254,6744,60
3,6,0,-2,3157,6864,97
3,7,0,-2,2993,6930,100
4,5,0,-2,1400,2257,60
4,6,0,-2,1327,2373,97
4,7,0,-2,1158,2394,100
5,6,0,-2,2751,2291,25
5,7,0,-2,2540,2359,88
6,7,0,-2,2457,2368,95
--- ---VERSION
offset,limit,count-ms,lookup-mus,results
0,-2,2911,11143,314
---PATTERN START:   http://www.london-gazette.co.uk/styles/Print.css .
--- ---VERSION MATERIALIZED
patch,offset,limit,count-ms,lookup-mus,results
4,0,-2,6,99,52
5,0,-2,1212,2615,55
6,0,-2,1016,2166,53
7,0,-2,998,2120,56
3,0,-2,1637,3078,46
2,0,-2,1551,2775,53
1,0,-2,1594,2776,78
0,0,-2,76,2786,102
--- ---DELTA MATERIALIZED
patch_start,patch_end,offset,limit,count-ms,lookup-mus,results
0,1,0,-2,1603,3244,24
0,2,0,-2,1586,3312,58
0,3,0,-2,1576,3198,89
0,4,0,-2,73,3298,133
0,5,0,-2,1114,5547,136
0,6,0,-2,1053,5751,134
0,7,0,-2,1017,5546,139
1,2,0,-2,3037,3103,34
1,3,0,-2,3026,3234,65
1,4,0,-2,1543,3423,109
1,5,0,-2,2595,5580,112
1,6,0,-2,2514,5433,110
1,7,0,-2,2483,5378,115
2,3,0,-2,3011,3249,31
2,4,0,-2,1514,3331,75
2,5,0,-2,2559,5449,80
2,6,0,-2,2507,5401,78
2,7,0,-2,2452,5263,83
3,4,0,-2,1508,3023,44
3,5,0,-2,2541,5087,67
3,6,0,-2,2478,5441,71
3,7,0,-2,2449,5448,76
4,5,0,-2,1039,2094,23
4,6,0,-2,1025,2268,77
4,7,0,-2,984,2181,82
5,6,0,-2,2008,2113,51
5,7,0,-2,1969,2146,72
6,7,0,-2,1904,2103,47
--- ---VERSION
offset,limit,count-ms,lookup-mus,results
0,-2,2310,7615,204
---PATTERN START:   http://www.belfast-gazette.co.uk/styles/Print.css .
--- ---VERSION MATERIALIZED
patch,offset,limit,count-ms,lookup-mus,results
4,0,-2,4,79,51
5,0,-2,675,2019,50
6,0,-2,553,1823,49
7,0,-2,566,1811,53
3,0,-2,948,2567,66
2,0,-2,814,2248,62
1,0,-2,818,2238,66
0,0,-2,827,2215,71
--- ---DELTA MATERIALIZED
patch_start,patch_end,offset,limit,count-ms,lookup-mus,results
0,1,0,-2,1626,1357,17
0,2,0,-2,1627,1371,26
0,3,0,-2,1653,1383,44
0,4,0,-2,821,1420,71
0,5,0,-2,1336,2438,82
0,6,0,-2,1340,2491,93
0,7,0,-2,2175,2597,110
1,2,0,-2,1619,1336,9
1,3,0,-2,1617,1360,27
1,4,0,-2,814,1380,54
1,5,0,-2,1326,2334,65
1,6,0,-2,1323,2434,76
1,7,0,-2,1364,2550,93
2,3,0,-2,1645,1362,18
2,4,0,-2,815,1372,45
2,5,0,-2,1344,2351,56
2,6,0,-2,1320,2355,67
2,7,0,-2,1345,2462,86
3,4,0,-2,809,1256,27
3,5,0,-2,1320,2199,40
3,6,0,-2,1315,2288,57
3,7,0,-2,1367,2431,76
4,5,0,-2,529,960,21
4,6,0,-2,527,1028,38
4,7,0,-2,557,1139,55
5,6,0,-2,1057,1063,16
5,7,0,-2,1086,1093,36
6,7,0,-2,1079,1028,20
--- ---VERSION
offset,limit,count-ms,lookup-mus,results
0,-2,1193,4980,126
---PATTERN START:   http://www.w3.org/2002/07/owl#sameAs .
--- ---VERSION MATERIALIZED
patch,offset,limit,count-ms,lookup-mus,results
4,0,-2,4,96,42
5,0,-2,1616,2711,37
6,0,-2,1255,2041,57
7,0,-2,1798,1749,41
3,0,-2,1307,2483,39
2,0,-2,1169,2009,43
1,0,-2,1183,2044,71
0,0,-2,42,2060,93
--- ---DELTA MATERIALIZED
patch_start,patch_end,offset,limit,count-ms,lookup-mus,results
0,1,0,-2,1200,2572,76
0,2,0,-2,1190,2543,58
0,3,0,-2,1186,2540,56
0,4,0,-2,38,2645,113
0,5,0,-2,1498,4715,108
0,6,0,-2,1235,4766,128
0,7,0,-2,983,4758,112
1,2,0,-2,2313,2572,76
1,3,0,-2,2314,2538,34
1,4,0,-2,1170,2569,85
1,5,0,-2,2629,4627,86
1,6,0,-2,2369,4690,106
1,7,0,-2,2116,4679,90
2,3,0,-2,2303,2541,54
2,4,0,-2,1161,2484,55
2,5,0,-2,2620,4529,58
2,6,0,-2,2360,4595,78
2,7,0,-2,2105,4575,62
3,4,0,-2,1158,2488,57
3,5,0,-2,2619,4521,54
3,6,0,-2,2355,4588,74
3,7,0,-2,2099,4572,58
4,5,0,-2,1471,2083,57
4,6,0,-2,1200,2142,77
4,7,0,-2,946,2144,61
5,6,0,-2,2649,2091,27
5,7,0,-2,2400,2200,92
6,7,0,-2,2156,2171,71
--- ---VERSION
offset,limit,count-ms,lookup-mus,results
0,-2,2080,7981,243
---PATTERN START:   http://www.biopax.org/release/biopax-level3.owl#PhysicalEntity .
--- ---VERSION MATERIALIZED
patch,offset,limit,count-ms,lookup-mus,results
4,0,-2,5,80,42
5,0,-2,1146,2616,42
6,0,-2,818,1998,56
7,0,-2,635,1785,56
3,0,-2,946,2500,42
2,0,-2,826,2052,49
1,0,-2,836,2097,77
0,0,-2,48,2129,98
--- ---DELTA MATERIALIZED
patch_start,patch_end,offset,limit,count-ms,lookup-mus,results
0,1,0,-2,877,1816,35
0,2,0,-2,868,1822,49
0,3,0,-2,864,1835,56
0,4,0,-2,44,1920,98
0,5,0,-2,1046,3234,98
0,6,0,-2,832,3265,112
0,7,0,-2,639,3267,112
1,2,0,-2,1658,1813,42
1,3,0,-2,1657,1812,35
1,4,0,-2,838,1866,77
1,5,0,-2,1843,3148,77
1,6,0,-2,1626,3191,91
1,7,0,-2,1435,3227,91
2,3,0,-2,2444,1811,35
2,4,0,-2,827,1860,49
2,5,0,-2,1833,3110,49
2,6,0,-2,1616,3151,63
2,7,0,-2,1423,3168,63
3,4,0,-2,823,1787,42
3,5,0,-2,1826,3034,42
3,6,0,-2,1610,3074,56
3,7,0,-2,1423,3077,56
4,5,0,-2,1005,1269,42
4,6,0,-2,791,1308,56
4,7,0,-2,597,1314,56
5,6,0,-2,1786,1285,21
5,7,0,-2,1595,1312,49
6,7,0,-2,1381,1317,56
--- ---VERSION
offset,limit,count-ms,lookup-mus,results
0,-2,1343,6738,189
---PATTERN START:   http://www.bbc.co.uk/programmes/genres/drama/scifiandfantasy#genre .
--- ---VERSION MATERIALIZED
patch,offset,limit,count-ms,lookup-mus,results
4,0,-2,5,88,56
5,0,-2,856,2629,54
6,0,-2,757,2206,52
7,0,-2,763,2174,53
3,0,-2,749,2303,55
2,0,-2,598,2051,47
1,0,-2,607,2082,66
0,0,-2,612,2308,83
--- ---DELTA MATERIALIZED
patch_start,patch_end,offset,limit,count-ms,lookup-mus,results
0,1,0,-2,1202,1295,37
0,2,0,-2,1228,1282,30
0,3,0,-2,1227,1270,24
0,4,0,-2,623,1323,55
0,5,0,-2,1350,2625,51
0,6,0,-2,1339,2754,57
0,7,0,-2,2121,2749,58
1,2,0,-2,1187,1254,41
1,3,0,-2,1192,1232,21
1,4,0,-2,601,1258,44
1,5,0,-2,1305,2525,40
1,6,0,-2,1312,2705,46
1,7,0,-2,1312,2754,47
2,3,0,-2,1183,1268,22
2,4,0,-2,610,1292,25
2,5,0,-2,1344,2579,23
2,6,0,-2,1325,2692,27
2,7,0,-2,1302,2662,28
3,4,0,-2,599,1216,31
3,5,0,-2,1302,2479,29
3,6,0,-2,1305,2601,35
3,7,0,-2,1305,2620,36
4,5,0,-2,707,1262,24
4,6,0,-2,746,1435,30
4,7,0,-2,733,1454,31
5,6,0,-2,1466,1297,12
5,7,0,-2,1464,1335,43
6,7,0,-2,1469,1321,31
--- ---VERSION
offset,limit,count-ms,lookup-mus,results
0,-2,1238,6357,151
---PATTERN START:   http://creativecommons.org/ns#License .
--- ---VERSION MATERIALIZED
patch,offset,limit,count-ms,lookup-mus,results
4,0,-2,5,142,67
5,0,-2,479,2115,62
6,0,-2,1110,1705,67
7,0,-2,269,1591,68
3,0,-2,409,2008,67
2,0,-2,277,1659,69
1,0,-2,279,1698,75
0,0,-2,281,1704,79
--- ---DELTA MATERIALIZED
patch_start,patch_end,offset,limit,count-ms,lookup-mus,results
0,1,0,-2,543,500,10
0,2,0,-2,562,488,14
0,3,0,-2,538,491,14
0,4,0,-2,274,524,26
0,5,0,-2,601,942,29
0,6,0,-2,544,941,28
0,7,0,-2,504,952,31
1,2,0,-2,538,487,12
1,3,0,-2,537,494,10
1,4,0,-2,276,515,20
1,5,0,-2,603,956,25
1,6,0,-2,543,949,24
1,7,0,-2,507,953,25
2,3,0,-2,537,495,10
2,4,0,-2,275,505,12
2,5,0,-2,602,941,17
2,6,0,-2,542,939,18
2,7,0,-2,505,928,19
3,4,0,-2,273,476,12
3,5,0,-2,596,917,15
3,6,0,-2,549,895,16
3,7,0,-2,500,905,19
4,5,0,-2,326,431,15
4,6,0,-2,268,432,16
4,7,0,-2,233,437,17
5,6,0,-2,591,426,9
5,7,0,-2,550,445,19
6,7,0,-2,491,439,16
--- ---VERSION
offset,limit,count-ms,lookup-mus,results
0,-2,408,3718,104
---PATTERN START:   http://www.gazettes-online.co.uk/ontology/planning#TownAndCountryPlanningNotice .
--- ---VERSION MATERIALIZED
patch,offset,limit,count-ms,lookup-mus,results
4,0,-2,4,118,75
5,0,-2,755,2427,73
6,0,-2,409,1712,66
7,0,-2,427,1684,74
3,0,-2,833,2877,65
2,0,-2,711,2359,75
1,0,-2,720,2303,81
0,0,-2,37,2301,82
--- ---DELTA MATERIALIZED
patch_start,patch_end,offset,limit,count-ms,lookup-mus,results
0,1,0,-2,745,1235,28
0,2,0,-2,740,1233,65
0,3,0,-2,729,1263,92
0,4,0,-2,31,1308,126
0,5,0,-2,643,2137,136
0,6,0,-2,434,2146,129
0,7,0,-2,427,2101,132
1,2,0,-2,1421,1212,45
1,3,0,-2,1415,1248,68
1,4,0,-2,720,1320,100
1,5,0,-2,1341,2883,110
1,6,0,-2,1120,2106,125
1,7,0,-2,1107,2080,128
2,3,0,-2,1401,1188,31
2,4,0,-2,711,1188,61
2,5,0,-2,1320,1927,73
2,6,0,-2,1112,1983,86
2,7,0,-2,1105,1999,105
3,4,0,-2,703,1071,30
3,5,0,-2,1309,1773,42
3,6,0,-2,1101,1842,61
3,7,0,-2,1092,1882,82
4,5,0,-2,608,670,12
4,6,0,-2,403,778,47
4,7,0,-2,398,819,72
5,6,0,-2,1015,755,29
5,7,0,-2,1007,803,62
6,7,0,-2,803,754,33
--- ---VERSION
offset,limit,count-ms,lookup-mus,results
0,-2,1028,5703,185
---PATTERN START:   http://www.esd.org.uk/standards/ipsv/2.00/ipsv-schema#PlanningTownAndCountry .
--- ---VERSION MATERIALIZED
patch,offset,limit,count-ms,lookup-mus,results
4,0,-2,4,104,68
5,0,-2,3472,6046,67
6,0,-2,3315,5405,60
7,0,-2,3329,5413,63
3,0,-2,2875,5432,57
2,0,-2,2723,4686,63
1,0,-2,54,4782,127
0,0,-2,54,5685,191
--- ---DELTA MATERIALIZED
patch_start,patch_end,offset,limit,count-ms,lookup-mus,results
0,1,0,-2,94,6361,204
0,2,0,-2,2766,6232,128
0,3,0,-2,2763,6223,134
0,4,0,-2,50,6472,259
0,5,0,-2,3354,10680,258
0,6,0,-2,3385,10723,251
0,7,0,-2,3364,10789,254
1,2,0,-2,2768,6306,190
1,3,0,-2,2764,6165,70
1,4,0,-2,51,6276,195
1,5,0,-2,3352,10513,194
1,6,0,-2,3356,10550,187
1,7,0,-2,3383,10553,190
2,3,0,-2,5440,6214,120
2,4,0,-2,2725,6665,131
2,5,0,-2,6024,10824,130
2,6,0,-2,6030,10868,123
2,7,0,-2,6043,10898,126
3,4,0,-2,2733,6101,125
3,5,0,-2,6040,10252,124
3,6,0,-2,6033,10270,117
3,7,0,-2,6029,10300,120
4,5,0,-2,3301,4274,135
4,6,0,-2,3310,4305,128
4,7,0,-2,3347,4354,131
5,6,0,-2,6609,4241,67
5,7,0,-2,6605,4422,190
6,7,0,-2,6625,4370,123
--- ---VERSION
offset,limit,count-ms,lookup-mus,results
0,-2,4784,17971,519
---PATTERN START:   http://www.loa-cnr.it/ontologies/DUL.owl#SocialObject .
--- ---VERSION MATERIALIZED
patch,offset,limit,count-ms,lookup-mus,results
4,0,-2,5,95,49
5,0,-2,928,1914,49
6,0,-2,777,1631,53
7,0,-2,534,1398,53
3,0,-2,806,1870,49
2,0,-2,689,1637,53
1,0,-2,696,1662,70
0,0,-2,47,1701,87
--- ---DELTA MATERIALIZED
patch_start,patch_end,offset,limit,count-ms,lookup-mus,results
0,1,0,-2,728,1492,43
0,2,0,-2,723,1464,34
0,3,0,-2,721,1472,38
0,4,0,-2,41,1565,72
0,5,0,-2,818,2539,72
0,6,0,-2,781,2568,76
0,7,0,-2,531,2585,76
1,2,0,-2,1367,1492,43
1,3,0,-2,1368,1444,21
1,4,0,-2,691,1502,55
1,5,0,-2,1467,2475,55
1,6,0,-2,1426,2497,59
1,7,0,-2,1175,2520,59
2,3,0,-2,2156,1467,30
2,4,0,-2,684,1548,38
2,5,0,-2,1462,2506,38
2,6,0,-2,1420,2528,42
2,7,0,-2,1169,2525,42
3,4,0,-2,682,1438,34
3,5,0,-2,1456,2389,34
3,6,0,-2,1417,2416,38
3,7,0,-2,1167,2429,38
4,5,0,-2,777,1005,34
4,6,0,-2,737,1031,38
4,7,0,-2,490,1040,38
5,6,0,-2,1512,1000,17
5,7,0,-2,1263,1056,47
6,7,0,-2,1222,1038,38
--- ---VERSION
offset,limit,count-ms,lookup-mus,results
0,-2,1118,5162,168
---PATTERN START:   http://aigp.csres.utexas.edu/~aigp/school/show/210 .
--- ---VERSION MATERIALIZED
patch,offset,limit,count-ms,lookup-mus,results
4,0,-2,5,118,60
5,0,-2,3361,5750,60
6,0,-2,723,5006,60
7,0,-2,82,3570,60
3,0,-2,2619,5033,60
2,0,-2,2468,2659,60
1,0,-2,62,2720,120
0,0,-2,60,2832,180
--- ---DELTA MATERIALIZED
patch_start,patch_end,offset,limit,count-ms,lookup-mus,results
0,1,0,-2,112,5900,100
0,2,0,-2,2505,5917,140
0,3,0,-2,2489,5945,160
0,4,0,-2,57,6200,280
0,5,0,-2,3247,10261,280
0,6,0,-2,745,10373,320
0,7,0,-2,94,10382,320
1,2,0,-2,2502,5892,120
1,3,0,-2,2498,5897,100
1,4,0,-2,58,6057,220
1,5,0,-2,3255,10036,220
1,6,0,-2,740,10163,260
1,7,0,-2,95,10176,260
2,3,0,-2,4877,5859,100
2,4,0,-2,2448,5839,140
2,5,0,-2,5643,9769,140
2,6,0,-2,3149,9901,180
2,7,0,-2,2486,9913,180
3,4,0,-2,2435,5782,120
3,5,0,-2,5644,9733,120
3,6,0,-2,3125,9822,160
3,7,0,-2,2477,9838,160
4,5,0,-2,3191,4011,120
4,6,0,-2,700,4137,160
4,7,0,-2,39,4160,160
5,6,0,-2,3884,4018,60
5,7,0,-2,3246,4160,140
6,7,0,-2,717,4166,160
--- ---VERSION
offset,limit,count-ms,lookup-mus,results
0,-2,4283,17546,480
---PATTERN START:   http://xmlns.com/wordnet/1.6/Airport .
--- ---VERSION MATERIALIZED
patch,offset,limit,count-ms,lookup-mus,results
4,0,-2,5,110,52
5,0,-2,1026,2787,52
6,0,-2,751,1963,60
7,0,-2,609,1802,58
3,0,-2,680,2534,51
2,0,-2,558,1752,52
1,0,-2,564,1779,68
0,0,-2,568,1795,80
--- ---DELTA MATERIALIZED
patch_start,patch_end,offset,limit,count-ms,lookup-mus,results
0,1,0,-2,1122,1321,24
0,2,0,-2,1120,1304,29
0,3,0,-2,1126,2114,31
0,4,0,-2,565,1360,60
0,5,0,-2,1448,2448,60
0,6,0,-2,1279,2473,66
0,7,0,-2,1135,2498,68
1,2,0,-2,1117,1284,29
1,3,0,-2,1113,1274,19
1,4,0,-2,563,1316,48
1,5,0,-2,1428,2399,48
1,6,0,-2,1275,2427,54
1,7,0,-2,1130,2454,56
2,3,0,-2,1107,1294,24
2,4,0,-2,560,1281,31
2,5,0,-2,1427,2357,31
2,6,0,-2,1266,2377,37
2,7,0,-2,1123,2376,39
3,4,0,-2,555,1260,29
3,5,0,-2,1418,2325,29
3,6,0,-2,1264,2351,35
3,7,0,-2,1116,2363,37
4,5,0,-2,863,1108,28
4,6,0,-2,742,1156,36
4,7,0,-2,593,1148,38
5,6,0,-2,1578,1103,14
5,7,0,-2,1428,1132,38
6,7,0,-2,1279,1131,38
--- ---VERSION
offset,limit,count-ms,lookup-mus,results
0,-2,1030,5532,145
---PATTERN START:   http://lod.geospecies.org/orders/W9XgY .
--- ---VERSION MATERIALIZED
patch,offset,limit,count-ms,lookup-mus,results
4,0,-2,4,119,85
5,0,-2,320,1934,85
6,0,-2,176,1580,86
7,0,-2,142,1511,86
3,0,-2,286,1745,85
2,0,-2,154,1504,86
1,0,-2,154,1507,89
0,0,-2,156,1514,92
--- ---DELTA MATERIALIZED
patch_start,patch_end,offset,limit,count-ms,lookup-mus,results
0,1,0,-2,298,247,7
0,2,0,-2,295,244,6
0,3,0,-2,295,245,7
0,4,0,-2,153,255,13
0,5,0,-2,321,428,13
0,6,0,-2,286,432,14
0,7,0,-2,267,434,14
1,2,0,-2,295,243,7
1,3,0,-2,296,242,4
1,4,0,-2,154,250,10
1,5,0,-2,325,420,10
1,6,0,-2,291,424,11
1,7,0,-2,269,426,11
2,3,0,-2,296,243,5
2,4,0,-2,152,242,7
2,5,0,-2,323,412,7
2,6,0,-2,287,416,8
2,7,0,-2,269,417,8
3,4,0,-2,150,241,6
3,5,0,-2,322,408,6
3,6,0,-2,287,412,7
3,7,0,-2,270,414,7
4,5,0,-2,170,176,6
4,6,0,-2,136,178,7
4,7,0,-2,117,178,7
5,6,0,-2,305,175,3
5,7,0,-2,283,181,8
6,7,0,-2,251,179,7
--- ---VERSION
offset,limit,count-ms,lookup-mus,results
0,-2,193,3068,106
---PATTERN START:   http://d.opencalais.com/er/company/ralg-tr1r/9e3f6c34-aa6b-3a3b-b221-a07aa7933633 .
--- ---VERSION MATERIALIZED
patch,offset,limit,count-ms,lookup-mus,results
4,0,-2,5,182,84
5,0,-2,1314,3492,84
6,0,-2,42,2647,163
7,0,-2,44,2641,168
3,0,-2,2005,4393,82
2,0,-2,47,3363,160
1,0,-2,47,3557,241
0,0,-2,48,3727,321
--- ---DELTA MATERIALIZED
patch_start,patch_end,offset,limit,count-ms,lookup-mus,results
0,1,0,-2,81,3845,89
0,2,0,-2,82,3932,156
0,3,0,-2,1907,4176,241
0,4,0,-2,46,4509,406
0,5,0,-2,1209,7259,386
0,6,0,-2,80,7513,443
0,7,0,-2,78,7498,446
1,2,0,-2,82,3779,89
1,3,0,-2,1874,4000,172
1,4,0,-2,45,4305,327
1,5,0,-2,1207,7062,309
1,6,0,-2,79,7294,374
1,7,0,-2,79,7329,383
2,3,0,-2,1875,3794,87
2,4,0,-2,45,4093,241
2,5,0,-2,1206,6802,235
2,6,0,-2,78,7078,304
2,7,0,-2,78,7105,309
3,4,0,-2,1828,3796,154
3,5,0,-2,2993,6497,160
3,6,0,-2,1874,6843,233
3,7,0,-2,1862,6782,238
4,5,0,-2,1169,3017,158
4,6,0,-2,39,3330,245
4,7,0,-2,39,3277,250
5,6,0,-2,1199,2916,81
5,7,0,-2,1203,3140,171
6,7,0,-2,72,3281,242
--- ---VERSION
offset,limit,count-ms,lookup-mus,results
0,-2,2977,16593,626
---PATTERN START:   http://purl.org/ontology/bibo/Proceedings .
--- ---VERSION MATERIALIZED
patch,offset,limit,count-ms,lookup-mus,results
4,0,-2,4,146,87
5,0,-2,980,3256,87
6,0,-2,891,2345,94
7,0,-2,839,2229,88
3,0,-2,274,2298,87
2,0,-2,153,2132,87
1,0,-2,155,2144,90
0,0,-2,159,2092,70
--- ---DELTA MATERIALIZED
patch_start,patch_end,offset,limit,count-ms,lookup-mus,results
0,1,0,-2,299,460,26
0,2,0,-2,296,459,27
0,3,0,-2,295,458,27
0,4,0,-2,152,471,31
0,5,0,-2,1013,2018,139
0,6,0,-2,999,2102,146
0,7,0,-2,986,2089,140
1,2,0,-2,297,425,5
1,3,0,-2,296,422,3
1,4,0,-2,151,400,7
1,5,0,-2,1014,1980,115
1,6,0,-2,1000,2009,126
1,7,0,-2,976,1976,116
2,3,0,-2,296,423,4
2,4,0,-2,150,430,4
2,5,0,-2,1015,2066,112
2,6,0,-2,1004,2106,123
2,7,0,-2,980,2018,113
3,4,0,-2,151,394,4
3,5,0,-2,1006,1961,112
3,6,0,-2,992,1997,123
3,7,0,-2,975,2032,113
4,5,0,-2,866,1570,112
4,6,0,-2,866,1604,123
4,7,0,-2,836,1509,113
5,6,0,-2,1677,1339,2
5,7,0,-2,1658,1357,15
6,7,0,-2,1631,1409,15
--- ---VERSION
offset,limit,count-ms,lookup-mus,results
0,-2,882,5688,163
---PATTERN START:   http://www.w3.org/ .
--- ---VERSION MATERIALIZED
patch,offset,limit,count-ms,lookup-mus,results
4,0,-2,5,159,62
5,0,-2,1715,4857,64
6,0,-2,1305,2862,54
7,0,-2,1089,2659,60
3,0,-2,1535,4031,62
2,0,-2,1419,3114,65
1,0,-2,1426,3211,98
0,0,-2,35,3251,126
--- ---DELTA MATERIALIZED
patch_start,patch_end,offset,limit,count-ms,lookup-mus,results
0,1,0,-2,1463,3735,98
0,2,0,-2,1451,3665,67
0,3,0,-2,1449,3657,70
0,4,0,-2,32,3772,134
0,5,0,-2,1592,6114,136
0,6,0,-2,1307,6156,126
0,7,0,-2,1089,6150,132
1,2,0,-2,2846,3664,89
1,3,0,-2,2843,3602,38
1,4,0,-2,1436,3714,104
1,5,0,-2,3021,6143,106
1,6,0,-2,2703,6021,98
1,7,0,-2,2492,6037,102
2,3,0,-2,2836,3647,61
2,4,0,-2,1422,3692,71
2,5,0,-2,2978,6015,73
2,6,0,-2,2707,5981,65
2,7,0,-2,2480,6003,69
3,4,0,-2,1423,3578,68
3,5,0,-2,2983,5889,70
3,6,0,-2,2689,5902,60
3,7,0,-2,2480,5942,66
4,5,0,-2,1574,2365,68
4,6,0,-2,1270,2342,60
4,7,0,-2,1055,2379,64
5,6,0,-2,2816,2331,35
5,7,0,-2,2607,2402,84
6,7,0,-2,2330,2394,55
--- ---VERSION
offset,limit,count-ms,lookup-mus,results
0,-2,2423,10417,281
---PATTERN START:   http://www.salon.com/favicon.ico .
--- ---VERSION MATERIALIZED
patch,offset,limit,count-ms,lookup-mus,results
4,0,-2,5,85,48
5,0,-2,2623,3707,51
6,0,-2,2456,3554,49
7,0,-2,2459,3548,52
3,0,-2,2732,3871,51
2,0,-2,2559,3682,54
1,0,-2,2571,3761,94
0,0,-2,57,3836,143
--- ---DELTA MATERIALIZED
patch_start,patch_end,offset,limit,count-ms,lookup-mus,results
0,1,0,-2,2634,5799,135
0,2,0,-2,2674,5682,89
0,3,0,-2,2607,5575,92
0,4,0,-2,54,5883,177
0,5,0,-2,2518,9281,180
0,6,0,-2,2510,9063,178
0,7,0,-2,2487,9251,181
1,2,0,-2,5250,5815,134
1,3,0,-2,5273,5520,43
1,4,0,-2,2591,5641,128
1,5,0,-2,5010,9048,131
1,6,0,-2,5103,9114,129
1,7,0,-2,5006,8899,132
2,3,0,-2,5089,5640,91
2,4,0,-2,2624,6253,88
2,5,0,-2,5105,9490,91
2,6,0,-2,5091,9259,89
2,7,0,-2,4964,9257,92
3,4,0,-2,2538,5560,85
3,5,0,-2,5148,8909,88
3,6,0,-2,5081,8918,86
3,7,0,-2,4992,8722,89
4,5,0,-2,2427,3245,85
4,6,0,-2,2425,3269,83
4,7,0,-2,2440,3415,86
5,6,0,-2,4917,3356,44
5,7,0,-2,4928,3490,131
6,7,0,-2,4871,3364,87
--- ---VERSION
offset,limit,count-ms,lookup-mus,results
0,-2,4004,13300,358
---PATTERN START:   http://swrc.ontoware.org/ontology#Event .
--- ---VERSION MATERIALIZED
patch,offset,limit,count-ms,lookup-mus,results
4,0,-2,5,77,45
5,0,-2,2018,3497,45
6,0,-2,1482,2566,48
7,0,-2,1159,2264,58
3,0,-2,1693,3239,45
2,0,-2,1563,2390,47
1,0,-2,1579,1789,77
0,0,-2,70,1826,104
--- ---DELTA MATERIALIZED
patch_start,patch_end,offset,limit,count-ms,lookup-mus,results
0,1,0,-2,1642,3582,45
0,2,0,-2,1622,3634,68
0,3,0,-2,1636,3678,82
0,4,0,-2,66,3810,146
0,5,0,-2,1930,6294,146
0,6,0,-2,1502,6256,159
0,7,0,-2,1186,6470,164
1,2,0,-2,3136,3645,59
1,3,0,-2,3116,3569,55
1,4,0,-2,1574,3660,119
1,5,0,-2,3446,6299,119
1,6,0,-2,3025,6256,132
1,7,0,-2,2706,6278,137
2,3,0,-2,3112,3555,50
2,4,0,-2,1566,3575,78
2,5,0,-2,3433,6177,78
2,6,0,-2,3001,6119,91
2,7,0,-2,2699,6153,96
3,4,0,-2,1558,3529,64
3,5,0,-2,3412,6000,64
3,6,0,-2,2988,6021,77
3,7,0,-2,2694,6185,82
4,5,0,-2,1860,2561,64
4,6,0,-2,1447,2485,77
4,7,0,-2,1128,2612,82
5,6,0,-2,3291,2517,32
5,7,0,-2,2972,2555,63
6,7,0,-2,2547,2579,77
--- ---VERSION
offset,limit,count-ms,lookup-mus,results
0,-2,2563,9158,254
---PATTERN START:   http://aigp.csres.utexas.edu/~aigp/school/show/258 .
--- ---VERSION MATERIALIZED
patch,offset,limit,count-ms,lookup-mus,results
4,0,-2,5,150,90
5,0,-2,4934,8519,90
6,0,-2,1027,6280,90
7,0,-2,81,5346,90
3,0,-2,3913,7592,90
2,0,-2,54,3959,90
1,0,-2,55,4052,180
0,0,-2,54,4219,270
--- ---DELTA MATERIALIZED
patch_start,patch_end,offset,limit,count-ms,lookup-mus,results
0,1,0,-2,98,9245,150
0,2,0,-2,98,8421,210
0,3,0,-2,3767,8466,240
0,4,0,-2,52,8757,420
0,5,0,-2,4792,14742,420
0,6,0,-2,1036,14857,480
0,7,0,-2,89,14883,480
1,2,0,-2,98,8401,180
1,3,0,-2,3793,8382,150
1,4,0,-2,51,8573,330
1,5,0,-2,4784,14452,330
1,6,0,-2,1039,14664,390
1,7,0,-2,92,14680,390
2,3,0,-2,3779,8375,150
2,4,0,-2,51,8331,210
2,5,0,-2,4783,14144,210
2,6,0,-2,1045,14315,270
2,7,0,-2,91,14357,270
3,4,0,-2,3736,8210,180
3,5,0,-2,8462,14003,180
3,6,0,-2,4710,14219,240
3,7,0,-2,3774,14225,240
4,5,0,-2,4734,5990,180
4,6,0,-2,989,6153,240
4,7,0,-2,40,6165,240
5,6,0,-2,5705,6009,90
5,7,0,-2,4771,6198,210
6,7,0,-2,1029,6214,240
--- ---VERSION
offset,limit,count-ms,lookup-mus,results
0,-2,6528,25920,720
---PATTERN START:   http://www.w3.org/2002/07/owl#differentFrom .
--- ---VERSION MATERIALIZED
patch,offset,limit,count-ms,lookup-mus,results
4,0,-2,5,168,85
5,0,-2,215,2503,85
6,0,-2,102,1860,85
7,0,-2,102,1854,85
3,0,-2,186,2596,85
2,0,-2,79,2020,85
1,0,-2,79,2018,86
0,0,-2,80,2017,87
--- ---DELTA MATERIALIZED
patch_start,patch_end,offset,limit,count-ms,lookup-mus,results
0,1,0,-2,145,101,3
0,2,0,-2,145,97,2
0,3,0,-2,144,97,2
0,4,0,-2,75,99,4
0,5,0,-2,173,191,4
0,6,0,-2,169,193,4
0,7,0,-2,174,193,4
1,2,0,-2,145,98,3
1,3,0,-2,145,94,1
1,4,0,-2,77,98,3
1,5,0,-2,171,186,3
1,6,0,-2,171,189,3
1,7,0,-2,170,190,3
2,3,0,-2,143,96,2
2,4,0,-2,76,103,2
2,5,0,-2,170,190,2
2,6,0,-2,170,191,2
2,7,0,-2,170,192,2
3,4,0,-2,74,92,2
3,5,0,-2,170,183,2
3,6,0,-2,170,184,2
3,7,0,-2,169,186,2
4,5,0,-2,100,94,2
4,6,0,-2,97,95,2
4,7,0,-2,100,95,2
5,6,0,-2,192,97,1
5,7,0,-2,191,97,3
6,7,0,-2,191,96,2
--- ---VERSION
offset,limit,count-ms,lookup-mus,results
0,-2,100,3008,92
---PATTERN START:   http://lod.geospecies.org/bioclasses/jSLVo .
--- ---VERSION MATERIALIZED
patch,offset,limit,count-ms,lookup-mus,results
4,0,-2,4,101,61
5,0,-2,380,1816,61
6,0,-2,218,1334,62
7,0,-2,188,1315,62
3,0,-2,275,1586,61
2,0,-2,158,1239,61
1,0,-2,160,1247,65
0,0,-2,163,1251,68
--- ---DELTA MATERIALIZED
patch_start,patch_end,offset,limit,count-ms,lookup-mus,results
0,1,0,-2,308,261,7
0,2,0,-2,305,248,7
0,3,0,-2,304,247,7
0,4,0,-2,157,257,13
0,5,0,-2,382,493,13
0,6,0,-2,354,497,14
0,7,0,-2,319,498,14
1,2,0,-2,304,249,8
1,3,0,-2,303,244,4
1,4,0,-2,154,249,10
1,5,0,-2,378,484,10
1,6,0,-2,340,488,11
1,7,0,-2,316,489,11
2,3,0,-2,306,246,6
2,4,0,-2,156,265,6
2,5,0,-2,377,496,6
2,6,0,-2,335,500,7
2,7,0,-2,315,502,7
3,4,0,-2,156,240,6
3,5,0,-2,379,472,6
3,6,0,-2,336,475,7
3,7,0,-2,317,477,7
4,5,0,-2,226,238,6
4,6,0,-2,184,243,7
4,7,0,-2,163,244,7
5,6,0,-2,403,241,3
5,7,0,-2,383,247,8
6,7,0,-2,341,246,7
--- ---VERSION
offset,limit,count-ms,lookup-mus,results
0,-2,236,2593,82
---PATTERN START:   http://d.opencalais.com/er/company/ralg-tr1r/6fdbde51-fd7d-3efe-a181-56ad1e1f597b .
--- ---VERSION MATERIALIZED
patch,offset,limit,count-ms,lookup-mus,results
4,0,-2,4,130,65
5,0,-2,1261,2930,66
6,0,-2,38,2181,129
7,0,-2,37,2140,123
3,0,-2,1314,3223,66
2,0,-2,43,2344,124
1,0,-2,42,2462,183
0,0,-2,41,2574,247
--- ---DELTA MATERIALIZED
patch_start,patch_end,offset,limit,count-ms,lookup-mus,results
0,1,0,-2,73,2581,64
0,2,0,-2,75,2669,119
0,3,0,-2,2002,2756,178
0,4,0,-2,41,3057,309
0,5,0,-2,1130,5103,298
0,6,0,-2,71,5310,351
0,7,0,-2,70,5280,346
1,2,0,-2,76,2564,67
1,3,0,-2,1204,2671,124
1,4,0,-2,42,2926,250
1,5,0,-2,1130,4978,243
1,6,0,-2,69,5170,296
1,7,0,-2,68,5146,293
2,3,0,-2,1199,2551,61
2,4,0,-2,42,2825,186
2,5,0,-2,1131,4809,183
2,6,0,-2,68,5027,236
2,7,0,-2,70,4990,235
3,4,0,-2,1169,2558,125
3,5,0,-2,2260,4658,132
3,6,0,-2,1200,4822,185
3,7,0,-2,1201,4814,180
4,5,0,-2,1093,2263,123
4,6,0,-2,34,2463,188
4,7,0,-2,34,2419,187
5,6,0,-2,1118,2226,64
5,7,0,-2,1122,2356,126
6,7,0,-2,63,2450,184
--- ---VERSION
offset,limit,count-ms,lookup-mus,results
0,-2,2191,12171,483
---PATTERN START:   http://purl.org/dc/elements/1.1/title .
--- ---VERSION MATERIALIZED
patch,offset,limit,count-ms,lookup-mus,results
4,0,-2,5,134,57
5,0,-2,319,2611,56
6,0,-2,209,1896,56
7,0,-2,205,2017,59
3,0,-2,297,2622,58
2,0,-2,184,2076,59
1,0,-2,186,2066,61
0,0,-2,186,1948,62
--- ---DELTA MATERIALIZED
patch_start,patch_end,offset,limit,count-ms,lookup-mus,results
0,1,0,-2,357,345,5
0,2,0,-2,356,349,9
0,3,0,-2,370,351,10
0,4,0,-2,181,364,15
0,5,0,-2,376,633,14
0,6,0,-2,349,636,16
0,7,0,-2,340,654,21
1,2,0,-2,354,350,8
1,3,0,-2,353,347,7
1,4,0,-2,184,357,14
1,5,0,-2,376,642,13
1,6,0,-2,354,645,13
1,7,0,-2,342,661,18
2,3,0,-2,353,351,5
2,4,0,-2,179,355,8
2,5,0,-2,381,644,11
2,6,0,-2,351,643,11
2,7,0,-2,339,650,12
3,4,0,-2,178,341,7
3,5,0,-2,378,627,10
3,6,0,-2,352,626,10
3,7,0,-2,340,624,11
4,5,0,-2,199,278,9
4,6,0,-2,169,283,11
4,7,0,-2,159,285,12
5,6,0,-2,363,282,7
5,7,0,-2,352,292,13
6,7,0,-2,323,290,10
--- ---VERSION
offset,limit,count-ms,lookup-mus,results
0,-2,275,3872,81
---PATTERN START:   http://www.loa-cnr.it/ontologies/DUL.owl#Collection .
--- ---VERSION MATERIALIZED
patch,offset,limit,count-ms,lookup-mus,results
4,0,-2,5,132,70
5,0,-2,394,2342,70
6,0,-2,275,2326,72
7,0,-2,242,2287,72
3,0,-2,294,2506,70
2,0,-2,181,2310,72
1,0,-2,182,2312,76
0,0,-2,186,2360,80
--- ---DELTA MATERIALIZED
patch_start,patch_end,offset,limit,count-ms,lookup-mus,results
0,1,0,-2,352,338,8
0,2,0,-2,350,342,8
0,3,0,-2,352,326,10
0,4,0,-2,181,337,18
0,5,0,-2,442,622,18
0,6,0,-2,412,628,20
0,7,0,-2,382,647,20
1,2,0,-2,359,324,8
1,3,0,-2,354,324,6
1,4,0,-2,178,331,14
1,5,0,-2,437,610,14
1,6,0,-2,411,617,16
1,7,0,-2,382,614,16
2,3,0,-2,350,320,6
2,4,0,-2,176,333,10
2,5,0,-2,436,610,10
2,6,0,-2,412,616,12
2,7,0,-2,381,617,12
3,4,0,-2,176,315,8
3,5,0,-2,441,593,8
3,6,0,-2,412,610,10
3,7,0,-2,380,601,10
4,5,0,-2,265,278,8
4,6,0,-2,235,287,10
4,7,0,-2,206,287,10
5,6,0,-2,501,282,4
5,7,0,-2,463,289,10
6,7,0,-2,440,289,10
--- ---VERSION
offset,limit,count-ms,lookup-mus,results
0,-2,297,4345,98
---PATTERN START:   http://www.salon.com/feed/ .
--- ---VERSION MATERIALIZED
patch,offset,limit,count-ms,lookup-mus,results
4,0,-2,5,86,48
5,0,-2,2714,3796,51
6,0,-2,2520,3596,49
7,0,-2,2527,3605,52
3,0,-2,2544,3603,51
2,0,-2,2293,3389,54
1,0,-2,2308,3462,94
0,0,-2,66,3542,143
--- ---DELTA MATERIALIZED
patch_start,patch_end,offset,limit,count-ms,lookup-mus,results
0,1,0,-2,2370,5384,135
0,2,0,-2,2474,5185,89
0,3,0,-2,2355,5087,92
0,4,0,-2,62,5486,177
0,5,0,-2,2636,8930,180
0,6,0,-2,2588,8698,178
0,7,0,-2,2574,8994,181
1,2,0,-2,4808,5363,134
1,3,0,-2,4617,5024,43
1,4,0,-2,2324,5136,128
1,5,0,-2,4988,8788,131
1,6,0,-2,4987,8721,129
1,7,0,-2,4817,8553,132
2,3,0,-2,4580,5271,91
2,4,0,-2,2411,5890,88
2,5,0,-2,4977,9236,91
2,6,0,-2,4817,8927,89
2,7,0,-2,4813,9043,92
3,4,0,-2,2385,5236,85
3,5,0,-2,4974,8616,88
3,6,0,-2,4965,8502,86
3,7,0,-2,4808,8355,89
4,5,0,-2,2524,3323,85
4,6,0,-2,2514,3446,83
4,7,0,-2,2570,3539,86
5,6,0,-2,5140,3485,44
5,7,0,-2,5156,3516,131
6,7,0,-2,5035,3409,87
--- ---VERSION
offset,limit,count-ms,lookup-mus,results
0,-2,3645,12698,358
---PATTERN START:   http://aigp.csres.utexas.edu/~aigp/school/show/703 .
--- ---VERSION MATERIALIZED
patch,offset,limit,count-ms,lookup-mus,results
4,0,-2,5,148,78
5,0,-2,4179,7295,78
6,0,-2,752,5438,78
7,0,-2,70,4721,78
3,0,-2,3370,7435,78
2,0,-2,50,3398,78
1,0,-2,50,3501,156
0,0,-2,49,3639,234
--- ---DELTA MATERIALIZED
patch_start,patch_end,offset,limit,count-ms,lookup-mus,results
0,1,0,-2,87,7354,130
0,2,0,-2,88,7412,182
0,3,0,-2,3223,7427,208
0,4,0,-2,48,7769,364
0,5,0,-2,4049,12951,364
0,6,0,-2,759,13105,416
0,7,0,-2,83,13130,416
1,2,0,-2,88,7350,156
1,3,0,-2,3241,7312,130
1,4,0,-2,48,7568,286
1,5,0,-2,4016,12685,286
1,6,0,-2,762,12851,338
1,7,0,-2,83,12834,338
2,3,0,-2,3220,7301,130
2,4,0,-2,47,7506,182
2,5,0,-2,4012,12512,182
2,6,0,-2,758,12680,234
2,7,0,-2,82,12710,234
3,4,0,-2,3183,7219,156
3,5,0,-2,7148,12212,156
3,6,0,-2,3896,12366,208
3,7,0,-2,3221,12413,208
4,5,0,-2,3968,5120,156
4,6,0,-2,713,5265,208
4,7,0,-2,40,5284,208
5,6,0,-2,4684,5100,78
5,7,0,-2,4006,5260,182
6,7,0,-2,750,5302,208
--- ---VERSION
offset,limit,count-ms,lookup-mus,results
0,-2,5581,22527,624
---PATTERN START:   http://www.w3.org/People/Berners-Lee/card#i .
--- ---VERSION MATERIALIZED
patch,offset,limit,count-ms,lookup-mus,results
4,0,-2,5,149,69
5,0,-2,552,3076,70
6,0,-2,404,2358,68
7,0,-2,347,2323,71
3,0,-2,495,3059,71
2,0,-2,369,2199,73
1,0,-2,375,2265,79
0,0,-2,373,2314,83
--- ---DELTA MATERIALIZED
patch_start,patch_end,offset,limit,count-ms,lookup-mus,results
0,1,0,-2,732,743,8
0,2,0,-2,729,746,10
0,3,0,-2,733,747,12
0,4,0,-2,371,768,22
0,5,0,-2,778,1347,21
0,6,0,-2,730,1376,27
0,7,0,-2,1473,1390,30
1,2,0,-2,724,753,10
1,3,0,-2,735,753,8
1,4,0,-2,367,764,18
1,5,0,-2,779,1333,17
1,6,0,-2,722,1356,23
1,7,0,-2,668,1367,26
2,3,0,-2,716,745,10
2,4,0,-2,363,755,12
2,5,0,-2,772,1326,11
2,6,0,-2,720,1367,17
2,7,0,-2,665,1364,20
3,4,0,-2,360,736,10
3,5,0,-2,773,1312,11
3,6,0,-2,728,1335,17
3,7,0,-2,668,1353,20
4,5,0,-2,412,576,9
4,6,0,-2,366,596,15
4,7,0,-2,307,600,18
5,6,0,-2,767,594,8
5,7,0,-2,710,602,17
6,7,0,-2,661,597,13
--- ---VERSION
offset,limit,count-ms,lookup-mus,results
0,-2,591,4573,104
---PATTERN START:   http://lod.geospecies.org/orders/oSLOJ .
--- ---VERSION MATERIALIZED
patch,offset,limit,count-ms,lookup-mus,results
4,0,-2,5,108,51
5,0,-2,405,1580,51
6,0,-2,249,1233,52
7,0,-2,208,1152,52
3,0,-2,335,1367,51
2,0,-2,204,1137,52
1,0,-2,206,1153,55
0,0,-2,208,1135,58
--- ---DELTA MATERIALIZED
patch_start,patch_end,offset,limit,count-ms,lookup-mus,results
0,1,0,-2,394,363,7
0,2,0,-2,401,356,6
0,3,0,-2,393,358,7
0,4,0,-2,203,370,13
0,5,0,-2,454,644,13
0,6,0,-2,408,651,14
0,7,0,-2,385,651,14
1,2,0,-2,395,357,7
1,3,0,-2,394,355,4
1,4,0,-2,199,365,10
1,5,0,-2,453,640,10
1,6,0,-2,414,641,11
1,7,0,-2,385,644,11
2,3,0,-2,390,361,5
2,4,0,-2,200,358,7
2,5,0,-2,456,629,7
2,6,0,-2,411,635,8
2,7,0,-2,385,633,8
3,4,0,-2,200,351,6
3,5,0,-2,1255,621,6
3,6,0,-2,408,628,7
3,7,0,-2,383,628,7
4,5,0,-2,255,278,6
4,6,0,-2,212,283,7
4,7,0,-2,186,286,7
5,6,0,-2,463,278,3
5,7,0,-2,432,284,8
6,7,0,-2,389,290,7
--- ---VERSION
offset,limit,count-ms,lookup-mus,results
0,-2,303,2496,72
---PATTERN START:   http://d.opencalais.com/er/company/ralg-tr1r/eab9bfaa-47f1-368a-a9b7-a87bb345cf30 .
--- ---VERSION MATERIALIZED
patch,offset,limit,count-ms,lookup-mus,results
4,0,-2,5,126,58
5,0,-2,1354,2873,54
6,0,-2,73,2255,114
7,0,-2,77,2090,56
3,0,-2,2131,3839,57
2,0,-2,98,2935,56
1,0,-2,75,3033,107
0,0,-2,77,3316,227
--- ---DELTA MATERIALIZED
patch_start,patch_end,offset,limit,count-ms,lookup-mus,results
0,1,0,-2,128,3506,54
0,2,0,-2,144,3529,112
0,3,0,-2,2036,3708,165
0,4,0,-2,73,3940,282
0,5,0,-2,1264,6762,266
0,6,0,-2,140,6923,318
0,7,0,-2,132,6940,320
1,2,0,-2,136,3481,62
1,3,0,-2,2004,4367,113
1,4,0,-2,63,3826,225
1,5,0,-2,1262,6596,209
1,6,0,-2,124,6790,263
1,7,0,-2,123,6751,267
2,3,0,-2,2029,3467,63
2,4,0,-2,80,3695,174
2,5,0,-2,1272,6443,160
2,6,0,-2,141,6641,220
2,7,0,-2,142,6716,228
3,4,0,-2,1946,3415,111
3,5,0,-2,3147,6227,107
3,6,0,-2,2050,6506,167
3,7,0,-2,2037,6435,169
4,5,0,-2,1188,2996,110
4,6,0,-2,67,3173,172
4,7,0,-2,67,3183,174
5,6,0,-2,1261,2920,52
5,7,0,-2,1246,3020,117
6,7,0,-2,126,3159,169
--- ---VERSION
offset,limit,count-ms,lookup-mus,results
0,-2,3051,12343,437
---PATTERN START:   http://aigp.csres.utexas.edu/~aigp/school/show/203 .
--- ---VERSION MATERIALIZED
patch,offset,limit,count-ms,lookup-mus,results
4,0,-2,4,102,63
5,0,-2,3507,5932,63
6,0,-2,716,4411,63
7,0,-2,79,3750,63
3,0,-2,2717,5209,63
2,0,-2,2549,2715,63
1,0,-2,54,2780,126
0,0,-2,51,2870,189
--- ---DELTA MATERIALIZED
patch_start,patch_end,offset,limit,count-ms,lookup-mus,results
0,1,0,-2,89,5977,105
0,2,0,-2,2586,5962,147
0,3,0,-2,2577,5993,168
0,4,0,-2,48,6207,294
0,5,0,-2,3383,11188,294
0,6,0,-2,725,10447,336
0,7,0,-2,85,10472,336
1,2,0,-2,2598,5942,126
1,3,0,-2,2567,5917,105
1,4,0,-2,49,6074,231
1,5,0,-2,3382,10183,231
1,6,0,-2,725,10419,273
1,7,0,-2,87,10327,273
2,3,0,-2,5052,5908,105
2,4,0,-2,2532,6114,147
2,5,0,-2,5870,10144,147
2,6,0,-2,3212,10281,189
2,7,0,-2,2577,10282,189
3,4,0,-2,2528,5839,126
3,5,0,-2,5874,9877,126
3,6,0,-2,3204,9997,168
3,7,0,-2,2576,10011,168
4,5,0,-2,3334,4145,126
4,6,0,-2,680,4255,168
4,7,0,-2,39,4264,168
5,6,0,-2,4008,4151,63
5,7,0,-2,3369,4250,147
6,7,0,-2,712,4271,168
--- ---VERSION
offset,limit,count-ms,lookup-mus,results
0,-2,4486,17922,504
---PATTERN START:   http://lod.geospecies.org/bioclasses/uRKSz .
--- ---VERSION MATERIALIZED
patch,offset,limit,count-ms,lookup-mus,results
4,0,-2,5,143,78
5,0,-2,388,1919,78
6,0,-2,227,1564,79
7,0,-2,204,1491,79
3,0,-2,274,1721,78
2,0,-2,157,1490,78
1,0,-2,158,1451,82
0,0,-2,157,1456,85
--- ---DELTA MATERIALIZED
patch_start,patch_end,offset,limit,count-ms,lookup-mus,results
0,1,0,-2,303,252,7
0,2,0,-2,300,253,7
0,3,0,-2,300,250,7
0,4,0,-2,155,265,13
0,5,0,-2,384,510,13
0,6,0,-2,342,514,14
0,7,0,-2,313,519,14
1,2,0,-2,300,262,8
1,3,0,-2,299,246,4
1,4,0,-2,156,258,10
1,5,0,-2,386,504,10
1,6,0,-2,341,506,11
1,7,0,-2,316,508,11
2,3,0,-2,296,254,6
2,4,0,-2,151,269,6
2,5,0,-2,381,508,6
2,6,0,-2,342,513,7
2,7,0,-2,312,513,7
3,4,0,-2,152,246,6
3,5,0,-2,383,488,6
3,6,0,-2,343,492,7
3,7,0,-2,314,493,7
4,5,0,-2,231,248,6
4,6,0,-2,193,250,7
4,7,0,-2,164,251,7
5,6,0,-2,414,249,3
5,7,0,-2,386,254,8
6,7,0,-2,344,251,7
--- ---VERSION
offset,limit,count-ms,lookup-mus,results
0,-2,236,2967,99
---PATTERN START:   http://www.w3.org/ns/auth/rsa#RSAPublicKey .
--- ---VERSION MATERIALIZED
patch,offset,limit,count-ms,lookup-mus,results
4,0,-2,5,123,55
5,0,-2,1382,3913,56
6,0,-2,1048,3008,64
7,0,-2,890,2745,63
3,0,-2,1221,4039,54
2,0,-2,1070,3117,57
1,0,-2,1073,3065,69
0,0,-2,66,3283,99
--- ---DELTA MATERIALIZED
patch_start,patch_end,offset,limit,count-ms,lookup-mus,results
0,1,0,-2,1125,2530,54
0,2,0,-2,1119,2517,45
0,3,0,-2,1135,2577,53
0,4,0,-2,64,2659,96
0,5,0,-2,1301,4362,93
0,6,0,-2,1058,4294,97
0,7,0,-2,905,5092,98
1,2,0,-2,2128,2561,61
1,3,0,-2,2157,2573,43
1,4,0,-2,1091,2625,86
1,5,0,-2,2328,4295,83
1,6,0,-2,2069,4245,89
1,7,0,-2,1914,4250,90
2,3,0,-2,2113,2548,44
2,4,0,-2,1082,2544,51
2,5,0,-2,2320,4217,48
2,6,0,-2,2079,4238,54
2,7,0,-2,1923,4162,55
3,4,0,-2,1060,2459,43
3,5,0,-2,2287,4081,44
3,6,0,-2,2055,4101,50
3,7,0,-2,1902,4187,51
4,5,0,-2,1229,1675,41
4,6,0,-2,1005,1714,51
4,7,0,-2,852,1717,50
5,6,0,-2,2245,1689,20
5,7,0,-2,2083,1726,56
6,7,0,-2,1825,1687,52
--- ---VERSION
offset,limit,count-ms,lookup-mus,results
0,-2,1821,8856,197
---PATTERN START:   http://aigp.csres.utexas.edu/~aigp/school/show/613 .
--- ---VERSION MATERIALIZED
patch,offset,limit,count-ms,lookup-mus,results
4,0,-2,5,105,63
5,0,-2,3526,5992,63
6,0,-2,744,4492,63
7,0,-2,76,3804,63
3,0,-2,2671,5283,63
2,0,-2,2528,2686,63
1,0,-2,53,2777,126
0,0,-2,52,2861,189
--- ---DELTA MATERIALIZED
patch_start,patch_end,offset,limit,count-ms,lookup-mus,results
0,1,0,-2,91,5602,105
0,2,0,-2,2553,5622,147
0,3,0,-2,2546,5648,168
0,4,0,-2,50,5859,294
0,5,0,-2,3393,10125,294
0,6,0,-2,753,10959,336
0,7,0,-2,84,10176,336
1,2,0,-2,2551,5611,126
1,3,0,-2,2554,5569,105
1,4,0,-2,48,5723,231
1,5,0,-2,3394,9899,231
1,6,0,-2,753,10020,273
1,7,0,-2,85,10012,273
2,3,0,-2,4998,5566,105
2,4,0,-2,2513,5744,147
2,5,0,-2,5855,9857,147
2,6,0,-2,3212,9966,189
2,7,0,-2,2544,9991,189
3,4,0,-2,2498,5476,126
3,5,0,-2,5852,9578,126
3,6,0,-2,3207,9695,168
3,7,0,-2,2538,9710,168
4,5,0,-2,3361,4150,126
4,6,0,-2,714,4285,168
4,7,0,-2,39,4289,168
5,6,0,-2,4056,4179,63
5,7,0,-2,3380,4282,147
6,7,0,-2,745,4308,168
--- ---VERSION
offset,limit,count-ms,lookup-mus,results
0,-2,4443,17568,504
---PATTERN START:   http://aigp.csres.utexas.edu/~aigp/school/show/612 .
--- ---VERSION MATERIALIZED
patch,offset,limit,count-ms,lookup-mus,results
4,0,-2,5,119,66
5,0,-2,3941,6534,66
6,0,-2,809,4904,66
7,0,-2,86,4961,66
3,0,-2,3088,5851,66
2,0,-2,2934,3116,66
1,0,-2,53,3185,132
0,0,-2,51,3286,198
--- ---DELTA MATERIALIZED
patch_start,patch_end,offset,limit,count-ms,lookup-mus,results
0,1,0,-2,89,6712,110
0,2,0,-2,2968,6734,154
0,3,0,-2,2954,6762,176
0,4,0,-2,48,7024,308
0,5,0,-2,3810,11760,308
0,6,0,-2,822,11914,352
0,7,0,-2,85,11967,352
1,2,0,-2,2967,6712,132
1,3,0,-2,2954,6686,110
1,4,0,-2,48,6856,242
1,5,0,-2,3815,11551,242
1,6,0,-2,820,11684,286
1,7,0,-2,86,11709,286
2,3,0,-2,5834,6679,110
2,4,0,-2,2920,6646,154
2,5,0,-2,6696,11266,154
2,6,0,-2,3696,11408,198
2,7,0,-2,2960,11424,198
3,4,0,-2,2914,6577,132
3,5,0,-2,6699,11174,132
3,6,0,-2,3687,11310,176
3,7,0,-2,2947,11324,176
4,5,0,-2,3763,4702,132
4,6,0,-2,776,4846,176
4,7,0,-2,41,4861,176
5,6,0,-2,4534,4734,66
5,7,0,-2,3802,4856,154
6,7,0,-2,813,4897,176
--- ---VERSION
offset,limit,count-ms,lookup-mus,results
0,-2,5192,20433,528
---PATTERN START:   http://aigp.csres.utexas.edu/~aigp/school/show/104 .
--- ---VERSION MATERIALIZED
patch,offset,limit,count-ms,lookup-mus,results
4,0,-2,5,116,75
5,0,-2,4209,7204,75
6,0,-2,766,5247,75
7,0,-2,76,4546,75
3,0,-2,3346,6447,75
2,0,-2,55,4157,75
1,0,-2,53,3422,150
0,0,-2,53,3525,225
--- ---DELTA MATERIALIZED
patch_start,patch_end,offset,limit,count-ms,lookup-mus,results
0,1,0,-2,98,7176,125
0,2,0,-2,99,7199,175
0,3,0,-2,3226,7231,200
0,4,0,-2,52,7516,350
0,5,0,-2,4093,12617,350
0,6,0,-2,779,12759,400
0,7,0,-2,88,12814,400
1,2,0,-2,98,7186,150
1,3,0,-2,3212,7141,125
1,4,0,-2,52,7362,275
1,5,0,-2,4089,12386,275
1,6,0,-2,788,12560,325
1,7,0,-2,88,12578,325
2,3,0,-2,3228,7173,125
2,4,0,-2,52,7144,175
2,5,0,-2,4093,12077,175
2,6,0,-2,781,12196,225
2,7,0,-2,88,12338,225
3,4,0,-2,3171,7104,150
3,5,0,-2,7196,11993,150
3,6,0,-2,3904,12125,200
3,7,0,-2,3199,12120,200
4,5,0,-2,4037,4993,150
4,6,0,-2,729,5139,200
4,7,0,-2,39,5142,200
5,6,0,-2,4758,5037,75
5,7,0,-2,4078,5132,175
6,7,0,-2,763,5156,200
--- ---VERSION
offset,limit,count-ms,lookup-mus,results
0,-2,5577,21891,600
---PATTERN START:   http://aigp.csres.utexas.edu/~aigp/school/show/233 .
--- ---VERSION MATERIALIZED
patch,offset,limit,count-ms,lookup-mus,results
4,0,-2,6,114,57
5,0,-2,3029,5165,57
6,0,-2,2312,3822,57
7,0,-2,1726,3215,57
3,0,-2,2514,4725,57
2,0,-2,2367,2556,57
1,0,-2,59,2599,114
0,0,-2,59,2703,171
--- ---DELTA MATERIALIZED
patch_start,patch_end,offset,limit,count-ms,lookup-mus,results
0,1,0,-2,104,5551,95
0,2,0,-2,2412,5574,133
0,3,0,-2,2400,5590,152
0,4,0,-2,56,5859,266
0,5,0,-2,2930,9479,266
0,6,0,-2,2327,9605,304
0,7,0,-2,1743,9614,304
1,2,0,-2,2407,5541,114
1,3,0,-2,2398,5520,95
1,4,0,-2,55,5692,209
1,5,0,-2,2936,9250,209
1,6,0,-2,2332,9384,247
1,7,0,-2,1744,9382,247
2,3,0,-2,4700,5528,95
2,4,0,-2,2358,5486,133
2,5,0,-2,5236,8963,133
2,6,0,-2,4633,9082,171
2,7,0,-2,4055,9088,171
3,4,0,-2,2350,5449,114
3,5,0,-2,5221,8904,114
3,6,0,-2,4628,9016,152
3,7,0,-2,4050,9029,152
4,5,0,-2,2869,3600,114
4,6,0,-2,2270,3728,152
4,7,0,-2,1690,3736,152
5,6,0,-2,5143,3620,57
5,7,0,-2,4558,3732,133
6,7,0,-2,3955,3761,152
--- ---VERSION
offset,limit,count-ms,lookup-mus,results
0,-2,3991,16189,456
---PATTERN START:   http://aigp.csres.utexas.edu/~aigp/school/show/213 .
--- ---VERSION MATERIALIZED
patch,offset,limit,count-ms,lookup-mus,results
4,0,-2,5,131,66
5,0,-2,3762,6168,66
6,0,-2,716,4625,66
7,0,-2,74,3971,66
3,0,-2,3006,6388,66
2,0,-2,2842,3036,66
1,0,-2,61,3118,132
0,0,-2,60,3236,198
--- ---DELTA MATERIALIZED
patch_start,patch_end,offset,limit,count-ms,lookup-mus,results
0,1,0,-2,120,6552,110
0,2,0,-2,2894,6571,154
0,3,0,-2,2883,6602,176
0,4,0,-2,56,6889,308
0,5,0,-2,3621,11449,308
0,6,0,-2,731,11589,352
0,7,0,-2,95,11655,352
1,2,0,-2,2885,6569,132
1,3,0,-2,2884,6533,110
1,4,0,-2,56,6726,242
1,5,0,-2,3624,11218,242
1,6,0,-2,733,11372,286
1,7,0,-2,93,11396,286
2,3,0,-2,5667,6523,110
2,4,0,-2,2843,6674,154
2,5,0,-2,6436,11091,154
2,6,0,-2,3515,11221,198
2,7,0,-2,2875,11233,198
3,4,0,-2,2836,6414,132
3,5,0,-2,6424,10812,132
3,6,0,-2,3505,10965,176
3,7,0,-2,2869,10979,176
4,5,0,-2,3568,4529,132
4,6,0,-2,680,4666,176
4,7,0,-2,42,4675,176
5,6,0,-2,4244,4532,66
5,7,0,-2,3608,4667,154
6,7,0,-2,713,4691,176
--- ---VERSION
offset,limit,count-ms,lookup-mus,results
0,-2,4936,19213,528
---PATTERN START:   http://aigp.csres.utexas.edu/~aigp/school/show/287 .
--- ---VERSION MATERIALIZED
patch,offset,limit,count-ms,lookup-mus,results
4,0,-2,5,98,51
5,0,-2,2690,4637,51
6,0,-2,2079,3527,51
7,0,-2,1641,3061,51
3,0,-2,2147,4166,51
2,0,-2,2004,2172,51
1,0,-2,50,2213,102
0,0,-2,49,2305,153
--- ---DELTA MATERIALIZED
patch_start,patch_end,offset,limit,count-ms,lookup-mus,results
0,1,0,-2,86,4570,85
0,2,0,-2,2046,5399,119
0,3,0,-2,2035,4614,136
0,4,0,-2,48,4811,238
0,5,0,-2,2565,7983,238
0,6,0,-2,2088,8081,272
0,7,0,-2,1651,8094,272
1,2,0,-2,2043,4567,102
1,3,0,-2,2035,4542,85
1,4,0,-2,47,4691,187
1,5,0,-2,2565,7830,187
1,6,0,-2,2093,7949,221
1,7,0,-2,1646,7960,221
2,3,0,-2,3984,4546,85
2,4,0,-2,2000,4528,119
2,5,0,-2,4519,7622,119
2,6,0,-2,4065,7719,153
2,7,0,-2,3611,7742,153
3,4,0,-2,1996,4477,102
3,5,0,-2,4508,7571,102
3,6,0,-2,4033,7662,136
3,7,0,-2,3602,7660,136
4,5,0,-2,2517,3190,102
4,6,0,-2,2046,3304,136
4,7,0,-2,1603,3306,136
5,6,0,-2,4555,3199,51
5,7,0,-2,4118,3304,119
6,7,0,-2,3648,3329,136
--- ---VERSION
offset,limit,count-ms,lookup-mus,results
0,-2,3552,14454,408
---PATTERN START:   http://aigp.csres.utexas.edu/~aigp/school/show/359 .
--- ---VERSION MATERIALIZED
patch,offset,limit,count-ms,lookup-mus,results
4,0,-2,4,109,63
5,0,-2,3560,5919,63
6,0,-2,780,4433,63
7,0,-2,75,3742,63
3,0,-2,2712,5133,63
2,0,-2,2569,2752,63
1,0,-2,53,2823,126
0,0,-2,54,2912,189
--- ---DELTA MATERIALIZED
patch_start,patch_end,offset,limit,count-ms,lookup-mus,results
0,1,0,-2,93,5743,105
0,2,0,-2,2612,6555,147
0,3,0,-2,2598,5778,168
0,4,0,-2,49,6005,294
0,5,0,-2,3445,10270,294
0,6,0,-2,791,10369,336
0,7,0,-2,87,10401,336
1,2,0,-2,2620,5712,126
1,3,0,-2,2595,5692,105
1,4,0,-2,49,5858,231
1,5,0,-2,3432,10054,231
1,6,0,-2,790,10189,273
1,7,0,-2,88,10204,273
2,3,0,-2,5107,5676,105
2,4,0,-2,2566,5835,147
2,5,0,-2,5950,10006,147
2,6,0,-2,3308,10103,189
2,7,0,-2,2609,10117,189
3,4,0,-2,2574,5623,126
3,5,0,-2,5993,9715,126
3,6,0,-2,3302,9861,168
3,7,0,-2,2595,9879,168
4,5,0,-2,3384,4377,126
4,6,0,-2,745,4502,168
4,7,0,-2,43,4508,168
5,6,0,-2,4126,4398,63
5,7,0,-2,3433,4497,147
6,7,0,-2,783,4534,168
--- ---VERSION
offset,limit,count-ms,lookup-mus,results
0,-2,4461,17346,504
---PATTERN START:   http://aigp.csres.utexas.edu/~aigp/school/show/296 .
--- ---VERSION MATERIALIZED
patch,offset,limit,count-ms,lookup-mus,results
4,0,-2,5,90,54
5,0,-2,2976,5075,54
6,0,-2,2284,3786,54
7,0,-2,1737,3219,54
3,0,-2,2429,4622,54
2,0,-2,2274,2403,54
1,0,-2,47,2462,108
0,0,-2,46,2535,162
--- ---DELTA MATERIALIZED
patch_start,patch_end,offset,limit,count-ms,lookup-mus,results
0,1,0,-2,81,5098,90
0,2,0,-2,2283,5105,126
0,3,0,-2,2278,5119,144
0,4,0,-2,43,5361,252
0,5,0,-2,2825,9026,252
0,6,0,-2,2267,9126,288
0,7,0,-2,1715,9138,288
1,2,0,-2,2285,5085,108
1,3,0,-2,2276,5062,90
1,4,0,-2,43,5251,198
1,5,0,-2,2844,8838,198
1,6,0,-2,2264,8933,234
1,7,0,-2,1718,8971,234
2,3,0,-2,4476,5059,90
2,4,0,-2,2245,5213,126
2,5,0,-2,5022,8766,126
2,6,0,-2,4471,8890,162
2,7,0,-2,3919,8879,162
3,4,0,-2,2237,5005,108
3,5,0,-2,5030,8546,108
3,6,0,-2,4463,8645,144
3,7,0,-2,3914,8646,144
4,5,0,-2,2781,3588,108
4,6,0,-2,2224,3682,144
4,7,0,-2,1676,3689,144
5,6,0,-2,5003,3601,54
5,7,0,-2,4438,3680,126
6,7,0,-2,3890,3699,144
--- ---VERSION
offset,limit,count-ms,lookup-mus,results
0,-2,3916,15424,432
---PATTERN START:   http://aigp.csres.utexas.edu/~aigp/school/show/236 .
--- ---VERSION MATERIALIZED
patch,offset,limit,count-ms,lookup-mus,results
4,0,-2,4,103,69
5,0,-2,3820,6502,69
6,0,-2,805,4896,69
7,0,-2,75,4187,69
3,0,-2,3087,5873,69
2,0,-2,2933,3100,69
1,0,-2,58,3177,138
0,0,-2,57,3258,207
--- ---DELTA MATERIALIZED
patch_start,patch_end,offset,limit,count-ms,lookup-mus,results
0,1,0,-2,106,6617,115
0,2,0,-2,2986,6637,161
0,3,0,-2,2975,7445,184
0,4,0,-2,56,6893,322
0,5,0,-2,3722,11462,322
0,6,0,-2,824,11565,368
0,7,0,-2,91,11576,368
1,2,0,-2,3014,6604,138
1,3,0,-2,2972,6579,115
1,4,0,-2,56,6732,253
1,5,0,-2,3699,11243,253
1,6,0,-2,820,11373,299
1,7,0,-2,90,11408,299
2,3,0,-2,5850,6580,115
2,4,0,-2,2930,6554,161
2,5,0,-2,6575,10965,161
2,6,0,-2,3706,11095,207
2,7,0,-2,2975,11097,207
3,4,0,-2,2918,6486,138
3,5,0,-2,6568,10858,138
3,6,0,-2,3735,11005,184
3,7,0,-2,2955,11027,184
4,5,0,-2,3661,4479,138
4,6,0,-2,769,4610,184
4,7,0,-2,41,4622,184
5,6,0,-2,4411,4523,69
5,7,0,-2,3678,4621,161
6,7,0,-2,803,4636,184
--- ---VERSION
offset,limit,count-ms,lookup-mus,results
0,-2,5035,19472,552
---PATTERN START:   http://aigp.csres.utexas.edu/~aigp/school/show/106 .
--- ---VERSION MATERIALIZED
patch,offset,limit,count-ms,lookup-mus,results
4,0,-2,4,96,57
5,0,-2,3221,5481,57
6,0,-2,2460,3981,57
7,0,-2,1867,3375,57
3,0,-2,2501,4831,57
2,0,-2,2343,2502,57
1,0,-2,51,2539,114
0,0,-2,52,2617,171
--- ---DELTA MATERIALIZED
patch_start,patch_end,offset,limit,count-ms,lookup-mus,results
0,1,0,-2,88,5377,95
0,2,0,-2,2453,6160,133
0,3,0,-2,2406,5375,152
0,4,0,-2,48,5549,266
0,5,0,-2,3123,9291,266
0,6,0,-2,2505,9384,304
0,7,0,-2,1910,9392,304
1,2,0,-2,2420,5321,114
1,3,0,-2,2411,5315,95
1,4,0,-2,48,5431,209
1,5,0,-2,3122,9103,209
1,6,0,-2,2499,9214,247
1,7,0,-2,1905,9231,247
2,3,0,-2,4732,5300,95
2,4,0,-2,2379,5336,133
2,5,0,-2,5438,8960,133
2,6,0,-2,4838,9066,171
2,7,0,-2,4251,9077,171
3,4,0,-2,2372,5219,114
3,5,0,-2,5478,8824,114
3,6,0,-2,4852,8934,152
3,7,0,-2,4227,8948,152
4,5,0,-2,3077,3663,114
4,6,0,-2,2460,3774,152
4,7,0,-2,1864,3785,152
5,6,0,-2,5537,3709,57
5,7,0,-2,4911,3791,133
6,7,0,-2,4309,3803,152
--- ---VERSION
offset,limit,count-ms,lookup-mus,results
0,-2,4107,16966,456
