---PATTERN START:  http://www.w3.org/2000/01/rdf-schema#seeAlso http://www.w3.org/People/all#swick .
--- ---VERSION MATERIALIZED
patch,offset,limit,count-ms,lookup-mus,results
4,0,-2,8,6,1
5,0,-2,316,239,0
6,0,-2,230,207,0
7,0,-2,192,180,0
3,0,-2,310,218,1
2,0,-2,194,227,0
1,0,-2,189,206,1
0,0,-2,191,211,2
--- ---DELTA MATERIALIZED
patch_start,patch_end,offset,limit,count-ms,lookup-mus,results
0,1,0,-2,363,252,1
0,2,0,-2,366,248,2
0,3,0,-2,364,249,3
0,4,0,-2,185,253,5
0,5,0,-2,381,456,5
0,6,0,-2,366,456,6
0,7,0,-2,340,448,6
1,2,0,-2,361,241,1
1,3,0,-2,365,241,2
1,4,0,-2,184,247,4
1,5,0,-2,377,443,4
1,6,0,-2,362,447,5
1,7,0,-2,338,445,5
2,3,0,-2,362,240,1
2,4,0,-2,185,242,3
2,5,0,-2,375,440,3
2,6,0,-2,361,442,4
2,7,0,-2,339,441,4
3,4,0,-2,183,240,2
3,5,0,-2,378,435,2
3,6,0,-2,361,437,3
3,7,0,-2,339,447,3
4,5,0,-2,199,200,2
4,6,0,-2,183,202,3
4,7,0,-2,162,204,3
5,6,0,-2,373,203,1
5,7,0,-2,352,203,2
6,7,0,-2,339,205,3
--- ---VERSION
offset,limit,count-ms,lookup-mus,results
0,-2,238,517,8
---PATTERN START:  http://www.w3.org/2000/01/rdf-schema#seeAlso http://www.livejournal.com/users/nooks/ .
--- ---VERSION MATERIALIZED
patch,offset,limit,count-ms,lookup-mus,results
4,0,0,7,3,0
5,0,0,312,109,0
6,0,0,191,95,0
7,0,0,171,105,0
3,0,0,294,67,0
2,0,0,178,72,0
1,0,0,186,77,0
0,0,0,181,72,0
--- ---DELTA MATERIALIZED
patch_start,patch_end,offset,limit,count-ms,lookup-mus,results
0,1,0,0,340,42,0
0,2,0,0,339,40,0
0,3,0,0,337,40,0
0,4,0,0,175,40,0
0,5,0,0,338,76,0
0,6,0,0,326,74,0
0,7,0,0,306,73,0
1,2,0,0,339,39,0
1,3,0,0,337,40,0
1,4,0,0,172,39,0
1,5,0,0,340,74,0
1,6,0,0,323,73,0
1,7,0,0,307,74,0
2,3,0,0,335,39,0
2,4,0,0,173,39,0
2,5,0,0,338,73,0
2,6,0,0,326,74,0
2,7,0,0,305,73,0
3,4,0,0,171,39,0
3,5,0,0,338,73,0
3,6,0,0,323,73,0
3,7,0,0,306,74,0
4,5,0,0,168,36,0
4,6,0,0,154,36,0
4,7,0,0,139,36,0
5,6,0,0,322,38,0
5,7,0,0,302,39,0
6,7,0,0,292,39,0
--- ---VERSION
offset,limit,count-ms,lookup-mus,results
0,0,205,4,0
---PATTERN START:  http://www.w3.org/2000/01/rdf-schema#seeAlso http://www.itee.uq.edu.au/people/staff/davec.html .
--- ---VERSION MATERIALIZED
patch,offset,limit,count-ms,lookup-mus,results
4,0,-2,8,6,1
5,0,-2,355,291,0
6,0,-2,251,232,0
7,0,-2,232,246,0
3,0,-2,317,232,0
2,0,-2,204,248,0
1,0,-2,210,241,0
0,0,-2,207,227,2
--- ---DELTA MATERIALIZED
patch_start,patch_end,offset,limit,count-ms,lookup-mus,results
0,1,0,-2,388,309,1
0,2,0,-2,409,305,2
0,3,0,-2,399,306,3
0,4,0,-2,201,309,5
0,5,0,-2,425,545,5
0,6,0,-2,401,515,6
0,7,0,-2,360,493,6
1,2,0,-2,374,276,1
1,3,0,-2,373,274,2
1,4,0,-2,200,278,4
1,5,0,-2,388,488,4
1,6,0,-2,381,487,5
1,7,0,-2,364,486,5
2,3,0,-2,376,273,1
2,4,0,-2,190,276,3
2,5,0,-2,388,483,3
2,6,0,-2,377,486,4
2,7,0,-2,361,486,4
3,4,0,-2,190,274,2
3,5,0,-2,389,476,2
3,6,0,-2,378,481,3
3,7,0,-2,368,529,3
4,5,0,-2,206,224,2
4,6,0,-2,208,237,3
4,7,0,-2,190,232,3
5,6,0,-2,423,233,1
5,7,0,-2,412,234,2
6,7,0,-2,392,245,3
--- ---VERSION
offset,limit,count-ms,lookup-mus,results
0,-2,273,551,8
---PATTERN START:  http://s.opencalais.com/1/linkeddata/pred/attribute/filingurl http://sec.gov/Archives/edgar/data/816956/0000914317-09-000511.txt .
--- ---VERSION MATERIALIZED
patch,offset,limit,count-ms,lookup-mus,results
4,0,-2,8,7,1
5,0,-2,183,89,1
6,0,-2,71,93,2
7,0,-2,67,84,1
3,0,-2,182,96,1
2,0,-2,75,92,1
1,0,-2,71,101,3
0,0,-2,68,104,4
--- ---DELTA MATERIALIZED
patch_start,patch_end,offset,limit,count-ms,lookup-mus,results
0,1,0,-2,124,70,1
0,2,0,-2,120,69,2
0,3,0,-2,126,72,3
0,4,0,-2,65,77,5
0,5,0,-2,122,134,5
0,6,0,-2,120,135,6
0,7,0,-2,128,136,6
1,2,0,-2,123,69,1
1,3,0,-2,127,71,2
1,4,0,-2,67,80,4
1,5,0,-2,124,133,4
1,6,0,-2,122,132,5
1,7,0,-2,116,131,5
2,3,0,-2,119,69,1
2,4,0,-2,64,70,3
2,5,0,-2,114,125,3
2,6,0,-2,115,127,4
2,7,0,-2,111,124,4
3,4,0,-2,63,67,2
3,5,0,-2,120,124,2
3,6,0,-2,120,128,3
3,7,0,-2,114,122,3
4,5,0,-2,59,62,2
4,6,0,-2,59,63,3
4,7,0,-2,54,62,3
5,6,0,-2,113,60,1
5,7,0,-2,108,60,2
6,7,0,-2,109,61,3
--- ---VERSION
offset,limit,count-ms,lookup-mus,results
0,-2,65,217,8
---PATTERN START:  http://s.opencalais.com/1/linkeddata/pred/attribute/uri http://d.opencalais.com/er/company/ralg-tr1r/29d48a16-4b3a-3d7d-8305-0a3a3226879c .
--- ---VERSION MATERIALIZED
patch,offset,limit,count-ms,lookup-mus,results
4,0,-2,8,6,1
5,0,-2,272,184,1
6,0,-2,158,169,1
7,0,-2,158,184,2
3,0,-2,322,237,1
2,0,-2,178,204,1
1,0,-2,161,185,2
0,0,-2,193,222,3
--- ---DELTA MATERIALIZED
patch_start,patch_end,offset,limit,count-ms,lookup-mus,results
0,1,0,-2,324,199,1
0,2,0,-2,337,199,2
0,3,0,-2,371,200,3
0,4,0,-2,181,215,5
0,5,0,-2,330,389,5
0,6,0,-2,311,383,6
0,7,0,-2,331,391,6
1,2,0,-2,304,200,1
1,3,0,-2,342,199,2
1,4,0,-2,147,203,4
1,5,0,-2,297,371,4
1,6,0,-2,275,368,5
1,7,0,-2,295,379,5
2,3,0,-2,355,199,1
2,4,0,-2,164,207,3
2,5,0,-2,313,376,3
2,6,0,-2,292,371,4
2,7,0,-2,309,375,4
3,4,0,-2,203,199,2
3,5,0,-2,342,370,2
3,6,0,-2,323,368,3
3,7,0,-2,343,373,3
4,5,0,-2,152,175,2
4,6,0,-2,132,172,3
4,7,0,-2,151,178,3
5,6,0,-2,277,175,1
5,7,0,-2,299,177,2
6,7,0,-2,278,179,3
--- ---VERSION
offset,limit,count-ms,lookup-mus,results
0,-2,183,327,8
---PATTERN START:  http://www.w3.org/2004/02/skos/core#relatedMatch http://lod.geospecies.org/orders/zyb2p .
--- ---VERSION MATERIALIZED
patch,offset,limit,count-ms,lookup-mus,results
4,0,-2,8,6,1
5,0,-2,143,151,1
6,0,-2,57,120,1
7,0,-2,61,112,1
3,0,-2,98,111,1
2,0,-2,26,78,1
1,0,-2,26,77,1
0,0,-2,26,77,1
--- ---DELTA MATERIALIZED
patch_start,patch_end,offset,limit,count-ms,lookup-mus,results
0,1,0,-2,43,22,0
0,2,0,-2,42,19,0
0,3,0,-2,43,19,0
0,4,0,-2,23,18,0
0,5,0,-2,75,63,0
0,6,0,-2,74,62,0
0,7,0,-2,75,63,0
1,2,0,-2,42,19,0
1,3,0,-2,42,19,0
1,4,0,-2,23,18,0
1,5,0,-2,76,63,0
1,6,0,-2,74,62,0
1,7,0,-2,74,63,0
2,3,0,-2,42,19,0
2,4,0,-2,23,19,0
2,5,0,-2,75,63,0
2,6,0,-2,74,63,0
2,7,0,-2,77,64,0
3,4,0,-2,23,19,0
3,5,0,-2,75,63,0
3,6,0,-2,74,63,0
3,7,0,-2,74,64,0
4,5,0,-2,54,45,0
4,6,0,-2,54,46,0
4,7,0,-2,54,46,0
5,6,0,-2,103,46,0
5,7,0,-2,103,46,0
6,7,0,-2,103,47,0
--- ---VERSION
offset,limit,count-ms,lookup-mus,results
0,-2,42,82,1
---PATTERN START:  http://www.w3.org/1999/02/22-rdf-syntax-ns#first http://purl.org/net/provenance/files#usedDataFile .
--- ---VERSION MATERIALIZED
patch,offset,limit,count-ms,lookup-mus,results
4,0,-2,8,6,1
5,0,-2,216,144,0
6,0,-2,127,118,0
7,0,-2,112,106,0
3,0,-2,197,114,0
2,0,-2,88,117,0
1,0,-2,88,117,1
0,0,-2,89,118,2
--- ---DELTA MATERIALIZED
patch_start,patch_end,offset,limit,count-ms,lookup-mus,results
0,1,0,-2,165,109,1
0,2,0,-2,164,106,2
0,3,0,-2,164,106,3
0,4,0,-2,85,110,5
0,5,0,-2,174,188,5
0,6,0,-2,165,191,6
0,7,0,-2,158,192,6
1,2,0,-2,163,105,1
1,3,0,-2,164,106,2
1,4,0,-2,86,108,4
1,5,0,-2,173,186,4
1,6,0,-2,164,189,5
1,7,0,-2,155,187,5
2,3,0,-2,163,104,1
2,4,0,-2,86,108,3
2,5,0,-2,172,181,3
2,6,0,-2,164,192,4
2,7,0,-2,163,184,4
3,4,0,-2,84,103,2
3,5,0,-2,173,182,2
3,6,0,-2,164,182,3
3,7,0,-2,155,184,3
4,5,0,-2,92,80,2
4,6,0,-2,83,82,3
4,7,0,-2,75,82,3
5,6,0,-2,169,81,1
5,7,0,-2,161,82,2
6,7,0,-2,152,83,3
--- ---VERSION
offset,limit,count-ms,lookup-mus,results
0,-2,91,385,8
---PATTERN START:  http://www.w3.org/1999/02/22-rdf-syntax-ns#first http://www.loa-cnr.it/ontologies/DUL.owl#SocialPerson .
--- ---VERSION MATERIALIZED
patch,offset,limit,count-ms,lookup-mus,results
4,0,-2,7,5,1
5,0,-2,225,160,0
6,0,-2,122,127,0
7,0,-2,113,121,0
3,0,-2,205,133,0
2,0,-2,94,133,0
1,0,-2,98,134,0
0,0,-2,95,127,0
--- ---DELTA MATERIALIZED
patch_start,patch_end,offset,limit,count-ms,lookup-mus,results
0,1,0,-2,178,106,1
0,2,0,-2,179,104,2
0,3,0,-2,177,104,3
0,4,0,-2,92,107,5
0,5,0,-2,186,186,5
0,6,0,-2,171,189,6
0,7,0,-2,162,192,6
1,2,0,-2,177,104,1
1,3,0,-2,176,104,2
1,4,0,-2,92,106,4
1,5,0,-2,184,185,4
1,6,0,-2,169,188,5
1,7,0,-2,162,186,5
2,3,0,-2,177,104,1
2,4,0,-2,90,107,3
2,5,0,-2,184,182,3
2,6,0,-2,170,189,4
2,7,0,-2,165,183,4
3,4,0,-2,91,102,2
3,5,0,-2,184,181,2
3,6,0,-2,169,182,3
3,7,0,-2,161,184,3
4,5,0,-2,97,81,2
4,6,0,-2,82,84,3
4,7,0,-2,75,84,3
5,6,0,-2,172,86,1
5,7,0,-2,164,84,2
6,7,0,-2,150,85,3
--- ---VERSION
offset,limit,count-ms,lookup-mus,results
0,-2,93,419,8
---PATTERN START:  http://www.w3.org/2002/07/owl#inverseOf http://www.loa-cnr.it/ontologies/DUL.owl#concretelyExpresses .
--- ---VERSION MATERIALIZED
patch,offset,limit,count-ms,lookup-mus,results
4,0,-2,7,6,1
5,0,-2,134,124,1
6,0,-2,54,84,1
7,0,-2,52,84,1
3,0,-2,121,111,1
2,0,-2,32,79,1
1,0,-2,32,77,1
0,0,-2,32,77,1
--- ---DELTA MATERIALIZED
patch_start,patch_end,offset,limit,count-ms,lookup-mus,results
0,1,0,-2,54,27,0
0,2,0,-2,53,25,0
0,3,0,-2,53,25,0
0,4,0,-2,32,25,0
0,5,0,-2,78,64,0
0,6,0,-2,75,63,0
0,7,0,-2,75,63,0
1,2,0,-2,52,25,0
1,3,0,-2,52,25,0
1,4,0,-2,29,25,0
1,5,0,-2,78,65,0
1,6,0,-2,76,64,0
1,7,0,-2,75,63,0
2,3,0,-2,52,24,0
2,4,0,-2,29,24,0
2,5,0,-2,77,64,0
2,6,0,-2,75,63,0
2,7,0,-2,75,63,0
3,4,0,-2,28,23,0
3,5,0,-2,75,64,0
3,6,0,-2,75,63,0
3,7,0,-2,75,63,0
4,5,0,-2,50,40,0
4,6,0,-2,50,41,0
4,7,0,-2,50,45,0
5,6,0,-2,98,44,0
5,7,0,-2,99,43,0
6,7,0,-2,98,43,0
--- ---VERSION
offset,limit,count-ms,lookup-mus,results
0,-2,48,69,1
---PATTERN START:  http://s.opencalais.com/1/linkeddata/pred/attribute/filingurl http://sec.gov/Archives/edgar/data/896159/0001193125-09-040758.txt .
--- ---VERSION MATERIALIZED
patch,offset,limit,count-ms,lookup-mus,results
4,0,-2,7,7,1
5,0,-2,181,85,1
6,0,-2,59,96,2
7,0,-2,62,88,2
3,0,-2,174,87,0
2,0,-2,58,90,1
1,0,-2,59,94,2
0,0,-2,60,98,3
--- ---DELTA MATERIALIZED
patch_start,patch_end,offset,limit,count-ms,lookup-mus,results
0,1,0,-2,108,75,0
0,2,0,-2,105,69,2
0,3,0,-2,105,70,2
0,4,0,-2,56,76,4
0,5,0,-2,108,132,4
0,6,0,-2,108,135,5
0,7,0,-2,106,134,5
1,2,0,-2,109,70,2
1,3,0,-2,108,70,2
1,4,0,-2,56,72,3
1,5,0,-2,108,129,3
1,6,0,-2,108,137,4
1,7,0,-2,107,129,4
2,3,0,-2,104,69,2
2,4,0,-2,56,70,3
2,5,0,-2,107,127,3
2,6,0,-2,108,129,4
2,7,0,-2,105,128,4
3,4,0,-2,55,64,1
3,5,0,-2,108,120,1
3,6,0,-2,106,123,2
3,7,0,-2,105,123,2
4,5,0,-2,54,63,2
4,6,0,-2,55,68,3
4,7,0,-2,55,65,3
5,6,0,-2,105,62,1
5,7,0,-2,103,64,2
6,7,0,-2,104,66,3
--- ---VERSION
offset,limit,count-ms,lookup-mus,results
0,-2,60,211,7
---PATTERN START:  http://rdf.geospecies.org/ont/geospecies#inOrder http://lod.geospecies.org/orders/ywWNa .
--- ---VERSION MATERIALIZED
patch,offset,limit,count-ms,lookup-mus,results
4,0,0,15,3,0
5,0,0,120,87,0
6,0,0,42,42,0
7,0,0,42,42,0
3,0,0,128,74,0
2,0,0,35,32,0
1,0,0,35,33,0
0,0,0,35,33,0
--- ---DELTA MATERIALIZED
patch_start,patch_end,offset,limit,count-ms,lookup-mus,results
0,1,0,0,60,12,0
0,2,0,0,59,10,0
0,3,0,0,59,10,0
0,4,0,0,32,10,0
0,5,0,0,67,18,0
0,6,0,0,68,19,0
0,7,0,0,67,18,0
1,2,0,0,59,10,0
1,3,0,0,59,11,0
1,4,0,0,32,10,0
1,5,0,0,66,18,0
1,6,0,0,66,18,0
1,7,0,0,67,18,0
2,3,0,0,59,10,0
2,4,0,0,31,10,0
2,5,0,0,66,18,0
2,6,0,0,68,18,0
2,7,0,0,67,19,0
3,4,0,0,31,10,0
3,5,0,0,67,19,0
3,6,0,0,66,19,0
3,7,0,0,67,19,0
4,5,0,0,38,10,0
4,6,0,0,39,10,0
4,7,0,0,38,10,0
5,6,0,0,72,11,0
5,7,0,0,72,11,0
6,7,0,0,74,11,0
--- ---VERSION
offset,limit,count-ms,lookup-mus,results
0,0,39,4,0
---PATTERN START:  http://s.opencalais.com/1/linkeddata/pred/attribute/filingurl http://sec.gov/Archives/edgar/data/833829/0001193125-08-251337.txt .
--- ---VERSION MATERIALIZED
patch,offset,limit,count-ms,lookup-mus,results
4,0,-2,7,7,1
5,0,-2,185,96,1
6,0,-2,73,91,1
7,0,-2,67,96,1
3,0,-2,187,106,1
2,0,-2,73,109,2
1,0,-2,75,98,2
0,0,-2,68,106,3
--- ---DELTA MATERIALIZED
patch_start,patch_end,offset,limit,count-ms,lookup-mus,results
0,1,0,-2,118,67,1
0,2,0,-2,128,68,2
0,3,0,-2,130,71,3
0,4,0,-2,66,80,5
0,5,0,-2,128,132,5
0,6,0,-2,122,135,6
0,7,0,-2,115,134,6
1,2,0,-2,124,65,1
1,3,0,-2,123,68,2
1,4,0,-2,59,72,4
1,5,0,-2,121,126,4
1,6,0,-2,115,129,5
1,7,0,-2,109,127,5
2,3,0,-2,134,64,1
2,4,0,-2,70,74,3
2,5,0,-2,132,124,3
2,6,0,-2,125,126,4
2,7,0,-2,120,124,4
3,4,0,-2,70,69,2
3,5,0,-2,130,123,2
3,6,0,-2,124,125,3
3,7,0,-2,120,124,3
4,5,0,-2,64,62,2
4,6,0,-2,59,64,3
4,7,0,-2,54,62,3
5,6,0,-2,117,58,1
5,7,0,-2,112,63,2
6,7,0,-2,106,63,3
--- ---VERSION
offset,limit,count-ms,lookup-mus,results
0,-2,65,197,8
---PATTERN START:  http://s.opencalais.com/1/linkeddata/pred/attribute/filingurl http://sec.gov/Archives/edgar/data/773840/0000930413-08-002454.txt .
--- ---VERSION MATERIALIZED
patch,offset,limit,count-ms,lookup-mus,results
4,0,-2,7,7,1
5,0,-2,173,86,1
6,0,-2,61,88,2
7,0,-2,59,88,2
3,0,-2,200,116,1
2,0,-2,89,118,2
1,0,-2,91,120,3
0,0,-2,90,120,4
--- ---DELTA MATERIALIZED
patch_start,patch_end,offset,limit,count-ms,lookup-mus,results
0,1,0,-2,167,110,1
0,2,0,-2,170,108,2
0,3,0,-2,165,111,3
0,4,0,-2,86,115,5
0,5,0,-2,139,177,5
0,6,0,-2,136,177,6
0,7,0,-2,137,177,6
1,2,0,-2,165,107,1
1,3,0,-2,167,109,2
1,4,0,-2,87,113,4
1,5,0,-2,139,171,4
1,6,0,-2,136,175,5
1,7,0,-2,136,177,5
2,3,0,-2,164,108,1
2,4,0,-2,85,111,3
2,5,0,-2,137,170,3
2,6,0,-2,137,170,4
2,7,0,-2,135,170,4
3,4,0,-2,86,106,2
3,5,0,-2,135,164,2
3,6,0,-2,136,167,3
3,7,0,-2,138,168,3
4,5,0,-2,56,63,2
4,6,0,-2,55,66,3
4,7,0,-2,55,67,3
5,6,0,-2,103,64,1
5,7,0,-2,105,67,2
6,7,0,-2,103,69,3
--- ---VERSION
offset,limit,count-ms,lookup-mus,results
0,-2,87,260,8
---PATTERN START:  http://www.w3.org/2004/02/skos/core#closeMatch http://lod.geospecies.org/orders/zyb2p .
--- ---VERSION MATERIALIZED
patch,offset,limit,count-ms,lookup-mus,results
4,0,-2,8,7,1
5,0,-2,179,152,1
6,0,-2,87,114,1
7,0,-2,83,114,1
3,0,-2,158,126,1
2,0,-2,72,98,1
1,0,-2,71,98,1
0,0,-2,71,97,1
--- ---DELTA MATERIALIZED
patch_start,patch_end,offset,limit,count-ms,lookup-mus,results
0,1,0,-2,132,59,0
0,2,0,-2,132,59,0
0,3,0,-2,131,56,0
0,4,0,-2,68,56,0
0,5,0,-2,144,120,0
0,6,0,-2,143,121,0
0,7,0,-2,144,120,0
1,2,0,-2,131,56,0
1,3,0,-2,131,56,0
1,4,0,-2,69,55,0
1,5,0,-2,144,120,0
1,6,0,-2,144,120,0
1,7,0,-2,143,122,0
2,3,0,-2,131,56,0
2,4,0,-2,68,55,0
2,5,0,-2,144,120,0
2,6,0,-2,144,120,0
2,7,0,-2,144,120,0
3,4,0,-2,68,55,0
3,5,0,-2,144,120,0
3,6,0,-2,144,120,0
3,7,0,-2,143,121,0
4,5,0,-2,79,66,0
4,6,0,-2,79,67,0
4,7,0,-2,79,66,0
5,6,0,-2,153,67,0
5,7,0,-2,154,67,0
6,7,0,-2,153,68,0
--- ---VERSION
offset,limit,count-ms,lookup-mus,results
0,-2,72,95,1
---PATTERN START:  http://www.purl.org/meducator/ns/repurposedFrom http://purl.org/meducator/resources/3b914b02-c0db-4902-9af0-f893312ccde1 .
--- ---VERSION MATERIALIZED
patch,offset,limit,count-ms,lookup-mus,results
4,0,-2,12,10,1
5,0,-2,232,145,1
6,0,-2,114,150,1
7,0,-2,99,155,1
3,0,-2,195,130,1
2,0,-2,81,131,2
1,0,-2,82,141,3
0,0,-2,80,131,4
--- ---DELTA MATERIALIZED
patch_start,patch_end,offset,limit,count-ms,lookup-mus,results
0,1,0,-2,148,101,1
0,2,0,-2,148,105,2
0,3,0,-2,152,105,3
0,4,0,-2,81,109,5
0,5,0,-2,178,204,5
0,6,0,-2,186,206,6
0,7,0,-2,175,208,6
1,2,0,-2,154,100,1
1,3,0,-2,154,103,2
1,4,0,-2,80,107,4
1,5,0,-2,177,198,4
1,6,0,-2,187,200,5
1,7,0,-2,177,201,5
2,3,0,-2,152,100,1
2,4,0,-2,81,104,3
2,5,0,-2,180,193,3
2,6,0,-2,185,197,4
2,7,0,-2,177,196,4
3,4,0,-2,77,96,2
3,5,0,-2,169,185,2
3,6,0,-2,178,186,3
3,7,0,-2,168,186,3
4,5,0,-2,99,90,2
4,6,0,-2,104,94,3
4,7,0,-2,93,94,3
5,6,0,-2,193,93,1
5,7,0,-2,184,93,2
6,7,0,-2,190,95,3
--- ---VERSION
offset,limit,count-ms,lookup-mus,results
0,-2,92,317,8
---PATTERN START:  http://www.w3.org/2002/07/owl#inverseOf http://www.loa-cnr.it/ontologies/DUL.owl#isTaskDefinedIn .
--- ---VERSION MATERIALIZED
patch,offset,limit,count-ms,lookup-mus,results
4,0,0,7,3,0
5,0,0,131,78,0
6,0,0,53,41,0
7,0,0,51,40,0
3,0,0,120,70,0
2,0,0,33,37,0
1,0,0,31,37,0
0,0,0,31,37,0
--- ---DELTA MATERIALIZED
patch_start,patch_end,offset,limit,count-ms,lookup-mus,results
0,1,0,0,53,16,0
0,2,0,0,53,14,0
0,3,0,0,52,14,0
0,4,0,0,29,13,0
0,5,0,0,76,28,0
0,6,0,0,84,30,0
0,7,0,0,74,28,0
1,2,0,0,53,14,0
1,3,0,0,53,14,0
1,4,0,0,29,13,0
1,5,0,0,75,28,0
1,6,0,0,74,27,0
1,7,0,0,74,29,0
2,3,0,0,53,14,0
2,4,0,0,30,14,0
2,5,0,0,76,28,0
2,6,0,0,75,28,0
2,7,0,0,75,27,0
3,4,0,0,28,13,0
3,5,0,0,75,28,0
3,6,0,0,75,29,0
3,7,0,0,74,28,0
4,5,0,0,49,16,0
4,6,0,0,51,17,0
4,7,0,0,50,16,0
5,6,0,0,95,18,0
5,7,0,0,94,18,0
6,7,0,0,96,18,0
--- ---VERSION
offset,limit,count-ms,lookup-mus,results
0,0,46,4,0
---PATTERN START:  http://www.w3.org/2000/01/rdf-schema#seeAlso http://www.bosatsu.net/foaf/brian.rdf .
--- ---VERSION MATERIALIZED
patch,offset,limit,count-ms,lookup-mus,results
4,0,-2,7,6,1
5,0,-2,344,253,1
6,0,-2,256,239,1
7,0,-2,224,238,1
3,0,-2,318,222,1
2,0,-2,202,243,1
1,0,-2,208,227,2
0,0,-2,214,226,3
--- ---DELTA MATERIALIZED
patch_start,patch_end,offset,limit,count-ms,lookup-mus,results
0,1,0,-2,387,317,1
0,2,0,-2,388,316,2
0,3,0,-2,384,317,3
0,4,0,-2,195,325,5
0,5,0,-2,428,589,5
0,6,0,-2,415,587,6
0,7,0,-2,388,525,6
1,2,0,-2,372,285,1
1,3,0,-2,371,289,2
1,4,0,-2,189,288,4
1,5,0,-2,408,519,4
1,6,0,-2,396,524,5
1,7,0,-2,376,523,5
2,3,0,-2,372,285,1
2,4,0,-2,188,286,3
2,5,0,-2,410,516,3
2,6,0,-2,395,518,4
2,7,0,-2,377,520,4
3,4,0,-2,189,284,2
3,5,0,-2,408,512,2
3,6,0,-2,395,515,3
3,7,0,-2,378,532,3
4,5,0,-2,226,243,2
4,6,0,-2,219,260,3
4,7,0,-2,208,263,3
5,6,0,-2,461,257,1
5,7,0,-2,460,258,2
6,7,0,-2,434,261,3
--- ---VERSION
offset,limit,count-ms,lookup-mus,results
0,-2,285,553,8
---PATTERN START:  http://xmlns.com/foaf/0.1/homepage http://zepheira.com/team/eric/#me .
--- ---VERSION MATERIALIZED
patch,offset,limit,count-ms,lookup-mus,results
4,0,-2,8,6,1
5,0,-2,329,241,1
6,0,-2,240,236,1
7,0,-2,197,196,1
3,0,-2,276,180,1
2,0,-2,155,196,1
1,0,-2,156,180,2
0,0,-2,160,184,3
--- ---DELTA MATERIALIZED
patch_start,patch_end,offset,limit,count-ms,lookup-mus,results
0,1,0,-2,305,248,1
0,2,0,-2,304,246,2
0,3,0,-2,299,244,3
0,4,0,-2,157,251,5
0,5,0,-2,361,489,5
0,6,0,-2,335,487,6
0,7,0,-2,313,488,6
1,2,0,-2,300,242,1
1,3,0,-2,300,246,2
1,4,0,-2,154,246,4
1,5,0,-2,358,440,4
1,6,0,-2,334,442,5
1,7,0,-2,311,441,5
2,3,0,-2,297,225,1
2,4,0,-2,152,223,3
2,5,0,-2,353,437,3
2,6,0,-2,332,439,4
2,7,0,-2,310,438,4
3,4,0,-2,152,221,2
3,5,0,-2,356,431,2
3,6,0,-2,334,435,3
3,7,0,-2,310,434,3
4,5,0,-2,205,212,2
4,6,0,-2,182,213,3
4,7,0,-2,160,213,3
5,6,0,-2,379,211,1
5,7,0,-2,359,212,2
6,7,0,-2,338,213,3
--- ---VERSION
offset,limit,count-ms,lookup-mus,results
0,-2,202,487,8
---PATTERN START:  http://www.gazettes-online.co.uk/ontology#hasAuthority http://www.london-gazette.co.uk/issues/59418/notices/1118001/page.htm .
--- ---VERSION MATERIALIZED
patch,offset,limit,count-ms,lookup-mus,results
4,0,-2,7,6,1
5,0,-2,205,127,1
6,0,-2,86,109,1
7,0,-2,85,112,1
3,0,-2,207,126,1
2,0,-2,86,115,1
1,0,-2,86,119,2
0,0,-2,85,122,3
--- ---DELTA MATERIALIZED
patch_start,patch_end,offset,limit,count-ms,lookup-mus,results
0,1,0,-2,159,118,3
0,2,0,-2,159,112,2
0,3,0,-2,158,113,2
0,4,0,-2,82,119,4
0,5,0,-2,158,190,4
0,6,0,-2,159,190,4
0,7,0,-2,160,191,4
1,2,0,-2,157,114,3
1,3,0,-2,158,113,1
1,4,0,-2,83,113,3
1,5,0,-2,160,187,3
1,6,0,-2,159,190,3
1,7,0,-2,159,189,3
2,3,0,-2,156,109,2
2,4,0,-2,82,114,2
2,5,0,-2,157,186,2
2,6,0,-2,157,188,2
2,7,0,-2,157,188,2
3,4,0,-2,81,107,2
3,5,0,-2,158,182,2
3,6,0,-2,157,180,2
3,7,0,-2,157,181,2
4,5,0,-2,80,76,2
4,6,0,-2,80,77,2
4,7,0,-2,80,77,2
5,6,0,-2,155,78,1
5,7,0,-2,155,80,3
6,7,0,-2,155,78,2
--- ---VERSION
offset,limit,count-ms,lookup-mus,results
0,-2,91,433,8
---PATTERN START:  http://www.w3.org/1999/02/22-rdf-syntax-ns#first http://www.loa-cnr.it/ontologies/DUL.owl#NaturalPerson .
--- ---VERSION MATERIALIZED
patch,offset,limit,count-ms,lookup-mus,results
4,0,-2,8,6,1
5,0,-2,233,188,1
6,0,-2,123,148,0
7,0,-2,110,119,0
3,0,-2,210,158,1
2,0,-2,97,133,1
1,0,-2,99,135,1
0,0,-2,100,136,2
--- ---DELTA MATERIALIZED
patch_start,patch_end,offset,limit,count-ms,lookup-mus,results
0,1,0,-2,184,110,1
0,2,0,-2,182,108,2
0,3,0,-2,184,110,3
0,4,0,-2,95,115,5
0,5,0,-2,194,202,5
0,6,0,-2,175,201,6
0,7,0,-2,168,201,6
1,2,0,-2,184,107,1
1,3,0,-2,183,108,2
1,4,0,-2,94,113,4
1,5,0,-2,194,192,4
1,6,0,-2,175,193,5
1,7,0,-2,170,200,5
2,3,0,-2,181,105,1
2,4,0,-2,94,108,3
2,5,0,-2,192,187,3
2,6,0,-2,175,190,4
2,7,0,-2,169,190,4
3,4,0,-2,94,104,2
3,5,0,-2,192,186,2
3,6,0,-2,175,187,3
3,7,0,-2,166,188,3
4,5,0,-2,102,83,2
4,6,0,-2,84,86,3
4,7,0,-2,76,86,3
5,6,0,-2,181,86,1
5,7,0,-2,173,87,2
6,7,0,-2,153,87,3
--- ---VERSION
offset,limit,count-ms,lookup-mus,results
0,-2,96,430,8
---PATTERN START:  http://www.w3.org/2002/07/owl#onProperty http://www.loa-cnr.it/ontologies/DUL.owl#concretelyExpresses .
--- ---VERSION MATERIALIZED
patch,offset,limit,count-ms,lookup-mus,results
4,0,-2,8,7,1
5,0,-2,214,168,1
6,0,-2,116,148,1
7,0,-2,100,139,1
3,0,-2,202,147,1
2,0,-2,92,145,1
1,0,-2,92,129,2
0,0,-2,90,131,3
--- ---DELTA MATERIALIZED
patch_start,patch_end,offset,limit,count-ms,lookup-mus,results
0,1,0,-2,174,106,1
0,2,0,-2,169,100,2
0,3,0,-2,168,102,3
0,4,0,-2,87,111,5
0,5,0,-2,181,189,5
0,6,0,-2,161,191,6
0,7,0,-2,155,190,6
1,2,0,-2,170,98,1
1,3,0,-2,169,108,2
1,4,0,-2,88,103,4
1,5,0,-2,182,185,4
1,6,0,-2,164,185,5
1,7,0,-2,153,184,5
2,3,0,-2,169,99,1
2,4,0,-2,88,99,3
2,5,0,-2,182,177,3
2,6,0,-2,160,181,4
2,7,0,-2,152,180,4
3,4,0,-2,87,97,2
3,5,0,-2,187,177,2
3,6,0,-2,160,177,3
3,7,0,-2,152,178,3
4,5,0,-2,97,81,2
4,6,0,-2,77,84,3
4,7,0,-2,69,85,3
5,6,0,-2,168,83,1
5,7,0,-2,162,83,2
6,7,0,-2,141,84,3
--- ---VERSION
offset,limit,count-ms,lookup-mus,results
0,-2,84,412,8
---PATTERN START:  http://www.w3.org/2002/07/owl#onProperty http://swrc.ontoware.org/ontology#note .
--- ---VERSION MATERIALIZED
patch,offset,limit,count-ms,lookup-mus,results
4,0,-2,7,9,1
5,0,-2,235,179,1
6,0,-2,108,178,1
7,0,-2,123,154,1
3,0,-2,204,171,1
2,0,-2,96,174,1
1,0,-2,98,160,2
0,0,-2,96,140,3
--- ---DELTA MATERIALIZED
patch_start,patch_end,offset,limit,count-ms,lookup-mus,results
0,1,0,-2,181,109,1
0,2,0,-2,180,106,3
0,3,0,-2,180,106,3
0,4,0,-2,93,112,5
0,5,0,-2,194,200,5
0,6,0,-2,194,204,5
0,7,0,-2,167,204,6
1,2,0,-2,180,106,2
1,3,0,-2,182,105,2
1,4,0,-2,93,108,4
1,5,0,-2,194,197,4
1,6,0,-2,196,196,4
1,7,0,-2,168,201,5
2,3,0,-2,180,105,2
2,4,0,-2,93,111,2
2,5,0,-2,193,199,2
2,6,0,-2,194,198,2
2,7,0,-2,167,201,3
3,4,0,-2,94,104,2
3,5,0,-2,192,190,2
3,6,0,-2,197,190,2
3,7,0,-2,167,192,3
4,5,0,-2,104,91,2
4,6,0,-2,106,90,2
4,7,0,-2,77,92,3
5,6,0,-2,203,91,1
5,7,0,-2,177,92,3
6,7,0,-2,176,92,2
--- ---VERSION
offset,limit,count-ms,lookup-mus,results
0,-2,90,449,8
---PATTERN START:  http://www.gazettes-online.co.uk/ontology#hasAuthority http://www.london-gazette.co.uk/issues/59418/notices/1118052/page.htm .
--- ---VERSION MATERIALIZED
patch,offset,limit,count-ms,lookup-mus,results
4,0,-2,7,6,1
5,0,-2,213,130,1
6,0,-2,90,129,1
7,0,-2,100,129,1
3,0,-2,207,132,1
2,0,-2,90,132,1
1,0,-2,90,134,2
0,0,-2,90,137,3
--- ---DELTA MATERIALIZED
patch_start,patch_end,offset,limit,count-ms,lookup-mus,results
0,1,0,-2,168,140,3
0,2,0,-2,170,124,2
0,3,0,-2,167,124,2
0,4,0,-2,88,129,4
0,5,0,-2,173,209,4
0,6,0,-2,171,210,4
0,7,0,-2,173,210,4
1,2,0,-2,167,125,3
1,3,0,-2,168,125,1
1,4,0,-2,87,125,3
1,5,0,-2,172,205,3
1,6,0,-2,172,206,3
1,7,0,-2,171,206,3
2,3,0,-2,169,124,2
2,4,0,-2,87,136,2
2,5,0,-2,170,208,2
2,6,0,-2,173,207,2
2,7,0,-2,170,208,2
3,4,0,-2,89,118,2
3,5,0,-2,170,195,2
3,6,0,-2,170,196,2
3,7,0,-2,171,196,2
4,5,0,-2,87,82,2
4,6,0,-2,87,82,2
4,7,0,-2,89,83,2
5,6,0,-2,168,82,1
5,7,0,-2,168,85,3
6,7,0,-2,171,83,2
--- ---VERSION
offset,limit,count-ms,lookup-mus,results
0,-2,87,442,8
---PATTERN START:  http://xmlns.com/foaf/0.1/knows http://zepheira.com/team/eric/#me .
--- ---VERSION MATERIALIZED
patch,offset,limit,count-ms,lookup-mus,results
4,0,-2,8,6,1
5,0,-2,152,138,1
6,0,-2,64,92,1
7,0,-2,61,92,1
3,0,-2,128,110,1
2,0,-2,44,75,1
1,0,-2,44,78,1
0,0,-2,46,75,1
--- ---DELTA MATERIALIZED
patch_start,patch_end,offset,limit,count-ms,lookup-mus,results
0,1,0,-2,79,36,0
0,2,0,-2,78,34,0
0,3,0,-2,78,34,0
0,4,0,-2,42,33,0
0,5,0,-2,97,81,0
0,6,0,-2,97,80,0
0,7,0,-2,96,79,0
1,2,0,-2,77,34,0
1,3,0,-2,76,33,0
1,4,0,-2,41,33,0
1,5,0,-2,95,81,0
1,6,0,-2,96,79,0
1,7,0,-2,96,79,0
2,3,0,-2,77,34,0
2,4,0,-2,41,32,0
2,5,0,-2,95,80,0
2,6,0,-2,98,79,0
2,7,0,-2,96,79,0
3,4,0,-2,41,33,0
3,5,0,-2,95,84,0
3,6,0,-2,96,82,0
3,7,0,-2,97,82,0
4,5,0,-2,58,50,0
4,6,0,-2,58,51,0
4,7,0,-2,58,51,0
5,6,0,-2,114,53,0
5,7,0,-2,113,53,0
6,7,0,-2,116,52,0
--- ---VERSION
offset,limit,count-ms,lookup-mus,results
0,-2,61,85,1
---PATTERN START:  http://xmlns.com/foaf/0.1/mbox mailto:em@zepheira.com .
--- ---VERSION MATERIALIZED
patch,offset,limit,count-ms,lookup-mus,results
4,0,-2,13,7,1
5,0,-2,210,134,1
6,0,-2,124,125,1
7,0,-2,118,118,1
3,0,-2,209,115,1
2,0,-2,88,129,1
1,0,-2,90,110,2
0,0,-2,89,111,3
--- ---DELTA MATERIALIZED
patch_start,patch_end,offset,limit,count-ms,lookup-mus,results
0,1,0,-2,171,115,1
0,2,0,-2,167,114,2
0,3,0,-2,167,115,3
0,4,0,-2,88,119,5
0,5,0,-2,179,217,5
0,6,0,-2,173,209,6
0,7,0,-2,167,208,6
1,2,0,-2,167,114,1
1,3,0,-2,166,114,2
1,4,0,-2,86,116,4
1,5,0,-2,177,204,4
1,6,0,-2,173,205,5
1,7,0,-2,165,207,5
2,3,0,-2,167,112,1
2,4,0,-2,86,113,3
2,5,0,-2,177,202,3
2,6,0,-2,172,202,4
2,7,0,-2,166,204,4
3,4,0,-2,86,111,2
3,5,0,-2,177,196,2
3,6,0,-2,173,199,3
3,7,0,-2,165,201,3
4,5,0,-2,95,89,2
4,6,0,-2,94,92,3
4,7,0,-2,84,91,3
5,6,0,-2,181,90,1
5,7,0,-2,173,93,2
6,7,0,-2,168,94,3
--- ---VERSION
offset,limit,count-ms,lookup-mus,results
0,-2,110,396,8
---PATTERN START:  http://www.w3.org/2002/07/owl#equivalentProperty http://swrc.ontoware.org/ontology#volume .
--- ---VERSION MATERIALIZED
patch,offset,limit,count-ms,lookup-mus,results
4,0,0,8,4,0
5,0,0,125,85,0
6,0,0,40,47,0
7,0,0,47,51,0
3,0,0,116,91,0
2,0,0,41,51,0
1,0,0,41,52,0
0,0,0,41,51,0
--- ---DELTA MATERIALIZED
patch_start,patch_end,offset,limit,count-ms,lookup-mus,results
0,1,0,0,72,19,0
0,2,0,0,71,16,0
0,3,0,0,72,17,0
0,4,0,0,38,16,0
0,5,0,0,71,30,0
0,6,0,0,72,30,0
0,7,0,0,71,30,0
1,2,0,0,70,16,0
1,3,0,0,70,16,0
1,4,0,0,37,16,0
1,5,0,0,71,30,0
1,6,0,0,74,29,0
1,7,0,0,71,30,0
2,3,0,0,71,16,0
2,4,0,0,38,15,0
2,5,0,0,70,29,0
2,6,0,0,71,30,0
2,7,0,0,71,30,0
3,4,0,0,38,15,0
3,5,0,0,71,29,0
3,6,0,0,74,30,0
3,7,0,0,71,29,0
4,5,0,0,37,16,0
4,6,0,0,37,16,0
4,7,0,0,37,16,0
5,6,0,0,68,17,0
5,7,0,0,68,17,0
6,7,0,0,68,17,0
--- ---VERSION
offset,limit,count-ms,lookup-mus,results
0,0,51,4,0
---PATTERN START:  http://s.opencalais.com/1/linkeddata/pred/attribute/filingurl http://sec.gov/Archives/edgar/data/1750/0001047469-08-008126.txt .
--- ---VERSION MATERIALIZED
patch,offset,limit,count-ms,lookup-mus,results
4,0,-2,13,7,1
5,0,-2,200,105,1
6,0,-2,78,97,1
7,0,-2,86,100,1
3,0,-2,208,111,1
2,0,-2,82,100,1
1,0,-2,65,97,2
0,0,-2,88,111,3
--- ---DELTA MATERIALIZED
patch_start,patch_end,offset,limit,count-ms,lookup-mus,results
0,1,0,-2,131,73,1
0,2,0,-2,134,72,2
0,3,0,-2,143,75,3
0,4,0,-2,71,84,5
0,5,0,-2,147,148,5
0,6,0,-2,133,148,6
0,7,0,-2,138,150,6
1,2,0,-2,124,71,1
1,3,0,-2,135,72,2
1,4,0,-2,63,76,4
1,5,0,-2,135,141,4
1,6,0,-2,124,141,5
1,7,0,-2,129,140,5
2,3,0,-2,137,71,1
2,4,0,-2,65,74,3
2,5,0,-2,138,138,3
2,6,0,-2,129,139,4
2,7,0,-2,133,139,4
3,4,0,-2,76,72,2
3,5,0,-2,146,136,2
3,6,0,-2,136,138,3
3,7,0,-2,142,137,3
4,5,0,-2,75,71,2
4,6,0,-2,65,73,3
4,7,0,-2,70,75,3
5,6,0,-2,134,69,1
5,7,0,-2,139,71,2
6,7,0,-2,130,73,3
--- ---VERSION
offset,limit,count-ms,lookup-mus,results
0,-2,78,189,8
---PATTERN START:  http://www.w3.org/2004/02/skos/core#broaderTransitive http://lod.geospecies.org/orders/zyb2p .
--- ---VERSION MATERIALIZED
patch,offset,limit,count-ms,lookup-mus,results
4,0,0,9,3,0
5,0,0,157,101,0
6,0,0,73,59,0
7,0,0,66,56,0
3,0,0,154,96,0
2,0,0,63,55,0
1,0,0,65,56,0
0,0,0,65,57,0
--- ---DELTA MATERIALIZED
patch_start,patch_end,offset,limit,count-ms,lookup-mus,results
0,1,0,0,120,28,0
0,2,0,0,118,25,0
0,3,0,0,118,25,0
0,4,0,0,61,25,0
0,5,0,0,118,47,0
0,6,0,0,120,47,0
0,7,0,0,118,46,0
1,2,0,0,117,25,0
1,3,0,0,118,25,0
1,4,0,0,61,24,0
1,5,0,0,118,49,0
1,6,0,0,118,46,0
1,7,0,0,118,46,0
2,3,0,0,118,25,0
2,4,0,0,61,24,0
2,5,0,0,117,46,0
2,6,0,0,119,46,0
2,7,0,0,117,46,0
3,4,0,0,62,24,0
3,5,0,0,118,46,0
3,6,0,0,118,47,0
3,7,0,0,119,46,0
4,5,0,0,61,24,0
4,6,0,0,61,25,0
4,7,0,0,60,24,0
5,6,0,0,116,25,0
5,7,0,0,116,25,0
6,7,0,0,116,25,0
--- ---VERSION
offset,limit,count-ms,lookup-mus,results
0,0,63,4,0
---PATTERN START:  http://rdf.geospecies.org/ont/geospecies#inOrder http://lod.geospecies.org/orders/zyb2p .
--- ---VERSION MATERIALIZED
patch,offset,limit,count-ms,lookup-mus,results
4,0,0,7,3,0
5,0,0,121,97,0
6,0,0,44,45,0
7,0,0,49,50,0
3,0,0,121,83,0
2,0,0,36,37,0
1,0,0,36,37,0
0,0,0,36,38,0
--- ---DELTA MATERIALIZED
patch_start,patch_end,offset,limit,count-ms,lookup-mus,results
0,1,0,0,62,12,0
0,2,0,0,60,10,0
0,3,0,0,60,10,0
0,4,0,0,32,10,0
0,5,0,0,70,20,0
0,6,0,0,68,19,0
0,7,0,0,67,18,0
1,2,0,0,60,10,0
1,3,0,0,60,10,0
1,4,0,0,32,10,0
1,5,0,0,68,18,0
1,6,0,0,67,18,0
1,7,0,0,67,18,0
2,3,0,0,60,10,0
2,4,0,0,33,10,0
2,5,0,0,71,19,0
2,6,0,0,70,19,0
2,7,0,0,67,18,0
3,4,0,0,32,10,0
3,5,0,0,67,18,0
3,6,0,0,67,20,0
3,7,0,0,67,19,0
4,5,0,0,38,10,0
4,6,0,0,39,10,0
4,7,0,0,39,10,0
5,6,0,0,75,11,0
5,7,0,0,73,12,0
6,7,0,0,72,11,0
--- ---VERSION
offset,limit,count-ms,lookup-mus,results
0,0,39,4,0
---PATTERN START:  http://www.w3.org/2002/07/owl#onProperty http://www.loa-cnr.it/ontologies/DUL.owl#isTaskDefinedIn .
--- ---VERSION MATERIALIZED
patch,offset,limit,count-ms,lookup-mus,results
4,0,-2,7,6,1
5,0,-2,227,159,1
6,0,-2,117,147,1
7,0,-2,106,139,1
3,0,-2,221,165,1
2,0,-2,95,149,1
1,0,-2,96,139,2
0,0,-2,97,139,3
--- ---DELTA MATERIALIZED
patch_start,patch_end,offset,limit,count-ms,lookup-mus,results
0,1,0,-2,180,105,1
0,2,0,-2,179,107,2
0,3,0,-2,179,105,3
0,4,0,-2,93,109,5
0,5,0,-2,183,185,5
0,6,0,-2,169,188,6
0,7,0,-2,160,189,6
1,2,0,-2,177,102,1
1,3,0,-2,179,105,2
1,4,0,-2,91,110,4
1,5,0,-2,183,182,4
1,6,0,-2,167,183,5
1,7,0,-2,160,183,5
2,3,0,-2,179,102,1
2,4,0,-2,91,105,3
2,5,0,-2,189,177,3
2,6,0,-2,167,179,4
2,7,0,-2,161,179,4
3,4,0,-2,92,101,2
3,5,0,-2,183,173,2
3,6,0,-2,168,176,3
3,7,0,-2,159,176,3
4,5,0,-2,93,77,2
4,6,0,-2,79,78,3
4,7,0,-2,72,78,3
5,6,0,-2,167,78,1
5,7,0,-2,158,80,2
6,7,0,-2,146,79,3
--- ---VERSION
offset,limit,count-ms,lookup-mus,results
0,-2,84,409,8
---PATTERN START:  http://www.w3.org/1999/02/22-rdf-syntax-ns#first http://purl.org/net/provenance/files#usedGuidelineFile .
--- ---VERSION MATERIALIZED
patch,offset,limit,count-ms,lookup-mus,results
4,0,-2,6,6,1
5,0,-2,219,129,1
6,0,-2,121,133,1
7,0,-2,113,116,1
3,0,-2,205,123,1
2,0,-2,87,127,1
1,0,-2,87,115,2
0,0,-2,88,116,3
--- ---DELTA MATERIALIZED
patch_start,patch_end,offset,limit,count-ms,lookup-mus,results
0,1,0,-2,162,106,1
0,2,0,-2,163,106,2
0,3,0,-2,161,107,3
0,4,0,-2,85,111,5
0,5,0,-2,168,189,5
0,6,0,-2,162,191,6
0,7,0,-2,152,195,6
1,2,0,-2,160,106,1
1,3,0,-2,161,105,2
1,4,0,-2,83,109,4
1,5,0,-2,166,187,4
1,6,0,-2,159,190,5
1,7,0,-2,152,188,5
2,3,0,-2,162,103,1
2,4,0,-2,83,108,3
2,5,0,-2,165,183,3
2,6,0,-2,160,185,4
2,7,0,-2,153,185,4
3,4,0,-2,83,102,2
3,5,0,-2,164,179,2
3,6,0,-2,160,182,3
3,7,0,-2,151,182,3
4,5,0,-2,86,82,2
4,6,0,-2,80,82,3
4,7,0,-2,74,81,3
5,6,0,-2,160,81,1
5,7,0,-2,152,82,2
6,7,0,-2,149,82,3
--- ---VERSION
offset,limit,count-ms,lookup-mus,results
0,-2,90,384,8
---PATTERN START:  http://www.w3.org/2000/01/rdf-schema#seeAlso http://diskpig.org/blog .
--- ---VERSION MATERIALIZED
patch,offset,limit,count-ms,lookup-mus,results
4,0,-2,7,6,1
5,0,-2,281,177,1
6,0,-2,183,180,0
7,0,-2,168,170,0
3,0,-2,296,178,1
2,0,-2,171,175,1
1,0,-2,161,181,2
0,0,-2,164,196,0
--- ---DELTA MATERIALIZED
patch_start,patch_end,offset,limit,count-ms,lookup-mus,results
0,1,0,-2,312,226,1
0,2,0,-2,319,225,2
0,3,0,-2,316,226,3
0,4,0,-2,163,229,5
0,5,0,-2,315,384,5
0,6,0,-2,302,385,6
0,7,0,-2,288,388,6
1,2,0,-2,310,227,1
1,3,0,-2,315,224,2
1,4,0,-2,159,230,4
1,5,0,-2,306,370,4
1,6,0,-2,298,368,5
1,7,0,-2,294,368,5
2,3,0,-2,306,214,1
2,4,0,-2,156,216,3
2,5,0,-2,305,363,3
2,6,0,-2,298,365,4
2,7,0,-2,285,366,4
3,4,0,-2,156,214,2
3,5,0,-2,304,360,2
3,6,0,-2,297,363,3
3,7,0,-2,284,362,3
4,5,0,-2,150,148,2
4,6,0,-2,142,152,3
4,7,0,-2,130,150,3
5,6,0,-2,285,148,1
5,7,0,-2,275,150,2
6,7,0,-2,265,152,3
--- ---VERSION
offset,limit,count-ms,lookup-mus,results
0,-2,209,486,8
---PATTERN START:  http://www.w3.org/2002/07/owl#onProperty http://swrc.ontoware.org/ontology#source .
--- ---VERSION MATERIALIZED
patch,offset,limit,count-ms,lookup-mus,results
4,0,-2,7,6,1
5,0,-2,213,155,1
6,0,-2,98,149,1
7,0,-2,112,133,1
3,0,-2,200,146,1
2,0,-2,89,144,1
1,0,-2,90,140,2
0,0,-2,92,126,3
--- ---DELTA MATERIALIZED
patch_start,patch_end,offset,limit,count-ms,lookup-mus,results
0,1,0,-2,171,115,1
0,2,0,-2,167,102,3
0,3,0,-2,166,103,3
0,4,0,-2,88,106,5
0,5,0,-2,175,185,5
0,6,0,-2,174,186,5
0,7,0,-2,154,188,6
1,2,0,-2,167,101,2
1,3,0,-2,170,100,2
1,4,0,-2,87,103,4
1,5,0,-2,174,180,4
1,6,0,-2,176,181,4
1,7,0,-2,156,184,5
2,3,0,-2,167,101,2
2,4,0,-2,87,106,2
2,5,0,-2,174,181,2
2,6,0,-2,176,183,2
2,7,0,-2,154,185,3
3,4,0,-2,86,98,2
3,5,0,-2,175,174,2
3,6,0,-2,175,174,2
3,7,0,-2,156,177,3
4,5,0,-2,92,79,2
4,6,0,-2,91,80,2
4,7,0,-2,72,83,3
5,6,0,-2,179,82,1
5,7,0,-2,158,82,3
6,7,0,-2,159,81,2
--- ---VERSION
offset,limit,count-ms,lookup-mus,results
0,-2,90,450,8
---PATTERN START:  http://www.gazettes-online.co.uk/ontology#isAboutDocument http://www.gazettes-online.co.uk/ontology/legislation#TheCamden(WaitingandLoadingRestrictions)(AmendmentNo.*240*)TrafficOrder2010 .
--- ---VERSION MATERIALIZED
patch,offset,limit,count-ms,lookup-mus,results
4,0,-2,7,7,1
5,0,-2,277,204,1
6,0,-2,147,213,1
7,0,-2,146,203,1
3,0,-2,278,209,1
2,0,-2,153,208,1
1,0,-2,153,212,2
0,0,-2,156,213,3
--- ---DELTA MATERIALIZED
patch_start,patch_end,offset,limit,count-ms,lookup-mus,results
0,1,0,-2,300,198,3
0,2,0,-2,305,198,2
0,3,0,-2,312,198,2
0,4,0,-2,160,204,4
0,5,0,-2,304,342,4
0,6,0,-2,305,341,4
0,7,0,-2,301,345,4
1,2,0,-2,302,200,3
1,3,0,-2,313,199,1
1,4,0,-2,158,203,3
1,5,0,-2,305,340,3
1,6,0,-2,297,339,3
1,7,0,-2,297,341,3
2,3,0,-2,304,202,2
2,4,0,-2,156,215,2
2,5,0,-2,306,352,2
2,6,0,-2,298,354,2
2,7,0,-2,300,343,2
3,4,0,-2,154,190,2
3,5,0,-2,292,322,2
3,6,0,-2,294,324,2
3,7,0,-2,295,321,2
4,5,0,-2,143,137,2
4,6,0,-2,143,136,2
4,7,0,-2,142,137,2
5,6,0,-2,278,136,1
5,7,0,-2,277,138,3
6,7,0,-2,278,137,2
--- ---VERSION
offset,limit,count-ms,lookup-mus,results
0,-2,169,566,8
---PATTERN START:  http://www.w3.org/2000/01/rdf-schema#seeAlso http://ontrenet.com/ .
--- ---VERSION MATERIALIZED
patch,offset,limit,count-ms,lookup-mus,results
4,0,-2,7,6,1
5,0,-2,272,209,0
6,0,-2,189,189,0
7,0,-2,170,173,0
3,0,-2,279,172,0
2,0,-2,156,190,0
1,0,-2,160,192,0
0,0,-2,156,191,0
--- ---DELTA MATERIALIZED
patch_start,patch_end,offset,limit,count-ms,lookup-mus,results
0,1,0,-2,301,224,1
0,2,0,-2,296,225,2
0,3,0,-2,296,225,3
0,4,0,-2,153,231,5
0,5,0,-2,300,382,5
0,6,0,-2,292,381,6
0,7,0,-2,284,382,6
1,2,0,-2,299,223,1
1,3,0,-2,297,226,2
1,4,0,-2,152,226,4
1,5,0,-2,299,379,4
1,6,0,-2,290,375,5
1,7,0,-2,278,373,5
2,3,0,-2,296,220,1
2,4,0,-2,149,221,3
2,5,0,-2,296,369,3
2,6,0,-2,289,369,4
2,7,0,-2,280,369,4
3,4,0,-2,149,220,2
3,5,0,-2,295,365,2
3,6,0,-2,289,366,3
3,7,0,-2,279,366,3
4,5,0,-2,147,147,2
4,6,0,-2,142,149,3
4,7,0,-2,130,150,3
5,6,0,-2,300,147,1
5,7,0,-2,274,148,2
6,7,0,-2,267,150,3
--- ---VERSION
offset,limit,count-ms,lookup-mus,results
0,-2,189,483,8
---PATTERN START:  http://www.w3.org/2002/07/owl#inverseOf http://www.loa-cnr.it/ontologies/DUL.owl#parametrizes .
--- ---VERSION MATERIALIZED
patch,offset,limit,count-ms,lookup-mus,results
4,0,-2,7,6,1
5,0,-2,133,124,1
6,0,-2,58,86,1
7,0,-2,52,83,1
3,0,-2,113,110,1
2,0,-2,33,76,1
1,0,-2,31,75,1
0,0,-2,32,78,1
--- ---DELTA MATERIALIZED
patch_start,patch_end,offset,limit,count-ms,lookup-mus,results
0,1,0,-2,53,27,0
0,2,0,-2,54,25,0
0,3,0,-2,53,24,0
0,4,0,-2,29,24,0
0,5,0,-2,77,62,0
0,6,0,-2,74,62,0
0,7,0,-2,74,62,0
1,2,0,-2,54,24,0
1,3,0,-2,51,24,0
1,4,0,-2,28,24,0
1,5,0,-2,76,62,0
1,6,0,-2,74,62,0
1,7,0,-2,73,62,0
2,3,0,-2,52,24,0
2,4,0,-2,29,23,0
2,5,0,-2,78,63,0
2,6,0,-2,75,62,0
2,7,0,-2,74,62,0
3,4,0,-2,28,23,0
3,5,0,-2,74,63,0
3,6,0,-2,73,62,0
3,7,0,-2,73,65,0
4,5,0,-2,49,39,0
4,6,0,-2,49,42,0
4,7,0,-2,48,41,0
5,6,0,-2,95,41,0
5,7,0,-2,96,42,0
6,7,0,-2,96,42,0
--- ---VERSION
offset,limit,count-ms,lookup-mus,results
0,-2,47,68,1
---PATTERN START:  http://www.w3.org/2000/01/rdf-schema#seeAlso http://www.softwarememetics.com/about_us.html .
--- ---VERSION MATERIALIZED
patch,offset,limit,count-ms,lookup-mus,results
4,0,-2,6,12,1
5,0,-2,321,235,1
6,0,-2,217,228,1
7,0,-2,194,197,1
3,0,-2,332,250,1
2,0,-2,215,246,1
1,0,-2,217,233,2
0,0,-2,218,240,3
--- ---DELTA MATERIALIZED
patch_start,patch_end,offset,limit,count-ms,lookup-mus,results
0,1,0,-2,391,303,1
0,2,0,-2,406,294,2
0,3,0,-2,411,299,3
0,4,0,-2,206,311,5
0,5,0,-2,397,528,5
0,6,0,-2,378,535,6
0,7,0,-2,365,530,6
1,2,0,-2,393,295,1
1,3,0,-2,403,297,2
1,4,0,-2,211,310,4
1,5,0,-2,408,485,4
1,6,0,-2,373,488,5
1,7,0,-2,352,489,5
2,3,0,-2,394,273,1
2,4,0,-2,198,276,3
2,5,0,-2,392,482,3
2,6,0,-2,373,486,4
2,7,0,-2,352,483,4
3,4,0,-2,198,273,2
3,5,0,-2,394,476,2
3,6,0,-2,373,480,3
3,7,0,-2,351,481,3
4,5,0,-2,195,204,2
4,6,0,-2,176,208,3
4,7,0,-2,155,209,3
5,6,0,-2,364,205,1
5,7,0,-2,345,206,2
6,7,0,-2,328,207,3
--- ---VERSION
offset,limit,count-ms,lookup-mus,results
0,-2,239,546,8
---PATTERN START:  http://www.w3.org/2004/02/skos/core#relatedMatch http://lod.geospecies.org/orders/ywWNa .
--- ---VERSION MATERIALIZED
patch,offset,limit,count-ms,lookup-mus,results
4,0,-2,7,5,1
5,0,-2,144,157,1
6,0,-2,56,115,1
7,0,-2,56,123,1
3,0,-2,104,114,1
2,0,-2,26,81,1
1,0,-2,26,81,1
0,0,-2,25,80,1
--- ---DELTA MATERIALIZED
patch_start,patch_end,offset,limit,count-ms,lookup-mus,results
0,1,0,-2,43,20,0
0,2,0,-2,42,19,0
0,3,0,-2,42,20,0
0,4,0,-2,23,18,0
0,5,0,-2,74,61,0
0,6,0,-2,73,62,0
0,7,0,-2,73,61,0
1,2,0,-2,42,19,0
1,3,0,-2,42,19,0
1,4,0,-2,23,19,0
1,5,0,-2,73,63,0
1,6,0,-2,74,62,0
1,7,0,-2,73,63,0
2,3,0,-2,43,19,0
2,4,0,-2,23,18,0
2,5,0,-2,73,61,0
2,6,0,-2,73,61,0
2,7,0,-2,73,63,0
3,4,0,-2,23,20,0
3,5,0,-2,73,61,0
3,6,0,-2,73,61,0
3,7,0,-2,73,63,0
4,5,0,-2,52,44,0
4,6,0,-2,52,44,0
4,7,0,-2,53,45,0
5,6,0,-2,102,45,0
5,7,0,-2,101,45,0
6,7,0,-2,100,45,0
--- ---VERSION
offset,limit,count-ms,lookup-mus,results
0,-2,42,83,1
---PATTERN START:  http://www.w3.org/2004/02/skos/core#broaderTransitive http://lod.geospecies.org/orders/ywWNa .
--- ---VERSION MATERIALIZED
patch,offset,limit,count-ms,lookup-mus,results
4,0,0,8,3,0
5,0,0,154,108,0
6,0,0,62,50,0
7,0,0,61,50,0
3,0,0,154,95,0
2,0,0,62,49,0
1,0,0,62,57,0
0,0,0,66,50,0
--- ---DELTA MATERIALIZED
patch_start,patch_end,offset,limit,count-ms,lookup-mus,results
0,1,0,0,112,24,0
0,2,0,0,110,21,0
0,3,0,0,110,21,0
0,4,0,0,57,21,0
0,5,0,0,111,39,0
0,6,0,0,113,40,0
0,7,0,0,110,40,0
1,2,0,0,110,21,0
1,3,0,0,111,21,0
1,4,0,0,58,21,0
1,5,0,0,111,39,0
1,6,0,0,112,40,0
1,7,0,0,111,40,0
2,3,0,0,110,22,0
2,4,0,0,57,21,0
2,5,0,0,111,40,0
2,6,0,0,110,42,0
2,7,0,0,111,42,0
3,4,0,0,58,21,0
3,5,0,0,112,40,0
3,6,0,0,111,40,0
3,7,0,0,111,41,0
4,5,0,0,57,21,0
4,6,0,0,57,21,0
4,7,0,0,57,21,0
5,6,0,0,110,22,0
5,7,0,0,109,22,0
6,7,0,0,110,22,0
--- ---VERSION
offset,limit,count-ms,lookup-mus,results
0,0,59,3,0
---PATTERN START:  http://www.w3.org/2002/07/owl#onProperty http://www.loa-cnr.it/ontologies/DUL.owl#parametrizes .
--- ---VERSION MATERIALIZED
patch,offset,limit,count-ms,lookup-mus,results
4,0,-2,7,6,1
5,0,-2,232,178,1
6,0,-2,117,151,1
7,0,-2,109,143,1
3,0,-2,199,150,1
2,0,-2,89,137,1
1,0,-2,89,126,2
0,0,-2,91,129,3
--- ---DELTA MATERIALIZED
patch_start,patch_end,offset,limit,count-ms,lookup-mus,results
0,1,0,-2,167,103,1
0,2,0,-2,165,104,2
0,3,0,-2,164,108,3
0,4,0,-2,85,109,5
0,5,0,-2,180,189,5
0,6,0,-2,159,190,6
0,7,0,-2,152,188,6
1,2,0,-2,166,100,1
1,3,0,-2,966,102,2
1,4,0,-2,86,104,4
1,5,0,-2,182,181,4
1,6,0,-2,161,184,5
1,7,0,-2,153,185,5
2,3,0,-2,164,100,1
2,4,0,-2,87,102,3
2,5,0,-2,179,176,3
2,6,0,-2,163,181,4
2,7,0,-2,151,181,4
3,4,0,-2,84,99,2
3,5,0,-2,181,173,2
3,6,0,-2,160,176,3
3,7,0,-2,155,179,3
4,5,0,-2,97,80,2
4,6,0,-2,79,85,3
4,7,0,-2,71,83,3
5,6,0,-2,175,82,1
5,7,0,-2,164,84,2
6,7,0,-2,144,85,3
--- ---VERSION
offset,limit,count-ms,lookup-mus,results
0,-2,86,417,8
---PATTERN START:  http://www.w3.org/2004/02/skos/core#closeMatch http://lod.geospecies.org/orders/ywWNa .
--- ---VERSION MATERIALIZED
patch,offset,limit,count-ms,lookup-mus,results
4,0,0,7,2,0
5,0,0,182,87,0
6,0,0,81,55,0
7,0,0,79,55,0
3,0,0,168,86,0
2,0,0,68,54,0
1,0,0,68,54,0
0,0,0,67,54,0
--- ---DELTA MATERIALIZED
patch_start,patch_end,offset,limit,count-ms,lookup-mus,results
0,1,0,0,124,29,0
0,2,0,0,125,28,0
0,3,0,0,124,30,0
0,4,0,0,69,27,0
0,5,0,0,137,53,0
0,6,0,0,136,52,0
0,7,0,0,139,52,0
1,2,0,0,124,28,0
1,3,0,0,124,28,0
1,4,0,0,64,27,0
1,5,0,0,136,52,0
1,6,0,0,137,53,0
1,7,0,0,136,52,0
2,3,0,0,123,28,0
2,4,0,0,64,27,0
2,5,0,0,136,53,0
2,6,0,0,137,52,0
2,7,0,0,136,52,0
3,4,0,0,64,27,0
3,5,0,0,136,54,0
3,6,0,0,136,54,0
3,7,0,0,136,52,0
4,5,0,0,75,27,0
4,6,0,0,75,27,0
4,7,0,0,76,27,0
5,6,0,0,147,28,0
5,7,0,0,148,28,0
6,7,0,0,147,28,0
--- ---VERSION
offset,limit,count-ms,lookup-mus,results
0,0,69,3,0
---PATTERN START:  http://www.gazettes-online.co.uk/ontology#isAboutDocument http://www.gazettes-online.co.uk/ontology/legislation#them53motorway(junction1,northboundandsouthboundcarriagewaysandsouthboundentrysliproad)(temporaryprohibitionandrestrictionoftraffic)order2010 .
--- ---VERSION MATERIALIZED
patch,offset,limit,count-ms,lookup-mus,results
4,0,-2,6,6,1
5,0,-2,226,167,1
6,0,-2,99,176,1
7,0,-2,98,166,1
3,0,-2,241,180,1
2,0,-2,134,180,1
1,0,-2,116,182,2
0,0,-2,116,193,3
--- ---DELTA MATERIALIZED
patch_start,patch_end,offset,limit,count-ms,lookup-mus,results
0,1,0,-2,227,136,3
0,2,0,-2,229,135,2
0,3,0,-2,233,133,2
0,4,0,-2,120,136,4
0,5,0,-2,215,211,4
0,6,0,-2,210,213,4
0,7,0,-2,208,215,4
1,2,0,-2,229,135,3
1,3,0,-2,232,133,1
1,4,0,-2,118,134,3
1,5,0,-2,211,212,3
1,6,0,-2,206,210,3
1,7,0,-2,208,210,3
2,3,0,-2,225,133,2
2,4,0,-2,119,142,2
2,5,0,-2,211,214,2
2,6,0,-2,207,211,2
2,7,0,-2,207,209,2
3,4,0,-2,115,126,2
3,5,0,-2,208,198,2
3,6,0,-2,207,199,2
3,7,0,-2,208,199,2
4,5,0,-2,97,75,2
4,6,0,-2,95,76,2
4,7,0,-2,98,79,2
5,6,0,-2,184,79,1
5,7,0,-2,184,80,3
6,7,0,-2,185,79,2
--- ---VERSION
offset,limit,count-ms,lookup-mus,results
0,-2,107,501,8
---PATTERN START:  http://www.gazettes-online.co.uk/ontology#hasAuthoriser http://www.london-gazette.co.uk/id/issues/59418/notices/1117988#authoriser001 .
--- ---VERSION MATERIALIZED
patch,offset,limit,count-ms,lookup-mus,results
4,0,-2,6,6,1
5,0,-2,226,174,1
6,0,-2,99,154,1
7,0,-2,99,154,1
3,0,-2,221,149,1
2,0,-2,94,144,1
1,0,-2,93,145,2
0,0,-2,91,147,3
--- ---DELTA MATERIALIZED
patch_start,patch_end,offset,limit,count-ms,lookup-mus,results
0,1,0,-2,176,126,3
0,2,0,-2,174,123,2
0,3,0,-2,176,124,2
0,4,0,-2,89,126,4
0,5,0,-2,183,212,4
0,6,0,-2,181,213,4
0,7,0,-2,183,212,4
1,2,0,-2,173,123,3
1,3,0,-2,172,122,1
1,4,0,-2,90,130,3
1,5,0,-2,186,205,3
1,6,0,-2,182,207,3
1,7,0,-2,182,209,3
2,3,0,-2,171,122,2
2,4,0,-2,90,128,2
2,5,0,-2,182,208,2
2,6,0,-2,182,214,2
2,7,0,-2,181,204,2
3,4,0,-2,88,117,2
3,5,0,-2,183,195,2
3,6,0,-2,180,196,2
3,7,0,-2,181,197,2
4,5,0,-2,96,82,2
4,6,0,-2,95,84,2
4,7,0,-2,96,89,2
5,6,0,-2,191,83,1
5,7,0,-2,186,86,3
6,7,0,-2,188,86,2
--- ---VERSION
offset,limit,count-ms,lookup-mus,results
0,-2,97,476,8
