---PATTERN START: http://aigp.csres.utexas.edu/~aigp/researcher/show/3470   .
--- ---VERSION MATERIALIZED
patch,offset,limit,count-ms,lookup-mus,results
4,0,-2,5,20,6
5,0,-2,406,564,6
6,0,-2,336,562,6
7,0,-2,334,563,6
3,0,-2,316,633,6
2,0,-2,262,620,6
1,0,-2,265,626,9
0,0,-2,265,631,12
--- ---DELTA MATERIALIZED
patch_start,patch_end,offset,limit,count-ms,lookup-mus,results
0,1,0,-2,516,464,9
0,2,0,-2,514,460,6
0,3,0,-2,513,462,6
0,4,0,-2,264,475,12
0,5,0,-2,591,874,12
0,6,0,-2,597,870,12
0,7,0,-2,594,873,12
1,2,0,-2,526,464,9
1,3,0,-2,520,461,3
1,4,0,-2,263,467,9
1,5,0,-2,590,856,9
1,6,0,-2,589,857,9
1,7,0,-2,591,859,9
2,3,0,-2,514,460,6
2,4,0,-2,262,488,6
2,5,0,-2,586,869,6
2,6,0,-2,589,872,6
2,7,0,-2,588,878,6
3,4,0,-2,260,456,6
3,5,0,-2,587,852,6
3,6,0,-2,587,840,6
3,7,0,-2,588,846,6
4,5,0,-2,331,392,6
4,6,0,-2,331,393,6
4,7,0,-2,331,401,6
5,6,0,-2,652,391,3
5,7,0,-2,653,395,9
6,7,0,-2,650,389,6
--- ---VERSION
offset,limit,count-ms,lookup-mus,results
0,-2,439,1320,27
---PATTERN START: http://bnb.data.bl.uk/doc/resource/006893251.html?_metadata=all,views,formats,execution,bindings&_view=publicationViewer   .
--- ---VERSION MATERIALIZED
patch,offset,limit,count-ms,lookup-mus,results
4,0,-2,6,23,8
5,0,-2,187,326,8
6,0,-2,127,314,8
7,0,-2,128,316,8
3,0,-2,178,330,8
2,0,-2,107,328,8
1,0,-2,107,350,10
0,0,-2,111,352,12
--- ---DELTA MATERIALIZED
patch_start,patch_end,offset,limit,count-ms,lookup-mus,results
0,1,0,-2,208,201,6
0,2,0,-2,205,191,4
0,3,0,-2,205,195,4
0,4,0,-2,106,200,8
0,5,0,-2,231,352,8
0,6,0,-2,226,354,8
0,7,0,-2,227,355,8
1,2,0,-2,205,194,6
1,3,0,-2,204,188,2
1,4,0,-2,105,197,6
1,5,0,-2,230,342,6
1,6,0,-2,229,343,6
1,7,0,-2,225,347,6
2,3,0,-2,200,190,4
2,4,0,-2,104,202,4
2,5,0,-2,228,346,4
2,6,0,-2,227,347,4
2,7,0,-2,224,350,4
3,4,0,-2,103,186,4
3,5,0,-2,230,332,4
3,6,0,-2,226,336,4
3,7,0,-2,225,336,4
4,5,0,-2,127,154,4
4,6,0,-2,126,157,4
4,7,0,-2,127,158,4
5,6,0,-2,249,156,2
5,7,0,-2,248,163,6
6,7,0,-2,251,160,4
--- ---VERSION
offset,limit,count-ms,lookup-mus,results
0,-2,150,676,22
---PATTERN START: http://berrueta.net/main/about-me-and-this-site#twitterAccount   .
--- ---VERSION MATERIALIZED
patch,offset,limit,count-ms,lookup-mus,results
4,0,-2,5,14,5
5,0,-2,267,301,5
6,0,-2,188,310,5
7,0,-2,187,300,5
3,0,-2,208,315,5
2,0,-2,152,317,5
1,0,-2,153,316,7
0,0,-2,156,320,9
--- ---DELTA MATERIALIZED
patch_start,patch_end,offset,limit,count-ms,lookup-mus,results
0,1,0,-2,293,253,6
0,2,0,-2,292,249,4
0,3,0,-2,293,249,4
0,4,0,-2,149,254,8
0,5,0,-2,333,468,8
0,6,0,-2,335,474,8
0,7,0,-2,336,473,8
1,2,0,-2,298,253,6
1,3,0,-2,296,251,2
1,4,0,-2,151,254,6
1,5,0,-2,339,463,6
1,6,0,-2,336,467,6
1,7,0,-2,335,464,6
2,3,0,-2,295,253,4
2,4,0,-2,150,281,4
2,5,0,-2,337,486,4
2,6,0,-2,332,486,4
2,7,0,-2,331,490,4
3,4,0,-2,150,247,4
3,5,0,-2,338,455,4
3,6,0,-2,1152,461,4
3,7,0,-2,342,460,4
4,5,0,-2,185,220,4
4,6,0,-2,186,213,4
4,7,0,-2,188,217,4
5,6,0,-2,373,215,2
5,7,0,-2,369,220,6
6,7,0,-2,371,219,4
--- ---VERSION
offset,limit,count-ms,lookup-mus,results
0,-2,237,591,19
---PATTERN START: http://dublincore.org   .
--- ---VERSION MATERIALIZED
patch,offset,limit,count-ms,lookup-mus,results
4,0,-2,8,29,9
5,0,-2,282,473,9
6,0,-2,178,467,11
7,0,-2,150,434,11
3,0,-2,241,426,9
2,0,-2,153,411,9
1,0,-2,156,356,13
0,0,-2,157,378,15
--- ---DELTA MATERIALIZED
patch_start,patch_end,offset,limit,count-ms,lookup-mus,results
0,1,0,-2,303,248,2
0,2,0,-2,302,247,4
0,3,0,-2,299,254,8
0,4,0,-2,153,261,12
0,5,0,-2,345,503,12
0,6,0,-2,334,515,14
0,7,0,-2,297,512,14
1,2,0,-2,298,246,2
1,3,0,-2,300,252,6
1,4,0,-2,153,256,10
1,5,0,-2,346,495,10
1,6,0,-2,326,496,12
1,7,0,-2,295,493,12
2,3,0,-2,292,245,4
2,4,0,-2,148,258,8
2,5,0,-2,329,479,8
2,6,0,-2,310,484,10
2,7,0,-2,289,493,10
3,4,0,-2,147,239,4
3,5,0,-2,332,465,4
3,6,0,-2,309,474,8
3,7,0,-2,288,476,8
4,5,0,-2,186,239,4
4,6,0,-2,166,237,8
4,7,0,-2,145,241,8
5,6,0,-2,345,235,4
5,7,0,-2,325,238,6
6,7,0,-2,305,248,6
--- ---VERSION
offset,limit,count-ms,lookup-mus,results
0,-2,235,870,25
---PATTERN START: http://aigp.csres.utexas.edu/~aigp/researcher/show/103   .
--- ---VERSION MATERIALIZED
patch,offset,limit,count-ms,lookup-mus,results
4,0,-2,9,22,7
5,0,-2,348,522,7
6,0,-2,266,484,10
7,0,-2,225,453,10
3,0,-2,247,512,7
2,0,-2,210,460,9
1,0,-2,211,427,12
0,0,-2,210,398,15
--- ---DELTA MATERIALIZED
patch_start,patch_end,offset,limit,count-ms,lookup-mus,results
0,1,0,-2,405,367,3
0,2,0,-2,406,369,6
0,3,0,-2,403,372,9
0,4,0,-2,208,381,15
0,5,0,-2,500,739,15
0,6,0,-2,459,748,18
0,7,0,-2,432,748,18
1,2,0,-2,405,364,3
1,3,0,-2,401,369,6
1,4,0,-2,205,374,12
1,5,0,-2,496,731,12
1,6,0,-2,458,740,15
1,7,0,-2,423,740,15
2,3,0,-2,403,368,3
2,4,0,-2,204,367,9
2,5,0,-2,494,734,9
2,6,0,-2,478,754,12
2,7,0,-2,423,750,12
3,4,0,-2,205,368,6
3,5,0,-2,512,728,6
3,6,0,-2,459,736,9
3,7,0,-2,421,737,9
4,5,0,-2,298,361,6
4,6,0,-2,260,380,9
4,7,0,-2,221,380,9
5,6,0,-2,558,376,3
5,7,0,-2,524,377,6
6,7,0,-2,482,383,9
--- ---VERSION
offset,limit,count-ms,lookup-mus,results
0,-2,381,1093,28
---PATTERN START: http://bnb.data.bl.uk/doc/resource/006893251.html?_metadata=all,views,formats,execution,bindings&_view=all   .
--- ---VERSION MATERIALIZED
patch,offset,limit,count-ms,lookup-mus,results
4,0,-2,6,23,8
5,0,-2,186,305,8
6,0,-2,127,293,8
7,0,-2,127,297,8
3,0,-2,169,335,8
2,0,-2,108,334,8
1,0,-2,109,349,10
0,0,-2,114,343,12
--- ---DELTA MATERIALIZED
patch_start,patch_end,offset,limit,count-ms,lookup-mus,results
0,1,0,-2,203,209,6
0,2,0,-2,208,202,4
0,3,0,-2,208,203,4
0,4,0,-2,107,212,8
0,5,0,-2,229,355,8
0,6,0,-2,227,356,8
0,7,0,-2,228,356,8
1,2,0,-2,205,206,6
1,3,0,-2,207,197,2
1,4,0,-2,106,207,6
1,5,0,-2,228,345,6
1,6,0,-2,227,346,6
1,7,0,-2,227,351,6
2,3,0,-2,203,201,4
2,4,0,-2,107,214,4
2,5,0,-2,228,353,4
2,6,0,-2,226,352,4
2,7,0,-2,229,354,4
3,4,0,-2,105,196,4
3,5,0,-2,228,335,4
3,6,0,-2,224,337,4
3,7,0,-2,226,341,4
4,5,0,-2,126,148,4
4,6,0,-2,125,150,4
4,7,0,-2,126,155,4
5,6,0,-2,245,149,2
5,7,0,-2,245,160,6
6,7,0,-2,246,152,4
--- ---VERSION
offset,limit,count-ms,lookup-mus,results
0,-2,148,647,22
---PATTERN START: http://berrueta.net/main/about-me-and-this-site#slideshareAccount   .
--- ---VERSION MATERIALIZED
patch,offset,limit,count-ms,lookup-mus,results
4,0,-2,6,13,5
5,0,-2,221,263,5
6,0,-2,156,274,5
7,0,-2,154,262,5
3,0,-2,194,303,5
2,0,-2,140,293,5
1,0,-2,144,293,7
0,0,-2,143,300,9
--- ---DELTA MATERIALIZED
patch_start,patch_end,offset,limit,count-ms,lookup-mus,results
0,1,0,-2,270,232,6
0,2,0,-2,269,229,4
0,3,0,-2,268,228,4
0,4,0,-2,139,235,8
0,5,0,-2,288,414,8
0,6,0,-2,285,413,8
0,7,0,-2,284,413,8
1,2,0,-2,266,230,6
1,3,0,-2,269,227,2
1,4,0,-2,138,231,6
1,5,0,-2,291,405,6
1,6,0,-2,288,404,6
1,7,0,-2,287,410,6
2,3,0,-2,266,231,4
2,4,0,-2,136,249,4
2,5,0,-2,288,416,4
2,6,0,-2,286,420,4
2,7,0,-2,283,422,4
3,4,0,-2,136,224,4
3,5,0,-2,287,394,4
3,6,0,-2,285,399,4
3,7,0,-2,284,399,4
4,5,0,-2,152,170,4
4,6,0,-2,153,177,4
4,7,0,-2,157,180,4
5,6,0,-2,307,182,2
5,7,0,-2,303,182,6
6,7,0,-2,308,180,4
--- ---VERSION
offset,limit,count-ms,lookup-mus,results
0,-2,211,541,19
---PATTERN START: http://aigp.csres.utexas.edu/~aigp/researcher/show/535   .
--- ---VERSION MATERIALIZED
patch,offset,limit,count-ms,lookup-mus,results
4,0,-2,5,19,6
5,0,-2,381,513,6
6,0,-2,305,512,6
7,0,-2,297,513,6
3,0,-2,313,619,6
2,0,-2,261,624,6
1,0,-2,261,625,9
0,0,-2,263,627,12
--- ---DELTA MATERIALIZED
patch_start,patch_end,offset,limit,count-ms,lookup-mus,results
0,1,0,-2,513,462,9
0,2,0,-2,510,461,6
0,3,0,-2,509,462,6
0,4,0,-2,259,471,12
0,5,0,-2,544,818,12
0,6,0,-2,546,821,12
0,7,0,-2,561,841,12
1,2,0,-2,506,463,9
1,3,0,-2,507,460,3
1,4,0,-2,261,469,9
1,5,0,-2,545,810,9
1,6,0,-2,543,815,9
1,7,0,-2,543,813,9
2,3,0,-2,507,458,6
2,4,0,-2,257,493,6
2,5,0,-2,543,830,6
2,6,0,-2,545,831,6
2,7,0,-2,542,838,6
3,4,0,-2,258,455,6
3,5,0,-2,544,793,6
3,6,0,-2,542,794,6
3,7,0,-2,541,800,6
4,5,0,-2,289,346,6
4,6,0,-2,288,349,6
4,7,0,-2,288,355,6
5,6,0,-2,567,348,3
5,7,0,-2,568,356,9
6,7,0,-2,571,353,6
--- ---VERSION
offset,limit,count-ms,lookup-mus,results
0,-2,397,1162,27
---PATTERN START: http://bnb.data.bl.uk/doc/resource/006893251.xml?_metadata=all,views,formats,execution,bindings&_view=all   .
--- ---VERSION MATERIALIZED
patch,offset,limit,count-ms,lookup-mus,results
4,0,-2,6,24,8
5,0,-2,179,290,8
6,0,-2,131,291,8
7,0,-2,119,289,8
3,0,-2,168,341,8
2,0,-2,110,342,8
1,0,-2,111,344,10
0,0,-2,111,348,12
--- ---DELTA MATERIALIZED
patch_start,patch_end,offset,limit,count-ms,lookup-mus,results
0,1,0,-2,206,194,6
0,2,0,-2,206,191,4
0,3,0,-2,204,190,4
0,4,0,-2,106,203,8
0,5,0,-2,216,330,8
0,6,0,-2,220,335,8
0,7,0,-2,221,343,8
1,2,0,-2,207,198,6
1,3,0,-2,210,190,2
1,4,0,-2,108,199,6
1,5,0,-2,222,329,6
1,6,0,-2,220,330,6
1,7,0,-2,218,332,6
2,3,0,-2,206,194,4
2,4,0,-2,107,206,4
2,5,0,-2,220,337,4
2,6,0,-2,220,334,4
2,7,0,-2,218,336,4
3,4,0,-2,106,190,4
3,5,0,-2,219,318,4
3,6,0,-2,221,318,4
3,7,0,-2,217,323,4
4,5,0,-2,115,137,4
4,6,0,-2,116,138,4
4,7,0,-2,117,143,4
5,6,0,-2,228,138,2
5,7,0,-2,227,146,6
6,7,0,-2,229,140,4
--- ---VERSION
offset,limit,count-ms,lookup-mus,results
0,-2,151,643,22
---PATTERN START: http://aigp.csres.utexas.edu/~aigp/researcher/show/2261   .
--- ---VERSION MATERIALIZED
patch,offset,limit,count-ms,lookup-mus,results
4,0,-2,9,22,7
5,0,-2,300,416,7
6,0,-2,239,419,7
7,0,-2,231,417,7
3,0,-2,232,441,7
2,0,-2,181,442,7
1,0,-2,181,443,10
0,0,-2,185,447,13
--- ---DELTA MATERIALIZED
patch_start,patch_end,offset,limit,count-ms,lookup-mus,results
0,1,0,-2,352,310,9
0,2,0,-2,349,308,6
0,3,0,-2,350,305,6
0,4,0,-2,178,315,12
0,5,0,-2,403,580,12
0,6,0,-2,405,585,12
0,7,0,-2,402,596,12
1,2,0,-2,351,314,9
1,3,0,-2,352,304,3
1,4,0,-2,179,312,9
1,5,0,-2,407,579,9
1,6,0,-2,407,581,9
1,7,0,-2,405,586,9
2,3,0,-2,348,309,6
2,4,0,-2,178,332,6
2,5,0,-2,405,596,6
2,6,0,-2,402,599,6
2,7,0,-2,402,602,6
3,4,0,-2,179,302,6
3,5,0,-2,405,567,6
3,6,0,-2,403,567,6
3,7,0,-2,405,571,6
4,5,0,-2,230,270,6
4,6,0,-2,229,278,6
4,7,0,-2,229,279,6
5,6,0,-2,453,277,3
5,7,0,-2,454,282,9
6,7,0,-2,453,280,6
--- ---VERSION
offset,limit,count-ms,lookup-mus,results
0,-2,296,999,28
---PATTERN START: http://bnb.data.bl.uk/doc/resource/006893251.xml?_metadata=all,views,formats,execution,bindings&_view=resourceViewer   .
--- ---VERSION MATERIALIZED
patch,offset,limit,count-ms,lookup-mus,results
4,0,-2,6,24,8
5,0,-2,184,284,8
6,0,-2,123,294,8
7,0,-2,123,282,8
3,0,-2,161,312,8
2,0,-2,102,311,8
1,0,-2,104,315,10
0,0,-2,104,314,12
--- ---DELTA MATERIALIZED
patch_start,patch_end,offset,limit,count-ms,lookup-mus,results
0,1,0,-2,194,175,6
0,2,0,-2,190,171,4
0,3,0,-2,193,171,4
0,4,0,-2,100,181,8
0,5,0,-2,214,313,8
0,6,0,-2,215,318,8
0,7,0,-2,217,321,8
1,2,0,-2,191,180,6
1,3,0,-2,193,171,2
1,4,0,-2,100,179,6
1,5,0,-2,218,310,6
1,6,0,-2,215,311,6
1,7,0,-2,217,313,6
2,3,0,-2,194,173,4
2,4,0,-2,99,185,4
2,5,0,-2,218,313,4
2,6,0,-2,215,316,4
2,7,0,-2,216,317,4
3,4,0,-2,99,171,4
3,5,0,-2,217,301,4
3,6,0,-2,217,302,4
3,7,0,-2,216,307,4
4,5,0,-2,120,137,4
4,6,0,-2,121,142,4
4,7,0,-2,121,146,4
5,6,0,-2,235,138,2
5,7,0,-2,235,147,6
6,7,0,-2,236,142,4
--- ---VERSION
offset,limit,count-ms,lookup-mus,results
0,-2,143,637,22
---PATTERN START: http://aigp.csres.utexas.edu/~aigp/researcher/show/4345   .
--- ---VERSION MATERIALIZED
patch,offset,limit,count-ms,lookup-mus,results
4,0,-2,6,16,5
5,0,-2,360,496,5
6,0,-2,287,487,5
7,0,-2,288,484,5
3,0,-2,340,522,5
2,0,-2,288,505,5
1,0,-2,298,509,8
0,0,-2,290,519,11
--- ---DELTA MATERIALIZED
patch_start,patch_end,offset,limit,count-ms,lookup-mus,results
0,1,0,-2,586,535,9
0,2,0,-2,571,534,6
0,3,0,-2,581,534,6
0,4,0,-2,283,545,12
0,5,0,-2,589,895,12
0,6,0,-2,557,899,12
0,7,0,-2,555,904,12
1,2,0,-2,545,535,9
1,3,0,-2,572,526,3
1,4,0,-2,289,539,9
1,5,0,-2,586,874,9
1,6,0,-2,555,884,9
1,7,0,-2,555,887,9
2,3,0,-2,541,527,6
2,4,0,-2,279,567,6
2,5,0,-2,577,905,6
2,6,0,-2,557,902,6
2,7,0,-2,551,905,6
3,4,0,-2,275,511,6
3,5,0,-2,578,850,6
3,6,0,-2,556,858,6
3,7,0,-2,571,869,6
4,5,0,-2,282,362,6
4,6,0,-2,286,363,6
4,7,0,-2,287,360,6
5,6,0,-2,582,357,3
5,7,0,-2,550,344,9
6,7,0,-2,553,340,6
--- ---VERSION
offset,limit,count-ms,lookup-mus,results
0,-2,396,1155,26
---PATTERN START: http://bnb.data.bl.uk/doc/resource/006893251.json?_metadata=all,views,formats,execution,bindings&_view=resourceViewer   .
--- ---VERSION MATERIALIZED
patch,offset,limit,count-ms,lookup-mus,results
4,0,-2,6,20,8
5,0,-2,194,255,8
6,0,-2,130,255,8
7,0,-2,127,254,8
3,0,-2,168,311,8
2,0,-2,104,314,8
1,0,-2,104,314,10
0,0,-2,104,319,12
--- ---DELTA MATERIALIZED
patch_start,patch_end,offset,limit,count-ms,lookup-mus,results
0,1,0,-2,194,185,6
0,2,0,-2,191,183,4
0,3,0,-2,192,183,4
0,4,0,-2,99,189,8
0,5,0,-2,220,326,8
0,6,0,-2,218,332,8
0,7,0,-2,218,328,8
1,2,0,-2,192,184,6
1,3,0,-2,191,181,2
1,4,0,-2,100,185,6
1,5,0,-2,218,320,6
1,6,0,-2,219,321,6
1,7,0,-2,219,324,6
2,3,0,-2,190,181,4
2,4,0,-2,97,193,4
2,5,0,-2,217,325,4
2,6,0,-2,217,327,4
2,7,0,-2,217,327,4
3,4,0,-2,97,177,4
3,5,0,-2,216,311,4
3,6,0,-2,217,313,4
3,7,0,-2,218,313,4
4,5,0,-2,122,138,4
4,6,0,-2,123,141,4
4,7,0,-2,122,142,4
5,6,0,-2,238,142,2
5,7,0,-2,239,144,6
6,7,0,-2,238,143,4
--- ---VERSION
offset,limit,count-ms,lookup-mus,results
0,-2,155,569,22
---PATTERN START: http://aigp.csres.utexas.edu/~aigp/researcher/show/2532   .
--- ---VERSION MATERIALIZED
patch,offset,limit,count-ms,lookup-mus,results
4,0,-2,5,21,6
5,0,-2,298,463,6
6,0,-2,245,454,6
7,0,-2,245,457,6
3,0,-2,277,407,6
2,0,-2,225,404,6
1,0,-2,228,410,9
0,0,-2,232,414,12
--- ---DELTA MATERIALIZED
patch_start,patch_end,offset,limit,count-ms,lookup-mus,results
0,1,0,-2,443,358,9
0,2,0,-2,441,350,6
0,3,0,-2,442,352,6
0,4,0,-2,224,362,12
0,5,0,-2,460,642,12
0,6,0,-2,463,645,12
0,7,0,-2,461,647,12
1,2,0,-2,438,362,9
1,3,0,-2,442,351,3
1,4,0,-2,224,359,9
1,5,0,-2,462,644,9
1,6,0,-2,459,644,9
1,7,0,-2,462,649,9
2,3,0,-2,438,356,6
2,4,0,-2,222,387,6
2,5,0,-2,459,666,6
2,6,0,-2,458,667,6
2,7,0,-2,1263,669,6
3,4,0,-2,221,348,6
3,5,0,-2,460,634,6
3,6,0,-2,459,629,6
3,7,0,-2,460,633,6
4,5,0,-2,239,288,6
4,6,0,-2,247,293,6
4,7,0,-2,243,293,6
5,6,0,-2,473,291,3
5,7,0,-2,476,299,9
6,7,0,-2,475,296,6
--- ---VERSION
offset,limit,count-ms,lookup-mus,results
0,-2,343,1132,27
---PATTERN START: http://bnb.data.bl.uk/doc/resource/006893251.json?_metadata=all,views,formats,execution,bindings&_view=all   .
--- ---VERSION MATERIALIZED
patch,offset,limit,count-ms,lookup-mus,results
4,0,-2,6,25,8
5,0,-2,190,298,8
6,0,-2,126,294,8
7,0,-2,126,293,8
3,0,-2,168,346,8
2,0,-2,114,326,8
1,0,-2,114,332,10
0,0,-2,114,332,12
--- ---DELTA MATERIALIZED
patch_start,patch_end,offset,limit,count-ms,lookup-mus,results
0,1,0,-2,216,189,6
0,2,0,-2,214,183,4
0,3,0,-2,215,184,4
0,4,0,-2,111,198,8
0,5,0,-2,233,339,8
0,6,0,-2,231,343,8
0,7,0,-2,231,343,8
1,2,0,-2,216,190,6
1,3,0,-2,217,186,2
1,4,0,-2,114,193,6
1,5,0,-2,233,329,6
1,6,0,-2,231,330,6
1,7,0,-2,229,334,6
2,3,0,-2,214,186,4
2,4,0,-2,113,198,4
2,5,0,-2,232,333,4
2,6,0,-2,232,335,4
2,7,0,-2,228,337,4
3,4,0,-2,110,183,4
3,5,0,-2,235,318,4
3,6,0,-2,231,323,4
3,7,0,-2,230,323,4
4,5,0,-2,124,142,4
4,6,0,-2,124,146,4
4,7,0,-2,124,149,4
5,6,0,-2,244,146,2
5,7,0,-2,241,151,6
6,7,0,-2,245,150,4
--- ---VERSION
offset,limit,count-ms,lookup-mus,results
0,-2,155,681,22
---PATTERN START: http://aigp.csres.utexas.edu/~aigp/researcher/show/928   .
--- ---VERSION MATERIALIZED
patch,offset,limit,count-ms,lookup-mus,results
4,0,-2,8,19,6
5,0,-2,299,418,6
6,0,-2,231,413,6
7,0,-2,234,415,6
3,0,-2,235,369,6
2,0,-2,186,367,6
1,0,-2,185,373,9
0,0,-2,186,376,12
--- ---DELTA MATERIALIZED
patch_start,patch_end,offset,limit,count-ms,lookup-mus,results
0,1,0,-2,357,361,9
0,2,0,-2,359,356,6
0,3,0,-2,357,356,6
0,4,0,-2,182,375,12
0,5,0,-2,407,639,12
0,6,0,-2,408,645,12
0,7,0,-2,413,654,12
1,2,0,-2,359,365,9
1,3,0,-2,360,359,3
1,4,0,-2,183,364,9
1,5,0,-2,413,638,9
1,6,0,-2,410,641,9
1,7,0,-2,414,642,9
2,3,0,-2,358,360,6
2,4,0,-2,183,387,6
2,5,0,-2,412,666,6
2,6,0,-2,410,662,6
2,7,0,-2,410,666,6
3,4,0,-2,182,354,6
3,5,0,-2,409,626,6
3,6,0,-2,409,627,6
3,7,0,-2,411,633,6
4,5,0,-2,230,278,6
4,6,0,-2,233,283,6
4,7,0,-2,232,286,6
5,6,0,-2,454,282,3
5,7,0,-2,456,290,9
6,7,0,-2,459,284,6
--- ---VERSION
offset,limit,count-ms,lookup-mus,results
0,-2,278,949,27
---PATTERN START: http://bnb.data.bl.uk/doc/resource/006893251.html?_metadata=all,views,formats,execution,bindings&_view=resourceViewer   .
--- ---VERSION MATERIALIZED
patch,offset,limit,count-ms,lookup-mus,results
4,0,-2,6,24,8
5,0,-2,177,313,8
6,0,-2,122,306,8
7,0,-2,119,309,8
3,0,-2,168,332,8
2,0,-2,109,331,8
1,0,-2,112,335,10
0,0,-2,111,341,12
--- ---DELTA MATERIALIZED
patch_start,patch_end,offset,limit,count-ms,lookup-mus,results
0,1,0,-2,207,188,6
0,2,0,-2,209,182,4
0,3,0,-2,206,182,4
0,4,0,-2,107,196,8
0,5,0,-2,220,335,8
0,6,0,-2,219,337,8
0,7,0,-2,219,340,8
1,2,0,-2,204,185,6
1,3,0,-2,207,179,2
1,4,0,-2,106,189,6
1,5,0,-2,220,325,6
1,6,0,-2,218,330,6
1,7,0,-2,217,328,6
2,3,0,-2,203,184,4
2,4,0,-2,105,192,4
2,5,0,-2,218,330,4
2,6,0,-2,215,330,4
2,7,0,-2,214,330,4
3,4,0,-2,104,179,4
3,5,0,-2,218,314,4
3,6,0,-2,218,317,4
3,7,0,-2,218,319,4
4,5,0,-2,116,143,4
4,6,0,-2,116,147,4
4,7,0,-2,119,149,4
5,6,0,-2,228,143,2
5,7,0,-2,228,153,6
6,7,0,-2,228,148,4
--- ---VERSION
offset,limit,count-ms,lookup-mus,results
0,-2,149,666,22
---PATTERN START: http://aigp.csres.utexas.edu/~aigp/researcher/show/677   .
--- ---VERSION MATERIALIZED
patch,offset,limit,count-ms,lookup-mus,results
4,0,-2,9,18,5
5,0,-2,308,412,5
6,0,-2,245,409,5
7,0,-2,232,411,5
3,0,-2,248,402,5
2,0,-2,199,392,5
1,0,-2,202,391,8
0,0,-2,203,395,11
--- ---DELTA MATERIALIZED
patch_start,patch_end,offset,limit,count-ms,lookup-mus,results
0,1,0,-2,390,386,9
0,2,0,-2,391,382,6
0,3,0,-2,389,381,6
0,4,0,-2,198,392,12
0,5,0,-2,427,675,12
0,6,0,-2,426,677,12
0,7,0,-2,427,681,12
1,2,0,-2,385,386,9
1,3,0,-2,388,387,3
1,4,0,-2,198,386,9
1,5,0,-2,424,665,9
1,6,0,-2,424,666,9
1,7,0,-2,427,669,9
2,3,0,-2,383,384,6
2,4,0,-2,195,423,6
2,5,0,-2,426,698,6
2,6,0,-2,422,702,6
2,7,0,-2,424,705,6
3,4,0,-2,195,374,6
3,5,0,-2,424,649,6
3,6,0,-2,421,653,6
3,7,0,-2,434,656,6
4,5,0,-2,233,281,6
4,6,0,-2,231,287,6
4,7,0,-2,231,288,6
5,6,0,-2,457,286,3
5,7,0,-2,466,293,9
6,7,0,-2,457,288,6
--- ---VERSION
offset,limit,count-ms,lookup-mus,results
0,-2,295,1021,26
---PATTERN START: http://bnb.data.bl.uk/doc/resource/006893251.json?_metadata=all,views,formats,execution,bindings&_view=publicationViewer   .
--- ---VERSION MATERIALIZED
patch,offset,limit,count-ms,lookup-mus,results
4,0,-2,6,24,8
5,0,-2,177,259,8
6,0,-2,120,269,8
7,0,-2,119,258,8
3,0,-2,157,304,8
2,0,-2,102,301,8
1,0,-2,104,306,10
0,0,-2,104,306,12
--- ---DELTA MATERIALIZED
patch_start,patch_end,offset,limit,count-ms,lookup-mus,results
0,1,0,-2,194,186,6
0,2,0,-2,193,181,4
0,3,0,-2,194,182,4
0,4,0,-2,101,189,8
0,5,0,-2,210,321,8
0,6,0,-2,212,320,8
0,7,0,-2,212,320,8
1,2,0,-2,192,183,6
1,3,0,-2,193,184,2
1,4,0,-2,102,188,6
1,5,0,-2,218,318,6
1,6,0,-2,213,322,6
1,7,0,-2,213,322,6
2,3,0,-2,195,184,4
2,4,0,-2,101,195,4
2,5,0,-2,215,327,4
2,6,0,-2,212,325,4
2,7,0,-2,213,324,4
3,4,0,-2,100,180,4
3,5,0,-2,214,308,4
3,6,0,-2,215,311,4
3,7,0,-2,213,312,4
4,5,0,-2,116,134,4
4,6,0,-2,117,136,4
4,7,0,-2,118,139,4
5,6,0,-2,228,137,2
5,7,0,-2,228,142,6
6,7,0,-2,230,139,4
--- ---VERSION
offset,limit,count-ms,lookup-mus,results
0,-2,147,576,22
---PATTERN START: http://aigp.csres.utexas.edu/~aigp/researcher/show/1218   .
--- ---VERSION MATERIALIZED
patch,offset,limit,count-ms,lookup-mus,results
4,0,-2,12,22,7
5,0,-2,226,334,7
6,0,-2,197,339,7
7,0,-2,186,343,7
3,0,-2,177,419,7
2,0,-2,151,421,7
1,0,-2,150,427,10
0,0,-2,151,427,13
--- ---DELTA MATERIALIZED
patch_start,patch_end,offset,limit,count-ms,lookup-mus,results
0,1,0,-2,286,282,9
0,2,0,-2,283,278,6
0,3,0,-2,282,278,6
0,4,0,-2,145,287,12
0,5,0,-2,322,498,12
0,6,0,-2,323,502,12
0,7,0,-2,324,502,12
1,2,0,-2,282,279,9
1,3,0,-2,280,275,3
1,4,0,-2,143,281,9
1,5,0,-2,322,490,9
1,6,0,-2,322,492,9
1,7,0,-2,322,492,9
2,3,0,-2,282,278,6
2,4,0,-2,142,297,6
2,5,0,-2,319,503,6
2,6,0,-2,320,507,6
2,7,0,-2,319,508,6
3,4,0,-2,143,272,6
3,5,0,-2,320,477,6
3,6,0,-2,322,486,6
3,7,0,-2,325,487,6
4,5,0,-2,181,218,6
4,6,0,-2,183,225,6
4,7,0,-2,184,226,6
5,6,0,-2,363,225,3
5,7,0,-2,360,228,9
6,7,0,-2,363,228,6
--- ---VERSION
offset,limit,count-ms,lookup-mus,results
0,-2,244,868,28
---PATTERN START: http://bnb.data.bl.uk/doc/resource/006893251.xml?_metadata=all,views,formats,execution,bindings&_view=publicationViewer   .
--- ---VERSION MATERIALIZED
patch,offset,limit,count-ms,lookup-mus,results
4,0,-2,7,24,8
5,0,-2,202,295,8
6,0,-2,131,308,8
7,0,-2,137,295,8
3,0,-2,165,351,8
2,0,-2,107,328,8
1,0,-2,108,341,10
0,0,-2,107,328,12
--- ---DELTA MATERIALIZED
patch_start,patch_end,offset,limit,count-ms,lookup-mus,results
0,1,0,-2,200,187,6
0,2,0,-2,197,183,4
0,3,0,-2,198,182,4
0,4,0,-2,101,192,8
0,5,0,-2,222,326,8
0,6,0,-2,221,334,8
0,7,0,-2,221,335,8
1,2,0,-2,197,188,6
1,3,0,-2,199,182,2
1,4,0,-2,102,192,6
1,5,0,-2,222,325,6
1,6,0,-2,222,326,6
1,7,0,-2,222,331,6
2,3,0,-2,198,186,4
2,4,0,-2,101,199,4
2,5,0,-2,222,329,4
2,6,0,-2,222,331,4
2,7,0,-2,220,334,4
3,4,0,-2,101,180,4
3,5,0,-2,221,318,4
3,6,0,-2,220,316,4
3,7,0,-2,221,319,4
4,5,0,-2,123,140,4
4,6,0,-2,124,143,4
4,7,0,-2,122,145,4
5,6,0,-2,240,944,2
5,7,0,-2,238,149,6
6,7,0,-2,239,147,4
--- ---VERSION
offset,limit,count-ms,lookup-mus,results
0,-2,149,642,22
---PATTERN START: http://aigp.csres.utexas.edu/~aigp/researcher/show/932   .
--- ---VERSION MATERIALIZED
patch,offset,limit,count-ms,lookup-mus,results
4,0,-2,9,21,7
5,0,-2,291,446,7
6,0,-2,227,433,7
7,0,-2,228,432,7
3,0,-2,241,487,7
2,0,-2,180,487,7
1,0,-2,181,491,10
0,0,-2,183,498,13
--- ---DELTA MATERIALIZED
patch_start,patch_end,offset,limit,count-ms,lookup-mus,results
0,1,0,-2,351,335,9
0,2,0,-2,348,328,6
0,3,0,-2,349,329,6
0,4,0,-2,180,339,12
0,5,0,-2,398,609,12
0,6,0,-2,404,611,12
0,7,0,-2,404,615,12
1,2,0,-2,350,336,9
1,3,0,-2,351,329,3
1,4,0,-2,196,336,9
1,5,0,-2,403,599,9
1,6,0,-2,401,606,9
1,7,0,-2,401,607,9
2,3,0,-2,349,335,6
2,4,0,-2,178,351,6
2,5,0,-2,404,613,6
2,6,0,-2,399,614,6
2,7,0,-2,401,616,6
3,4,0,-2,178,327,6
3,5,0,-2,400,587,6
3,6,0,-2,402,588,6
3,7,0,-2,401,594,6
4,5,0,-2,226,269,6
4,6,0,-2,228,273,6
4,7,0,-2,225,276,6
5,6,0,-2,444,275,3
5,7,0,-2,446,281,9
6,7,0,-2,449,278,6
--- ---VERSION
offset,limit,count-ms,lookup-mus,results
0,-2,287,1035,28
---PATTERN START: http://aigp.csres.utexas.edu/~aigp/researcher/show/2402   .
--- ---VERSION MATERIALIZED
patch,offset,limit,count-ms,lookup-mus,results
4,0,-2,9,19,6
5,0,-2,235,323,6
6,0,-2,197,322,6
7,0,-2,186,330,6
3,0,-2,183,292,6
2,0,-2,137,293,6
1,0,-2,139,295,9
0,0,-2,142,302,12
--- ---DELTA MATERIALIZED
patch_start,patch_end,offset,limit,count-ms,lookup-mus,results
0,1,0,-2,264,262,9
0,2,0,-2,262,255,6
0,3,0,-2,263,254,6
0,4,0,-2,136,268,12
0,5,0,-2,315,481,12
0,6,0,-2,314,485,12
0,7,0,-2,315,488,12
1,2,0,-2,264,262,9
1,3,0,-2,265,255,3
1,4,0,-2,136,264,9
1,5,0,-2,319,479,9
1,6,0,-2,318,483,9
1,7,0,-2,316,485,9
2,3,0,-2,264,259,6
2,4,0,-2,135,277,6
2,5,0,-2,318,489,6
2,6,0,-2,315,493,6
2,7,0,-2,315,494,6
3,4,0,-2,136,252,6
3,5,0,-2,314,468,6
3,6,0,-2,315,470,6
3,7,0,-2,315,473,6
4,5,0,-2,183,219,6
4,6,0,-2,185,226,6
4,7,0,-2,184,225,6
5,6,0,-2,361,226,3
5,7,0,-2,363,230,9
6,7,0,-2,362,228,6
--- ---VERSION
offset,limit,count-ms,lookup-mus,results
0,-2,224,799,27
---PATTERN START: http://aigp.csres.utexas.edu/~aigp/researcher/show/2075   .
--- ---VERSION MATERIALIZED
patch,offset,limit,count-ms,lookup-mus,results
4,0,-2,9,23,7
5,0,-2,215,343,7
6,0,-2,182,341,7
7,0,-2,171,345,7
3,0,-2,195,421,7
2,0,-2,146,400,7
1,0,-2,145,408,10
0,0,-2,146,413,13
--- ---DELTA MATERIALIZED
patch_start,patch_end,offset,limit,count-ms,lookup-mus,results
0,1,0,-2,279,269,9
0,2,0,-2,280,264,6
0,3,0,-2,278,264,6
0,4,0,-2,143,275,12
0,5,0,-2,311,482,12
0,6,0,-2,311,485,12
0,7,0,-2,310,488,12
1,2,0,-2,277,267,9
1,3,0,-2,276,263,3
1,4,0,-2,142,267,9
1,5,0,-2,307,473,9
1,6,0,-2,307,476,9
1,7,0,-2,308,479,9
2,3,0,-2,275,264,6
2,4,0,-2,140,284,6
2,5,0,-2,307,481,6
2,6,0,-2,308,483,6
2,7,0,-2,307,486,6
3,4,0,-2,141,259,6
3,5,0,-2,306,463,6
3,6,0,-2,306,463,6
3,7,0,-2,306,467,6
4,5,0,-2,167,207,6
4,6,0,-2,169,214,6
4,7,0,-2,169,215,6
5,6,0,-2,330,212,3
5,7,0,-2,332,219,9
6,7,0,-2,333,216,6
--- ---VERSION
offset,limit,count-ms,lookup-mus,results
0,-2,206,877,28
---PATTERN START: http://aigp.csres.utexas.edu/~aigp/researcher/show/249   .
--- ---VERSION MATERIALIZED
patch,offset,limit,count-ms,lookup-mus,results
4,0,-2,6,20,8
5,0,-2,328,532,8
6,0,-2,244,488,11
7,0,-2,217,463,11
3,0,-2,261,589,8
2,0,-2,215,556,10
1,0,-2,217,517,13
0,0,-2,217,482,16
--- ---DELTA MATERIALIZED
patch_start,patch_end,offset,limit,count-ms,lookup-mus,results
0,1,0,-2,421,395,3
0,2,0,-2,419,395,6
0,3,0,-2,418,397,9
0,4,0,-2,214,407,15
0,5,0,-2,485,734,15
0,6,0,-2,449,741,18
0,7,0,-2,425,750,18
1,2,0,-2,421,399,3
1,3,0,-2,420,409,6
1,4,0,-2,214,407,12
1,5,0,-2,486,734,12
1,6,0,-2,460,744,15
1,7,0,-2,424,740,15
2,3,0,-2,421,394,3
2,4,0,-2,213,408,9
2,5,0,-2,486,721,9
2,6,0,-2,452,737,12
2,7,0,-2,422,730,12
3,4,0,-2,215,390,6
3,5,0,-2,485,717,6
3,6,0,-2,448,720,9
3,7,0,-2,423,717,9
4,5,0,-2,282,327,6
4,6,0,-2,245,336,9
4,7,0,-2,214,335,9
5,6,0,-2,510,334,3
5,7,0,-2,484,343,6
6,7,0,-2,449,338,9
--- ---VERSION
offset,limit,count-ms,lookup-mus,results
0,-2,362,1161,29
---PATTERN START: http://aigp.csres.utexas.edu/~aigp/researcher/show/3590   .
--- ---VERSION MATERIALIZED
patch,offset,limit,count-ms,lookup-mus,results
4,0,-2,9,21,8
5,0,-2,322,510,8
6,0,-2,271,498,8
7,0,-2,272,497,8
3,0,-2,270,599,8
2,0,-2,224,597,8
1,0,-2,225,602,11
0,0,-2,227,605,14
--- ---DELTA MATERIALIZED
patch_start,patch_end,offset,limit,count-ms,lookup-mus,results
0,1,0,-2,442,417,9
0,2,0,-2,440,409,6
0,3,0,-2,441,410,6
0,4,0,-2,225,421,12
0,5,0,-2,489,742,12
0,6,0,-2,489,751,12
0,7,0,-2,490,755,12
1,2,0,-2,436,417,9
1,3,0,-2,437,412,3
1,4,0,-2,230,420,9
1,5,0,-2,487,737,9
1,6,0,-2,490,742,9
1,7,0,-2,487,742,9
2,3,0,-2,439,412,6
2,4,0,-2,224,459,6
2,5,0,-2,488,772,6
2,6,0,-2,484,778,6
2,7,0,-2,488,776,6
3,4,0,-2,220,410,6
3,5,0,-2,486,722,6
3,6,0,-2,488,728,6
3,7,0,-2,487,729,6
4,5,0,-2,269,320,6
4,6,0,-2,268,328,6
4,7,0,-2,269,328,6
5,6,0,-2,528,327,3
5,7,0,-2,529,333,9
6,7,0,-2,528,330,6
--- ---VERSION
offset,limit,count-ms,lookup-mus,results
0,-2,335,1117,29
---PATTERN START: http://aigp.csres.utexas.edu/~aigp/researcher/show/1208   .
--- ---VERSION MATERIALIZED
patch,offset,limit,count-ms,lookup-mus,results
4,0,-2,10,22,7
5,0,-2,267,390,7
6,0,-2,220,391,7
7,0,-2,213,388,7
3,0,-2,183,424,7
2,0,-2,160,423,7
1,0,-2,161,427,10
0,0,-2,160,433,13
--- ---DELTA MATERIALIZED
patch_start,patch_end,offset,limit,count-ms,lookup-mus,results
0,1,0,-2,306,277,9
0,2,0,-2,306,269,6
0,3,0,-2,305,269,6
0,4,0,-2,157,284,12
0,5,0,-2,360,532,12
0,6,0,-2,360,532,12
0,7,0,-2,360,533,12
1,2,0,-2,305,279,9
1,3,0,-2,303,270,3
1,4,0,-2,156,280,9
1,5,0,-2,358,519,9
1,6,0,-2,359,523,9
1,7,0,-2,360,522,9
2,3,0,-2,305,273,6
2,4,0,-2,154,293,6
2,5,0,-2,358,528,6
2,6,0,-2,359,534,6
2,7,0,-2,358,542,6
3,4,0,-2,153,267,6
3,5,0,-2,359,511,6
3,6,0,-2,357,517,6
3,7,0,-2,358,520,6
4,5,0,-2,206,253,6
4,6,0,-2,208,256,6
4,7,0,-2,206,258,6
5,6,0,-2,414,257,3
5,7,0,-2,411,263,9
6,7,0,-2,414,259,6
--- ---VERSION
offset,limit,count-ms,lookup-mus,results
0,-2,260,944,28
---PATTERN START: http://aigp.csres.utexas.edu/~aigp/researcher/show/2838   .
--- ---VERSION MATERIALIZED
patch,offset,limit,count-ms,lookup-mus,results
4,0,-2,10,21,7
5,0,-2,295,437,7
6,0,-2,252,436,7
7,0,-2,242,437,7
3,0,-2,244,499,7
2,0,-2,198,499,7
1,0,-2,199,501,10
0,0,-2,201,505,13
--- ---DELTA MATERIALIZED
patch_start,patch_end,offset,limit,count-ms,lookup-mus,results
0,1,0,-2,387,360,9
0,2,0,-2,385,353,6
0,3,0,-2,385,351,6
0,4,0,-2,198,361,12
0,5,0,-2,430,644,12
0,6,0,-2,428,648,12
0,7,0,-2,428,665,12
1,2,0,-2,386,357,9
1,3,0,-2,388,352,3
1,4,0,-2,197,360,9
1,5,0,-2,428,642,9
1,6,0,-2,431,648,9
1,7,0,-2,431,650,9
2,3,0,-2,390,356,6
2,4,0,-2,195,381,6
2,5,0,-2,426,663,6
2,6,0,-2,428,666,6
2,7,0,-2,430,670,6
3,4,0,-2,196,348,6
3,5,0,-2,430,630,6
3,6,0,-2,429,661,6
3,7,0,-2,445,656,6
4,5,0,-2,247,297,6
4,6,0,-2,238,296,6
4,7,0,-2,237,295,6
5,6,0,-2,467,293,3
5,7,0,-2,469,298,9
6,7,0,-2,469,297,6
--- ---VERSION
offset,limit,count-ms,lookup-mus,results
0,-2,311,1001,28
---PATTERN START: http://aigp.csres.utexas.edu/~aigp/researcher/show/2372   .
--- ---VERSION MATERIALIZED
patch,offset,limit,count-ms,lookup-mus,results
4,0,-2,10,22,6
5,0,-2,273,398,6
6,0,-2,227,383,6
7,0,-2,237,386,6
3,0,-2,255,443,6
2,0,-2,207,446,6
1,0,-2,208,448,9
0,0,-2,209,450,12
--- ---DELTA MATERIALIZED
patch_start,patch_end,offset,limit,count-ms,lookup-mus,results
0,1,0,-2,403,338,9
0,2,0,-2,400,326,6
0,3,0,-2,402,327,6
0,4,0,-2,206,340,12
0,5,0,-2,426,592,12
0,6,0,-2,426,598,12
0,7,0,-2,423,601,12
1,2,0,-2,400,338,9
1,3,0,-2,413,335,3
1,4,0,-2,208,345,9
1,5,0,-2,435,604,9
1,6,0,-2,423,604,9
1,7,0,-2,428,607,9
2,3,0,-2,403,339,6
2,4,0,-2,207,367,6
2,5,0,-2,436,616,6
2,6,0,-2,425,621,6
2,7,0,-2,423,620,6
3,4,0,-2,205,329,6
3,5,0,-2,437,583,6
3,6,0,-2,423,585,6
3,7,0,-2,424,588,6
4,5,0,-2,223,264,6
4,6,0,-2,226,275,6
4,7,0,-2,227,273,6
5,6,0,-2,449,272,3
5,7,0,-2,449,279,9
6,7,0,-2,456,276,6
--- ---VERSION
offset,limit,count-ms,lookup-mus,results
0,-2,334,1023,27
---PATTERN START: http://aigp.csres.utexas.edu/~aigp/researcher/show/673   .
--- ---VERSION MATERIALIZED
patch,offset,limit,count-ms,lookup-mus,results
4,0,-2,10,22,8
5,0,-2,271,386,8
6,0,-2,192,380,8
7,0,-2,192,378,8
3,0,-2,195,466,8
2,0,-2,146,467,8
1,0,-2,149,485,11
0,0,-2,151,486,14
--- ---DELTA MATERIALIZED
patch_start,patch_end,offset,limit,count-ms,lookup-mus,results
0,1,0,-2,286,314,9
0,2,0,-2,285,306,6
0,3,0,-2,283,309,6
0,4,0,-2,146,320,12
0,5,0,-2,337,538,12
0,6,0,-2,334,544,12
0,7,0,-2,334,547,12
1,2,0,-2,282,310,9
1,3,0,-2,284,303,3
1,4,0,-2,145,315,9
1,5,0,-2,332,530,9
1,6,0,-2,332,533,9
1,7,0,-2,332,535,9
2,3,0,-2,282,308,6
2,4,0,-2,144,334,6
2,5,0,-2,333,548,6
2,6,0,-2,331,549,6
2,7,0,-2,331,552,6
3,4,0,-2,143,301,6
3,5,0,-2,332,514,6
3,6,0,-2,331,517,6
3,7,0,-2,332,520,6
4,5,0,-2,191,222,6
4,6,0,-2,191,229,6
4,7,0,-2,192,230,6
5,6,0,-2,375,226,3
5,7,0,-2,376,233,9
6,7,0,-2,375,229,6
--- ---VERSION
offset,limit,count-ms,lookup-mus,results
0,-2,244,957,29
---PATTERN START: http://aigp.csres.utexas.edu/~aigp/researcher/show/534   .
--- ---VERSION MATERIALIZED
patch,offset,limit,count-ms,lookup-mus,results
4,0,-2,6,20,7
5,0,-2,363,528,7
6,0,-2,297,528,7
7,0,-2,287,526,7
3,0,-2,321,604,7
2,0,-2,264,617,7
1,0,-2,266,616,10
0,0,-2,269,618,13
--- ---DELTA MATERIALIZED
patch_start,patch_end,offset,limit,count-ms,lookup-mus,results
0,1,0,-2,522,469,9
0,2,0,-2,522,465,6
0,3,0,-2,522,466,6
0,4,0,-2,264,480,12
0,5,0,-2,548,822,12
0,6,0,-2,544,825,12
0,7,0,-2,545,826,12
1,2,0,-2,517,468,9
1,3,0,-2,518,462,3
1,4,0,-2,264,469,9
1,5,0,-2,546,813,9
1,6,0,-2,542,814,9
1,7,0,-2,542,817,9
2,3,0,-2,516,464,6
2,4,0,-2,264,504,6
2,5,0,-2,544,843,6
2,6,0,-2,545,845,6
2,7,0,-2,543,849,6
3,4,0,-2,261,458,6
3,5,0,-2,541,798,6
3,6,0,-2,544,802,6
3,7,0,-2,543,807,6
4,5,0,-2,283,347,6
4,6,0,-2,286,350,6
4,7,0,-2,286,351,6
5,6,0,-2,559,343,3
5,7,0,-2,560,349,9
6,7,0,-2,559,348,6
--- ---VERSION
offset,limit,count-ms,lookup-mus,results
0,-2,403,1176,28
---PATTERN START: http://aigp.csres.utexas.edu/~aigp/researcher/show/1348   .
--- ---VERSION MATERIALIZED
patch,offset,limit,count-ms,lookup-mus,results
4,0,-2,6,23,8
5,0,-2,384,683,8
6,0,-2,339,662,8
7,0,-2,341,660,8
3,0,-2,335,802,8
2,0,-2,299,799,8
1,0,-2,301,803,11
0,0,-2,301,807,14
--- ---DELTA MATERIALIZED
patch_start,patch_end,offset,limit,count-ms,lookup-mus,results
0,1,0,-2,591,545,9
0,2,0,-2,590,539,6
0,3,0,-2,587,540,6
0,4,0,-2,300,551,12
0,5,0,-2,634,955,12
0,6,0,-2,634,956,12
0,7,0,-2,634,961,12
1,2,0,-2,587,544,9
1,3,0,-2,586,538,3
1,4,0,-2,296,544,9
1,5,0,-2,631,945,9
1,6,0,-2,632,947,9
1,7,0,-2,633,950,9
2,3,0,-2,586,546,6
2,4,0,-2,298,569,6
2,5,0,-2,633,976,6
2,6,0,-2,635,970,6
2,7,0,-2,631,976,6
3,4,0,-2,296,533,6
3,5,0,-2,630,939,6
3,6,0,-2,631,940,6
3,7,0,-2,628,939,6
4,5,0,-2,337,400,6
4,6,0,-2,341,410,6
4,7,0,-2,340,412,6
5,6,0,-2,669,409,3
5,7,0,-2,674,415,9
6,7,0,-2,673,409,6
--- ---VERSION
offset,limit,count-ms,lookup-mus,results
0,-2,477,1524,29
---PATTERN START: http://aigp.csres.utexas.edu/~aigp/researcher/show/3459   .
--- ---VERSION MATERIALIZED
patch,offset,limit,count-ms,lookup-mus,results
4,0,-2,10,22,8
5,0,-2,294,436,8
6,0,-2,237,433,8
7,0,-2,227,435,8
3,0,-2,269,569,8
2,0,-2,223,566,8
1,0,-2,224,570,11
0,0,-2,226,574,14
--- ---DELTA MATERIALIZED
patch_start,patch_end,offset,limit,count-ms,lookup-mus,results
0,1,0,-2,438,393,9
0,2,0,-2,436,390,6
0,3,0,-2,438,388,6
0,4,0,-2,221,400,12
0,5,0,-2,446,679,12
0,6,0,-2,444,682,12
0,7,0,-2,441,685,12
1,2,0,-2,433,389,9
1,3,0,-2,434,386,3
1,4,0,-2,221,392,9
1,5,0,-2,447,672,9
1,6,0,-2,444,672,9
1,7,0,-2,442,678,9
2,3,0,-2,431,388,6
2,4,0,-2,220,426,6
2,5,0,-2,445,699,6
2,6,0,-2,443,703,6
2,7,0,-2,441,709,6
3,4,0,-2,218,382,6
3,5,0,-2,444,656,6
3,6,0,-2,442,665,6
3,7,0,-2,440,662,6
4,5,0,-2,229,279,6
4,6,0,-2,226,287,6
4,7,0,-2,227,287,6
5,6,0,-2,448,285,3
5,7,0,-2,450,290,9
6,7,0,-2,450,288,6
--- ---VERSION
offset,limit,count-ms,lookup-mus,results
0,-2,320,1003,29
---PATTERN START: http://aigp.csres.utexas.edu/~aigp/researcher/show/4397   .
--- ---VERSION MATERIALIZED
patch,offset,limit,count-ms,lookup-mus,results
4,0,-2,10,19,6
5,0,-2,325,422,6
6,0,-2,254,424,6
7,0,-2,253,421,6
3,0,-2,274,545,6
2,0,-2,228,542,6
1,0,-2,229,546,9
0,0,-2,231,549,12
--- ---DELTA MATERIALIZED
patch_start,patch_end,offset,limit,count-ms,lookup-mus,results
0,1,0,-2,446,429,9
0,2,0,-2,441,423,6
0,3,0,-2,443,422,6
0,4,0,-2,223,438,12
0,5,0,-2,475,734,12
0,6,0,-2,463,740,12
0,7,0,-2,461,738,12
1,2,0,-2,423,421,9
1,3,0,-2,442,421,3
1,4,0,-2,222,430,9
1,5,0,-2,473,723,9
1,6,0,-2,459,726,9
1,7,0,-2,462,733,9
2,3,0,-2,421,420,6
2,4,0,-2,219,476,6
2,5,0,-2,471,761,6
2,6,0,-2,458,775,6
2,7,0,-2,459,770,6
3,4,0,-2,216,412,6
3,5,0,-2,474,706,6
3,6,0,-2,459,717,6
3,7,0,-2,459,712,6
4,5,0,-2,247,302,6
4,6,0,-2,250,313,6
4,7,0,-2,249,317,6
5,6,0,-2,498,315,3
5,7,0,-2,498,320,9
6,7,0,-2,499,317,6
--- ---VERSION
offset,limit,count-ms,lookup-mus,results
0,-2,336,944,27
---PATTERN START: http://aigp.csres.utexas.edu/~aigp/researcher/show/3661   .
--- ---VERSION MATERIALIZED
patch,offset,limit,count-ms,lookup-mus,results
4,0,-2,10,23,7
5,0,-2,387,634,7
6,0,-2,341,617,7
7,0,-2,342,618,7
3,0,-2,344,631,7
2,0,-2,300,631,7
1,0,-2,302,634,10
0,0,-2,303,637,13
--- ---DELTA MATERIALIZED
patch_start,patch_end,offset,limit,count-ms,lookup-mus,results
0,1,0,-2,595,502,9
0,2,0,-2,592,493,6
0,3,0,-2,593,493,6
0,4,0,-2,300,506,12
0,5,0,-2,631,909,12
0,6,0,-2,631,910,12
0,7,0,-2,633,914,12
1,2,0,-2,593,504,9
1,3,0,-2,597,494,3
1,4,0,-2,301,502,9
1,5,0,-2,637,904,9
1,6,0,-2,634,915,9
1,7,0,-2,635,907,9
2,3,0,-2,595,496,6
2,4,0,-2,301,542,6
2,5,0,-2,634,942,6
2,6,0,-2,633,945,6
2,7,0,-2,634,945,6
3,4,0,-2,302,488,6
3,5,0,-2,635,889,6
3,6,0,-2,631,892,6
3,7,0,-2,633,894,6
4,5,0,-2,334,409,6
4,6,0,-2,336,414,6
4,7,0,-2,336,416,6
5,6,0,-2,669,412,3
5,7,0,-2,667,421,9
6,7,0,-2,666,418,6
--- ---VERSION
offset,limit,count-ms,lookup-mus,results
0,-2,481,1345,28
---PATTERN START: http://aigp.csres.utexas.edu/~aigp/researcher/show/1045   .
--- ---VERSION MATERIALIZED
patch,offset,limit,count-ms,lookup-mus,results
4,0,-2,13,16,5
5,0,-2,235,312,5
6,0,-2,200,313,5
7,0,-2,193,313,5
3,0,-2,168,280,5
2,0,-2,141,280,5
1,0,-2,142,284,8
0,0,-2,143,289,11
--- ---DELTA MATERIALIZED
patch_start,patch_end,offset,limit,count-ms,lookup-mus,results
0,1,0,-2,272,260,9
0,2,0,-2,271,254,6
0,3,0,-2,271,255,6
0,4,0,-2,140,264,12
0,5,0,-2,326,477,12
0,6,0,-2,325,480,12
0,7,0,-2,325,483,12
1,2,0,-2,272,257,9
1,3,0,-2,269,253,3
1,4,0,-2,138,257,9
1,5,0,-2,323,469,9
1,6,0,-2,325,480,9
1,7,0,-2,324,473,9
2,3,0,-2,268,255,6
2,4,0,-2,136,273,6
2,5,0,-2,323,482,6
2,6,0,-2,322,485,6
2,7,0,-2,322,493,6
3,4,0,-2,139,250,6
3,5,0,-2,323,467,6
3,6,0,-2,323,470,6
3,7,0,-2,322,475,6
4,5,0,-2,187,223,6
4,6,0,-2,191,229,6
4,7,0,-2,189,229,6
5,6,0,-2,377,228,3
5,7,0,-2,377,233,9
6,7,0,-2,376,234,6
--- ---VERSION
offset,limit,count-ms,lookup-mus,results
0,-2,239,796,26
---PATTERN START: http://aigp.csres.utexas.edu/~aigp/researcher/show/3840   .
--- ---VERSION MATERIALIZED
patch,offset,limit,count-ms,lookup-mus,results
4,0,-2,10,21,6
5,0,-2,293,396,6
6,0,-2,232,381,6
7,0,-2,222,383,6
3,0,-2,204,349,6
2,0,-2,158,347,6
1,0,-2,159,354,9
0,0,-2,160,367,12
--- ---DELTA MATERIALIZED
patch_start,patch_end,offset,limit,count-ms,lookup-mus,results
0,1,0,-2,305,298,9
0,2,0,-2,306,283,6
0,3,0,-2,303,284,6
0,4,0,-2,156,298,12
0,5,0,-2,377,553,12
0,6,0,-2,371,558,12
0,7,0,-2,374,563,12
1,2,0,-2,305,290,9
1,3,0,-2,305,279,3
1,4,0,-2,157,287,9
1,5,0,-2,372,543,9
1,6,0,-2,373,546,9
1,7,0,-2,374,554,9
2,3,0,-2,307,283,6
2,4,0,-2,155,300,6
2,5,0,-2,372,548,6
2,6,0,-2,369,554,6
2,7,0,-2,370,557,6
3,4,0,-2,154,277,6
3,5,0,-2,373,531,6
3,6,0,-2,371,534,6
3,7,0,-2,372,533,6
4,5,0,-2,219,258,6
4,6,0,-2,218,262,6
4,7,0,-2,222,266,6
5,6,0,-2,433,261,3
5,7,0,-2,428,267,9
6,7,0,-2,429,261,6
--- ---VERSION
offset,limit,count-ms,lookup-mus,results
0,-2,262,976,27
---PATTERN START: http://aigp.csres.utexas.edu/~aigp/researcher/show/4060   .
--- ---VERSION MATERIALIZED
patch,offset,limit,count-ms,lookup-mus,results
4,0,-2,6,22,7
5,0,-2,396,605,7
6,0,-2,333,593,7
7,0,-2,336,592,7
3,0,-2,336,708,7
2,0,-2,299,701,7
1,0,-2,301,708,10
0,0,-2,303,709,13
--- ---DELTA MATERIALIZED
patch_start,patch_end,offset,limit,count-ms,lookup-mus,results
0,1,0,-2,590,522,9
0,2,0,-2,582,510,6
0,3,0,-2,582,513,6
0,4,0,-2,292,524,12
0,5,0,-2,630,915,12
0,6,0,-2,613,908,12
0,7,0,-2,610,913,12
1,2,0,-2,561,886,9
1,3,0,-2,585,511,3
1,4,0,-2,293,516,9
1,5,0,-2,632,898,9
1,6,0,-2,609,907,9
1,7,0,-2,611,905,9
2,3,0,-2,563,512,6
2,4,0,-2,289,540,6
2,5,0,-2,639,916,6
2,6,0,-2,607,920,6
2,7,0,-2,606,925,6
3,4,0,-2,282,491,6
3,5,0,-2,625,880,6
3,6,0,-2,608,886,6
3,7,0,-2,607,886,6
4,5,0,-2,328,395,6
4,6,0,-2,331,404,6
4,7,0,-2,333,408,6
5,6,0,-2,670,402,3
5,7,0,-2,677,399,9
6,7,0,-2,641,395,6
--- ---VERSION
offset,limit,count-ms,lookup-mus,results
0,-2,445,1329,28
---PATTERN START: http://aigp.csres.utexas.edu/~aigp/researcher/show/529   .
--- ---VERSION MATERIALIZED
patch,offset,limit,count-ms,lookup-mus,results
4,0,-2,10,22,7
5,0,-2,272,350,7
6,0,-2,198,359,7
7,0,-2,199,351,7
3,0,-2,234,484,7
2,0,-2,191,472,7
1,0,-2,191,476,10
0,0,-2,191,483,13
--- ---DELTA MATERIALIZED
patch_start,patch_end,offset,limit,count-ms,lookup-mus,results
0,1,0,-2,366,334,9
0,2,0,-2,365,328,6
0,3,0,-2,373,329,6
0,4,0,-2,188,341,12
0,5,0,-2,382,572,12
0,6,0,-2,381,575,12
0,7,0,-2,380,577,12
1,2,0,-2,362,331,9
1,3,0,-2,363,327,3
1,4,0,-2,187,335,9
1,5,0,-2,381,558,9
1,6,0,-2,378,561,9
1,7,0,-2,379,564,9
2,3,0,-2,361,327,6
2,4,0,-2,184,351,6
2,5,0,-2,380,572,6
2,6,0,-2,377,576,6
2,7,0,-2,375,581,6
3,4,0,-2,183,323,6
3,5,0,-2,378,546,6
3,6,0,-2,379,549,6
3,7,0,-2,377,552,6
4,5,0,-2,195,230,6
4,6,0,-2,197,233,6
4,7,0,-2,197,239,6
5,6,0,-2,386,232,3
5,7,0,-2,387,236,9
6,7,0,-2,383,232,6
--- ---VERSION
offset,limit,count-ms,lookup-mus,results
0,-2,277,951,28
---PATTERN START: http://aigp.csres.utexas.edu/~aigp/researcher/show/243   .
--- ---VERSION MATERIALIZED
patch,offset,limit,count-ms,lookup-mus,results
4,0,-2,10,23,7
5,0,-2,301,415,7
6,0,-2,206,375,10
7,0,-2,174,342,10
3,0,-2,226,508,7
2,0,-2,189,441,9
1,0,-2,192,409,12
0,0,-2,191,390,15
--- ---DELTA MATERIALIZED
patch_start,patch_end,offset,limit,count-ms,lookup-mus,results
0,1,0,-2,371,347,3
0,2,0,-2,369,348,6
0,3,0,-2,365,351,9
0,4,0,-2,187,370,15
0,5,0,-2,418,647,15
0,6,0,-2,386,653,18
0,7,0,-2,355,655,18
1,2,0,-2,365,345,3
1,3,0,-2,364,349,6
1,4,0,-2,186,360,12
1,5,0,-2,421,635,12
1,6,0,-2,386,644,15
1,7,0,-2,355,644,15
2,3,0,-2,363,343,3
2,4,0,-2,185,353,9
2,5,0,-2,417,621,9
2,6,0,-2,383,629,12
2,7,0,-2,352,629,12
3,4,0,-2,188,344,6
3,5,0,-2,417,611,6
3,6,0,-2,384,623,9
3,7,0,-2,350,621,9
4,5,0,-2,232,274,6
4,6,0,-2,204,284,9
4,7,0,-2,171,286,9
5,6,0,-2,432,277,3
5,7,0,-2,399,280,6
6,7,0,-2,370,285,9
--- ---VERSION
offset,limit,count-ms,lookup-mus,results
0,-2,300,964,28
---PATTERN START: http://aigp.csres.utexas.edu/~aigp/researcher/show/178   .
--- ---VERSION MATERIALIZED
patch,offset,limit,count-ms,lookup-mus,results
4,0,-2,8,21,7
5,0,-2,284,470,7
6,0,-2,207,436,10
7,0,-2,171,394,10
3,0,-2,279,566,7
2,0,-2,244,494,9
1,0,-2,244,469,12
0,0,-2,243,445,15
--- ---DELTA MATERIALIZED
patch_start,patch_end,offset,limit,count-ms,lookup-mus,results
0,1,0,-2,474,416,3
0,2,0,-2,471,416,6
0,3,0,-2,469,420,9
0,4,0,-2,241,430,15
0,5,0,-2,475,726,15
0,6,0,-2,439,736,18
0,7,0,-2,404,733,18
1,2,0,-2,469,414,3
1,3,0,-2,467,415,6
1,4,0,-2,237,424,12
1,5,0,-2,472,728,12
1,6,0,-2,443,730,15
1,7,0,-2,403,733,15
2,3,0,-2,472,416,3
2,4,0,-2,238,424,9
2,5,0,-2,481,712,9
2,6,0,-2,439,721,12
2,7,0,-2,402,721,12
3,4,0,-2,239,414,6
3,5,0,-2,477,703,6
3,6,0,-2,439,712,9
3,7,0,-2,402,711,9
4,5,0,-2,238,295,6
4,6,0,-2,205,306,9
4,7,0,-2,168,305,9
5,6,0,-2,440,297,3
5,7,0,-2,405,304,6
6,7,0,-2,370,306,9
--- ---VERSION
offset,limit,count-ms,lookup-mus,results
0,-2,336,1049,28
---PATTERN START: http://aigp.csres.utexas.edu/~aigp/researcher/show/3652   .
--- ---VERSION MATERIALIZED
patch,offset,limit,count-ms,lookup-mus,results
4,0,-2,9,22,7
5,0,-2,287,408,7
6,0,-2,229,406,7
7,0,-2,218,407,7
3,0,-2,281,592,7
2,0,-2,231,589,7
1,0,-2,234,595,10
0,0,-2,234,599,13
--- ---DELTA MATERIALIZED
patch_start,patch_end,offset,limit,count-ms,lookup-mus,results
0,1,0,-2,452,422,9
0,2,0,-2,451,416,6
0,3,0,-2,452,418,6
0,4,0,-2,231,429,12
0,5,0,-2,441,686,12
0,6,0,-2,444,693,12
0,7,0,-2,462,696,12
1,2,0,-2,449,424,9
1,3,0,-2,452,419,3
1,4,0,-2,230,428,9
1,5,0,-2,444,681,9
1,6,0,-2,444,682,9
1,7,0,-2,445,705,9
2,3,0,-2,460,420,6
2,4,0,-2,228,470,6
2,5,0,-2,441,716,6
2,6,0,-2,442,718,6
2,7,0,-2,440,722,6
3,4,0,-2,228,415,6
3,5,0,-2,443,665,6
3,6,0,-2,439,670,6
3,7,0,-2,440,673,6
4,5,0,-2,215,256,6
4,6,0,-2,216,261,6
4,7,0,-2,218,264,6
5,6,0,-2,427,262,3
5,7,0,-2,427,269,9
6,7,0,-2,428,268,6
--- ---VERSION
offset,limit,count-ms,lookup-mus,results
0,-2,326,1079,28
---PATTERN START: http://aigp.csres.utexas.edu/~aigp/researcher/show/427   .
--- ---VERSION MATERIALIZED
patch,offset,limit,count-ms,lookup-mus,results
4,0,-2,6,17,5
5,0,-2,414,548,5
6,0,-2,302,506,7
7,0,-2,265,467,7
3,0,-2,345,493,5
2,0,-2,291,495,8
1,0,-2,293,498,11
0,0,-2,294,510,14
--- ---DELTA MATERIALIZED
patch_start,patch_end,offset,limit,count-ms,lookup-mus,results
0,1,0,-2,575,508,3
0,2,0,-2,570,507,6
0,3,0,-2,572,509,9
0,4,0,-2,292,519,15
0,5,0,-2,622,925,15
0,6,0,-2,594,929,18
0,7,0,-2,543,931,18
1,2,0,-2,568,504,3
1,3,0,-2,575,509,6
1,4,0,-2,289,515,12
1,5,0,-2,621,916,12
1,6,0,-2,580,924,15
1,7,0,-2,541,924,15
2,3,0,-2,571,507,3
2,4,0,-2,290,511,9
2,5,0,-2,620,903,9
2,6,0,-2,582,914,12
2,7,0,-2,541,912,12
3,4,0,-2,289,500,6
3,5,0,-2,625,894,6
3,6,0,-2,583,902,9
3,7,0,-2,544,903,9
4,5,0,-2,336,400,6
4,6,0,-2,298,410,9
4,7,0,-2,258,400,9
5,6,0,-2,624,1200,3
5,7,0,-2,590,412,6
6,7,0,-2,547,402,9
--- ---VERSION
offset,limit,count-ms,lookup-mus,results
0,-2,462,1231,26
---PATTERN START: http://aigp.csres.utexas.edu/~aigp/researcher/show/1694   .
--- ---VERSION MATERIALIZED
patch,offset,limit,count-ms,lookup-mus,results
4,0,-2,9,23,7
5,0,-2,215,353,7
6,0,-2,171,341,7
7,0,-2,171,343,7
3,0,-2,177,382,7
2,0,-2,137,379,7
1,0,-2,139,385,10
0,0,-2,140,388,13
--- ---DELTA MATERIALIZED
patch_start,patch_end,offset,limit,count-ms,lookup-mus,results
0,1,0,-2,264,271,9
0,2,0,-2,265,265,6
0,3,0,-2,263,264,6
0,4,0,-2,135,278,12
0,5,0,-2,298,481,12
0,6,0,-2,298,485,12
0,7,0,-2,299,484,12
1,2,0,-2,262,270,9
1,3,0,-2,262,262,3
1,4,0,-2,137,269,9
1,5,0,-2,296,470,9
1,6,0,-2,297,473,9
1,7,0,-2,297,483,9
2,3,0,-2,262,267,6
2,4,0,-2,136,288,6
2,5,0,-2,299,486,6
2,6,0,-2,298,492,6
2,7,0,-2,297,488,6
3,4,0,-2,135,264,6
3,5,0,-2,301,462,6
3,6,0,-2,302,463,6
3,7,0,-2,300,468,6
4,5,0,-2,169,212,6
4,6,0,-2,168,212,6
4,7,0,-2,171,213,6
5,6,0,-2,329,209,3
5,7,0,-2,331,216,9
6,7,0,-2,331,215,6
--- ---VERSION
offset,limit,count-ms,lookup-mus,results
0,-2,206,819,28
---PATTERN START: http://aigp.csres.utexas.edu/~aigp/researcher/show/4086   .
--- ---VERSION MATERIALIZED
patch,offset,limit,count-ms,lookup-mus,results
4,0,-2,8,18,6
5,0,-2,230,287,6
6,0,-2,158,298,6
7,0,-2,158,286,6
3,0,-2,222,417,6
2,0,-2,175,402,6
1,0,-2,176,407,9
0,0,-2,178,411,12
--- ---DELTA MATERIALIZED
patch_start,patch_end,offset,limit,count-ms,lookup-mus,results
0,1,0,-2,342,303,9
0,2,0,-2,339,299,6
0,3,0,-2,339,300,6
0,4,0,-2,174,306,12
0,5,0,-2,329,496,12
0,6,0,-2,328,501,12
0,7,0,-2,330,502,12
1,2,0,-2,338,302,9
1,3,0,-2,339,295,3
1,4,0,-2,173,304,9
1,5,0,-2,325,489,9
1,6,0,-2,325,493,9
1,7,0,-2,326,496,9
2,3,0,-2,335,298,6
2,4,0,-2,179,319,6
2,5,0,-2,325,502,6
2,6,0,-2,325,504,6
2,7,0,-2,325,505,6
3,4,0,-2,170,292,6
3,5,0,-2,324,479,6
3,6,0,-2,323,483,6
3,7,0,-2,322,484,6
4,5,0,-2,156,190,6
4,6,0,-2,156,198,6
4,7,0,-2,156,199,6
5,6,0,-2,309,195,3
5,7,0,-2,308,202,9
6,7,0,-2,308,198,6
--- ---VERSION
offset,limit,count-ms,lookup-mus,results
0,-2,239,797,27
---PATTERN START: http://aigp.csres.utexas.edu/~aigp/researcher/show/1197   .
--- ---VERSION MATERIALIZED
patch,offset,limit,count-ms,lookup-mus,results
4,0,-2,12,19,7
5,0,-2,213,327,7
6,0,-2,187,329,7
7,0,-2,180,333,7
3,0,-2,172,408,7
2,0,-2,145,398,7
1,0,-2,146,404,10
0,0,-2,146,395,13
--- ---DELTA MATERIALIZED
patch_start,patch_end,offset,limit,count-ms,lookup-mus,results
0,1,0,-2,276,270,9
0,2,0,-2,273,266,6
0,3,0,-2,275,266,6
0,4,0,-2,143,275,12
0,5,0,-2,314,480,12
0,6,0,-2,311,482,12
0,7,0,-2,312,487,12
1,2,0,-2,272,271,9
1,3,0,-2,271,263,3
1,4,0,-2,139,269,9
1,5,0,-2,310,474,9
1,6,0,-2,310,477,9
1,7,0,-2,310,479,9
2,3,0,-2,270,267,6
2,4,0,-2,140,283,6
2,5,0,-2,309,485,6
2,6,0,-2,309,488,6
2,7,0,-2,309,493,6
3,4,0,-2,138,259,6
3,5,0,-2,317,464,6
3,6,0,-2,314,469,6
3,7,0,-2,315,473,6
4,5,0,-2,178,211,6
4,6,0,-2,179,219,6
4,7,0,-2,180,223,6
5,6,0,-2,353,222,3
5,7,0,-2,352,226,9
6,7,0,-2,353,221,6
--- ---VERSION
offset,limit,count-ms,lookup-mus,results
0,-2,235,823,28
---PATTERN START: http://aigp.csres.utexas.edu/~aigp/researcher/show/1008   .
--- ---VERSION MATERIALIZED
patch,offset,limit,count-ms,lookup-mus,results
4,0,-2,5,24,7
5,0,-2,390,682,7
6,0,-2,341,675,7
7,0,-2,344,667,7
3,0,-2,361,768,7
2,0,-2,325,767,7
1,0,-2,326,780,10
0,0,-2,330,776,13
--- ---DELTA MATERIALIZED
patch_start,patch_end,offset,limit,count-ms,lookup-mus,results
0,1,0,-2,640,553,9
0,2,0,-2,629,555,6
0,3,0,-2,632,546,6
0,4,0,-2,320,556,12
0,5,0,-2,642,942,12
0,6,0,-2,646,943,12
0,7,0,-2,647,947,12
1,2,0,-2,634,554,9
1,3,0,-2,629,545,3
1,4,0,-2,319,553,9
1,5,0,-2,642,930,9
1,6,0,-2,644,934,9
1,7,0,-2,645,935,9
2,3,0,-2,634,554,6
2,4,0,-2,317,582,6
2,5,0,-2,640,955,6
2,6,0,-2,643,1761,6
2,7,0,-2,642,975,6
3,4,0,-2,319,547,6
3,5,0,-2,662,942,6
3,6,0,-2,643,950,6
3,7,0,-2,647,943,6
4,5,0,-2,330,403,6
4,6,0,-2,336,410,6
4,7,0,-2,327,406,6
5,6,0,-2,667,404,3
5,7,0,-2,661,413,9
6,7,0,-2,661,408,6
--- ---VERSION
offset,limit,count-ms,lookup-mus,results
0,-2,494,1563,28
---PATTERN START: http://aigp.csres.utexas.edu/~aigp/researcher/show/4605   .
--- ---VERSION MATERIALIZED
patch,offset,limit,count-ms,lookup-mus,results
4,0,-2,9,23,8
5,0,-2,255,389,8
6,0,-2,194,376,8
7,0,-2,196,377,8
3,0,-2,209,459,8
2,0,-2,148,458,8
1,0,-2,151,487,11
0,0,-2,161,476,14
--- ---DELTA MATERIALIZED
patch_start,patch_end,offset,limit,count-ms,lookup-mus,results
0,1,0,-2,290,307,9
0,2,0,-2,288,302,6
0,3,0,-2,288,303,6
0,4,0,-2,150,312,12
0,5,0,-2,340,544,12
0,6,0,-2,345,546,12
0,7,0,-2,339,550,12
1,2,0,-2,286,302,9
1,3,0,-2,295,297,3
1,4,0,-2,147,307,9
1,5,0,-2,339,543,9
1,6,0,-2,334,545,9
1,7,0,-2,331,539,9
2,3,0,-2,283,300,6
2,4,0,-2,146,315,6
2,5,0,-2,337,541,6
2,6,0,-2,341,542,6
2,7,0,-2,333,543,6
3,4,0,-2,147,294,6
3,5,0,-2,336,526,6
3,6,0,-2,333,522,6
3,7,0,-2,334,524,6
4,5,0,-2,192,235,6
4,6,0,-2,195,237,6
4,7,0,-2,203,237,6
5,6,0,-2,370,228,3
5,7,0,-2,370,235,9
6,7,0,-2,372,233,6
--- ---VERSION
offset,limit,count-ms,lookup-mus,results
0,-2,248,907,29
---PATTERN START: http://aigp.csres.utexas.edu/~aigp/researcher/show/3281   .
--- ---VERSION MATERIALIZED
patch,offset,limit,count-ms,lookup-mus,results
4,0,-2,9,22,7
5,0,-2,280,378,7
6,0,-2,230,383,7
7,0,-2,223,385,7
3,0,-2,243,489,7
2,0,-2,194,472,7
1,0,-2,196,477,10
0,0,-2,196,479,13
--- ---DELTA MATERIALIZED
patch_start,patch_end,offset,limit,count-ms,lookup-mus,results
0,1,0,-2,378,320,9
0,2,0,-2,375,315,6
0,3,0,-2,374,316,6
0,4,0,-2,191,325,12
0,5,0,-2,410,576,12
0,6,0,-2,409,577,12
0,7,0,-2,407,581,12
1,2,0,-2,373,318,9
1,3,0,-2,374,312,3
1,4,0,-2,191,320,9
1,5,0,-2,408,565,9
1,6,0,-2,408,571,9
1,7,0,-2,409,569,9
2,3,0,-2,371,316,6
2,4,0,-2,189,339,6
2,5,0,-2,405,583,6
2,6,0,-2,407,583,6
2,7,0,-2,406,585,6
3,4,0,-2,188,308,6
3,5,0,-2,406,551,6
3,6,0,-2,407,557,6
3,7,0,-2,404,560,6
4,5,0,-2,219,249,6
4,6,0,-2,221,254,6
4,7,0,-2,220,259,6
5,6,0,-2,436,254,3
5,7,0,-2,435,263,9
6,7,0,-2,435,258,6
--- ---VERSION
offset,limit,count-ms,lookup-mus,results
0,-2,319,1032,28
---PATTERN START: http://aigp.csres.utexas.edu/~aigp/researcher/show/2070   .
--- ---VERSION MATERIALIZED
patch,offset,limit,count-ms,lookup-mus,results
4,0,-2,9,18,6
5,0,-2,251,404,6
6,0,-2,206,387,6
7,0,-2,207,390,6
3,0,-2,250,474,6
2,0,-2,199,474,6
1,0,-2,198,482,9
0,0,-2,200,484,12
--- ---DELTA MATERIALIZED
patch_start,patch_end,offset,limit,count-ms,lookup-mus,results
0,1,0,-2,386,367,9
0,2,0,-2,383,365,6
0,3,0,-2,383,363,6
0,4,0,-2,196,373,12
0,5,0,-2,396,627,12
0,6,0,-2,395,628,12
0,7,0,-2,395,631,12
1,2,0,-2,385,365,9
1,3,0,-2,381,362,3
1,4,0,-2,194,368,9
1,5,0,-2,392,650,9
1,6,0,-2,405,625,9
1,7,0,-2,396,629,9
2,3,0,-2,384,366,6
2,4,0,-2,194,383,6
2,5,0,-2,396,633,6
2,6,0,-2,395,634,6
2,7,0,-2,395,636,6
3,4,0,-2,196,360,6
3,5,0,-2,397,609,6
3,6,0,-2,397,615,6
3,7,0,-2,410,616,6
4,5,0,-2,203,255,6
4,6,0,-2,206,261,6
4,7,0,-2,204,270,6
5,6,0,-2,404,260,3
5,7,0,-2,403,266,9
6,7,0,-2,402,261,6
--- ---VERSION
offset,limit,count-ms,lookup-mus,results
0,-2,285,948,27
