---PATTERN START:  http://ogp.me/ns#postal-code  .
--- ---VERSION MATERIALIZED
patch,offset,limit,count-ms,lookup-mus,results
4,0,-2,10,927,441
5,0,-2,1863,10811,443
6,0,-2,1821,10527,453
7,0,-2,46,10476,467
3,0,-2,2447,13230,441
2,0,-2,2230,11845,454
1,0,-2,51,11776,449
0,0,-2,37,11696,453
--- ---DELTA MATERIALIZED
patch_start,patch_end,offset,limit,count-ms,lookup-mus,results
0,1,0,-2,71,4000,54
0,2,0,-2,2438,3986,171
0,3,0,-2,2315,4009,240
0,4,0,-2,31,4380,286
0,5,0,-2,1842,6757,332
0,6,0,-2,1745,7437,358
0,7,0,-2,66,7088,382
1,2,0,-2,2423,4139,149
1,3,0,-2,2433,3866,200
1,4,0,-2,46,4088,234
1,5,0,-2,1849,7087,294
1,6,0,-2,1754,6814,320
1,7,0,-2,82,7348,354
2,3,0,-2,4550,3686,83
2,4,0,-2,2232,3911,119
2,5,0,-2,4201,6885,209
2,6,0,-2,4198,6513,237
2,7,0,-2,2288,6822,279
3,4,0,-2,2309,3709,46
3,5,0,-2,4240,6619,146
3,6,0,-2,4149,6288,178
3,7,0,-2,2335,6411,224
4,5,0,-2,1794,2801,100
4,6,0,-2,1834,2916,132
4,7,0,-2,41,3015,188
5,6,0,-2,3418,2629,31
5,7,0,-2,1738,2827,115
6,7,0,-2,1827,2944,84
--- ---VERSION
offset,limit,count-ms,lookup-mus,results
0,-2,4095,25545,699
---PATTERN START:  http://d-nb.info/standards/elementset/gnd#relatedDdcWithDegreeOfDeterminacy1  .
--- ---VERSION MATERIALIZED
patch,offset,limit,count-ms,lookup-mus,results
4,0,-2,8,652,308
5,0,-2,1452,6776,343
6,0,-2,732,5859,285
7,0,-2,1331,6546,314
3,0,-2,383,5431,252
2,0,-2,274,5203,284
1,0,-2,270,5141,275
0,0,-2,271,5138,276
--- ---DELTA MATERIALIZED
patch_start,patch_end,offset,limit,count-ms,lookup-mus,results
0,1,0,-2,525,735,16
0,2,0,-2,529,833,69
0,3,0,-2,521,770,34
0,4,0,-2,267,602,32
0,5,0,-2,1598,2124,67
0,6,0,-2,990,2535,57
0,7,0,-2,1587,2261,38
1,2,0,-2,533,858,85
1,3,0,-2,524,763,32
1,4,0,-2,267,599,33
1,5,0,-2,1607,2922,68
1,6,0,-2,985,2542,58
1,7,0,-2,1592,2266,39
2,3,0,-2,546,822,53
2,4,0,-2,271,690,24
2,5,0,-2,1609,2204,59
2,6,0,-2,993,2556,1
2,7,0,-2,1593,2340,30
3,4,0,-2,266,898,56
3,5,0,-2,1593,2444,91
3,6,0,-2,984,2775,33
3,7,0,-2,1592,2589,62
4,5,0,-2,1330,1473,35
4,6,0,-2,723,1921,25
4,7,0,-2,1324,1631,6
5,6,0,-2,2047,1437,34
5,7,0,-2,2659,1481,53
6,7,0,-2,2039,1449,29
--- ---VERSION
offset,limit,count-ms,lookup-mus,results
0,-2,984,9680,343
---PATTERN START:  http://ogp.me/ns#locality  .
--- ---VERSION MATERIALIZED
patch,offset,limit,count-ms,lookup-mus,results
4,0,-2,9,1426,446
5,0,-2,1829,11732,448
6,0,-2,1814,11283,457
7,0,-2,40,11166,470
3,0,-2,3222,14959,446
2,0,-2,2322,12950,459
1,0,-2,54,12832,454
0,0,-2,35,12694,457
--- ---DELTA MATERIALIZED
patch_start,patch_end,offset,limit,count-ms,lookup-mus,results
0,1,0,-2,74,6215,73
0,2,0,-2,2419,6919,180
0,3,0,-2,2372,6497,244
0,4,0,-2,31,6730,287
0,5,0,-2,1852,9740,377
0,6,0,-2,1749,10980,358
0,7,0,-2,62,9909,408
1,2,0,-2,2405,6730,169
1,3,0,-2,2285,6452,219
1,4,0,-2,48,4442,234
1,5,0,-2,1883,7555,294
1,6,0,-2,1771,8682,357
1,7,0,-2,80,8154,425
2,3,0,-2,4497,6333,88
2,4,0,-2,2375,4001,119
2,5,0,-2,4021,7131,209
2,6,0,-2,3919,7900,244
2,7,0,-2,2412,7613,310
3,4,0,-2,2414,3852,46
3,5,0,-2,4061,6658,146
3,6,0,-2,3998,7553,179
3,7,0,-2,2302,7208,237
4,5,0,-2,1806,3192,100
4,6,0,-2,1817,4084,133
4,7,0,-2,33,3299,191
5,6,0,-2,3435,3051,39
5,7,0,-2,1852,3397,129
6,7,0,-2,1836,3147,100
--- ---VERSION
offset,limit,count-ms,lookup-mus,results
0,-2,3775,26726,718
---PATTERN START:  http://ogp.me/ns#country-name  .
--- ---VERSION MATERIALIZED
patch,offset,limit,count-ms,lookup-mus,results
4,0,-2,9,1207,446
5,0,-2,2165,11315,448
6,0,-2,1981,11118,457
7,0,-2,41,11014,470
3,0,-2,2694,14255,446
2,0,-2,3322,13443,459
1,0,-2,55,13423,454
0,0,-2,39,13150,457
--- ---DELTA MATERIALIZED
patch_start,patch_end,offset,limit,count-ms,lookup-mus,results
0,1,0,-2,77,6388,73
0,2,0,-2,2613,6892,180
0,3,0,-2,2595,6550,244
0,4,0,-2,33,6754,287
0,5,0,-2,2075,9776,377
0,6,0,-2,1931,10819,358
0,7,0,-2,67,9921,408
1,2,0,-2,2570,6856,169
1,3,0,-2,2617,6596,219
1,4,0,-2,50,4463,234
1,5,0,-2,2085,7878,294
1,6,0,-2,1942,8351,357
1,7,0,-2,83,8432,425
2,3,0,-2,4781,6199,88
2,4,0,-2,2559,4290,119
2,5,0,-2,4583,7557,209
2,6,0,-2,4553,7897,244
2,7,0,-2,2408,7566,310
3,4,0,-2,2422,4013,46
3,5,0,-2,4580,7295,146
3,6,0,-2,4485,7595,179
3,7,0,-2,2449,7032,237
4,5,0,-2,1991,3112,100
4,6,0,-2,2007,4017,133
4,7,0,-2,37,3381,191
5,6,0,-2,3776,2886,32
5,7,0,-2,1927,3193,118
6,7,0,-2,2055,3227,86
--- ---VERSION
offset,limit,count-ms,lookup-mus,results
0,-2,4486,25836,718
---PATTERN START:  http://ogp.me/ns#phone_number  .
--- ---VERSION MATERIALIZED
patch,offset,limit,count-ms,lookup-mus,results
4,0,-2,10,1123,444
5,0,-2,2074,11219,446
6,0,-2,1891,10304,455
7,0,-2,45,10327,470
3,0,-2,2477,14366,443
2,0,-2,2488,13331,457
1,0,-2,50,10129,330
0,0,-2,48,10431,305
--- ---DELTA MATERIALIZED
patch_start,patch_end,offset,limit,count-ms,lookup-mus,results
0,1,0,-2,84,4193,73
0,2,0,-2,2378,4463,181
0,3,0,-2,2434,4728,244
0,4,0,-2,45,6492,288
0,5,0,-2,1981,10079,378
0,6,0,-2,1883,10561,359
0,7,0,-2,81,10361,408
1,2,0,-2,2376,4425,170
1,3,0,-2,2445,4686,219
1,4,0,-2,45,4311,235
1,5,0,-2,1885,7840,295
1,6,0,-2,1937,8573,358
1,7,0,-2,82,8507,425
2,3,0,-2,4827,4249,89
2,4,0,-2,2305,3968,119
2,5,0,-2,4125,7421,209
2,6,0,-2,4371,8528,244
2,7,0,-2,2351,7385,309
3,4,0,-2,2316,3883,47
3,5,0,-2,4364,7351,147
3,6,0,-2,4313,8350,180
3,7,0,-2,2445,7279,237
4,5,0,-2,1834,2767,100
4,6,0,-2,1829,3845,133
4,7,0,-2,42,3482,190
5,6,0,-2,3857,3112,39
5,7,0,-2,1867,3136,128
6,7,0,-2,1870,3279,99
--- ---VERSION
offset,limit,count-ms,lookup-mus,results
0,-2,4375,26352,716
---PATTERN START:  http://ogp.me/ns#street-address  .
--- ---VERSION MATERIALIZED
patch,offset,limit,count-ms,lookup-mus,results
4,0,-2,10,945,441
5,0,-2,1984,10721,443
6,0,-2,1843,10979,453
7,0,-2,47,10320,467
3,0,-2,2551,13030,441
2,0,-2,2240,11669,454
1,0,-2,55,11638,449
0,0,-2,39,11518,453
--- ---DELTA MATERIALIZED
patch_start,patch_end,offset,limit,count-ms,lookup-mus,results
0,1,0,-2,80,3920,54
0,2,0,-2,2458,3839,171
0,3,0,-2,2341,4032,240
0,4,0,-2,36,4265,286
0,5,0,-2,1748,6902,332
0,6,0,-2,1880,7306,358
0,7,0,-2,71,7225,382
1,2,0,-2,2419,3958,149
1,3,0,-2,2328,3807,200
1,4,0,-2,51,4182,234
1,5,0,-2,1901,6895,294
1,6,0,-2,1779,7064,320
1,7,0,-2,88,7165,354
2,3,0,-2,4572,3785,83
2,4,0,-2,2406,3875,119
2,5,0,-2,4283,6679,209
2,6,0,-2,3979,6438,237
2,7,0,-2,2302,7082,279
3,4,0,-2,2369,3655,46
3,5,0,-2,4254,6337,146
3,6,0,-2,4025,6242,178
3,7,0,-2,2335,6768,224
4,5,0,-2,1771,2854,100
4,6,0,-2,1831,2971,132
4,7,0,-2,42,2829,188
5,6,0,-2,3433,2647,31
5,7,0,-2,1859,2997,115
6,7,0,-2,1872,2898,84
--- ---VERSION
offset,limit,count-ms,lookup-mus,results
0,-2,3890,24714,699
