---PATTERN START:   http://sec.gov/Archives/edgar/data/816956/0000914317-09-000511.txt .
--- ---VERSION MATERIALIZED
patch,offset,limit,count-ms,lookup-mus,results
4,0,-2,5,9,1
5,0,-2,206,104,1
6,0,-2,78,105,2
7,0,-2,82,106,1
3,0,-2,199,107,1
2,0,-2,87,102,1
1,0,-2,79,110,3
0,0,-2,79,114,4
--- ---DELTA MATERIALIZED
patch_start,patch_end,offset,limit,count-ms,lookup-mus,results
0,1,0,-2,148,77,1
0,2,0,-2,142,82,2
0,3,0,-2,149,84,3
0,4,0,-2,79,88,5
0,5,0,-2,150,156,5
0,6,0,-2,149,157,6
0,7,0,-2,147,156,6
1,2,0,-2,148,78,1
1,3,0,-2,151,79,2
1,4,0,-2,79,86,4
1,5,0,-2,150,154,4
1,6,0,-2,151,154,5
1,7,0,-2,147,154,5
2,3,0,-2,147,77,1
2,4,0,-2,75,82,3
2,5,0,-2,147,152,3
2,6,0,-2,145,150,4
2,7,0,-2,141,148,4
3,4,0,-2,78,81,2
3,5,0,-2,150,143,2
3,6,0,-2,146,145,3
3,7,0,-2,142,144,3
4,5,0,-2,73,72,2
4,6,0,-2,72,72,3
4,7,0,-2,69,71,3
5,6,0,-2,140,71,1
5,7,0,-2,133,70,2
6,7,0,-2,135,71,3
--- ---VERSION
offset,limit,count-ms,lookup-mus,results
0,-2,73,226,8
---PATTERN START:   http://d.opencalais.com/er/company/ralg-tr1r/7fb0d5f2-cdcb-388d-91db-fb710c3b211d .
--- ---VERSION MATERIALIZED
patch,offset,limit,count-ms,lookup-mus,results
4,0,-2,5,16,2
5,0,-2,231,172,2
6,0,-2,86,144,4
7,0,-2,78,144,2
3,0,-2,263,230,2
2,0,-2,141,191,2
1,0,-2,136,188,4
0,0,-2,141,213,8
--- ---DELTA MATERIALIZED
patch_start,patch_end,offset,limit,count-ms,lookup-mus,results
0,1,0,-2,1057,167,2
0,2,0,-2,258,171,4
0,3,0,-2,264,174,6
0,4,0,-2,137,190,10
0,5,0,-2,218,286,8
0,6,0,-2,215,289,10
0,7,0,-2,206,288,12
1,2,0,-2,241,162,2
1,3,0,-2,248,166,4
1,4,0,-2,122,170,8
1,5,0,-2,198,267,6
1,6,0,-2,201,273,8
1,7,0,-2,190,276,10
2,3,0,-2,251,164,2
2,4,0,-2,124,168,6
2,5,0,-2,208,268,6
2,6,0,-2,204,276,8
2,7,0,-2,195,274,8
3,4,0,-2,133,163,4
3,5,0,-2,213,265,4
3,6,0,-2,217,276,6
3,7,0,-2,206,271,6
4,5,0,-2,84,113,4
4,6,0,-2,83,118,6
4,7,0,-2,75,118,6
5,6,0,-2,159,112,2
5,7,0,-2,151,115,4
6,7,0,-2,151,118,6
--- ---VERSION
offset,limit,count-ms,lookup-mus,results
0,-2,124,474,15
---PATTERN START:   http://swrc.ontoware.org/ontology#volume .
--- ---VERSION MATERIALIZED
patch,offset,limit,count-ms,lookup-mus,results
4,0,-2,5,20,7
5,0,-2,400,610,7
6,0,-2,285,528,7
7,0,-2,226,416,8
3,0,-2,432,642,7
2,0,-2,317,552,7
1,0,-2,324,569,14
0,0,-2,325,581,20
--- ---DELTA MATERIALIZED
patch_start,patch_end,offset,limit,count-ms,lookup-mus,results
0,1,0,-2,630,577,6
0,2,0,-2,626,593,18
0,3,0,-2,625,592,18
0,4,0,-2,318,617,30
0,5,0,-2,597,945,30
0,6,0,-2,596,952,30
0,7,0,-2,507,969,36
1,2,0,-2,627,587,12
1,3,0,-2,623,586,12
1,4,0,-2,317,604,24
1,5,0,-2,594,928,24
1,6,0,-2,595,933,24
1,7,0,-2,505,951,30
2,3,0,-2,618,585,12
2,4,0,-2,321,644,12
2,5,0,-2,589,963,12
2,6,0,-2,589,969,12
2,7,0,-2,499,983,18
3,4,0,-2,315,568,12
3,5,0,-2,590,888,12
3,6,0,-2,592,892,12
3,7,0,-2,500,912,18
4,5,0,-2,280,335,12
4,6,0,-2,279,340,12
4,7,0,-2,189,357,18
5,6,0,-2,555,335,6
5,7,0,-2,462,355,18
6,7,0,-2,464,345,12
--- ---VERSION
offset,limit,count-ms,lookup-mus,results
0,-2,434,1869,49
---PATTERN START:   http://www.london-gazette.co.uk/issues/59418/notices/1118052/page.htm .
--- ---VERSION MATERIALIZED
patch,offset,limit,count-ms,lookup-mus,results
4,0,-2,4,8,1
5,0,-2,236,152,1
6,0,-2,122,151,1
7,0,-2,113,151,1
3,0,-2,248,164,1
2,0,-2,122,163,1
1,0,-2,120,165,2
0,0,-2,123,167,3
--- ---DELTA MATERIALIZED
patch_start,patch_end,offset,limit,count-ms,lookup-mus,results
0,1,0,-2,232,152,3
0,2,0,-2,232,153,2
0,3,0,-2,232,150,2
0,4,0,-2,119,170,4
0,5,0,-2,230,270,4
0,6,0,-2,224,270,4
0,7,0,-2,225,267,4
1,2,0,-2,236,160,3
1,3,0,-2,235,157,1
1,4,0,-2,122,163,3
1,5,0,-2,230,262,3
1,6,0,-2,225,266,3
1,7,0,-2,221,269,3
2,3,0,-2,234,160,2
2,4,0,-2,120,171,2
2,5,0,-2,225,270,2
2,6,0,-2,221,275,2
2,7,0,-2,221,272,2
3,4,0,-2,119,160,2
3,5,0,-2,222,250,2
3,6,0,-2,222,243,2
3,7,0,-2,220,244,2
4,5,0,-2,106,98,2
4,6,0,-2,105,98,2
4,7,0,-2,104,99,2
5,6,0,-2,203,101,1
5,7,0,-2,203,101,3
6,7,0,-2,203,99,2
--- ---VERSION
offset,limit,count-ms,lookup-mus,results
0,-2,125,491,8
---PATTERN START:   http://www.loa-cnr.it/ontologies/DUL.owl#SocialPerson .
--- ---VERSION MATERIALIZED
patch,offset,limit,count-ms,lookup-mus,results
4,0,-2,4,7,1
5,0,-2,220,150,1
6,0,-2,117,139,1
7,0,-2,109,134,1
3,0,-2,199,142,1
2,0,-2,86,132,1
1,0,-2,87,122,2
0,0,-2,88,123,3
--- ---DELTA MATERIALIZED
patch_start,patch_end,offset,limit,count-ms,lookup-mus,results
0,1,0,-2,163,94,1
0,2,0,-2,162,93,2
0,3,0,-2,161,93,3
0,4,0,-2,84,96,5
0,5,0,-2,167,167,5
0,6,0,-2,156,169,6
0,7,0,-2,147,168,6
1,2,0,-2,161,92,1
1,3,0,-2,160,93,2
1,4,0,-2,83,93,4
1,5,0,-2,167,164,4
1,6,0,-2,153,165,5
1,7,0,-2,146,164,5
2,3,0,-2,162,91,1
2,4,0,-2,82,93,3
2,5,0,-2,165,160,3
2,6,0,-2,154,161,4
2,7,0,-2,146,162,4
3,4,0,-2,82,88,2
3,5,0,-2,167,156,2
3,6,0,-2,152,159,3
3,7,0,-2,146,162,3
4,5,0,-2,86,70,2
4,6,0,-2,74,72,3
4,7,0,-2,69,72,3
5,6,0,-2,155,72,1
5,7,0,-2,149,72,2
6,7,0,-2,137,75,3
--- ---VERSION
offset,limit,count-ms,lookup-mus,results
0,-2,80,417,8
---PATTERN START:   http://www.gazettes-online.co.uk/ontology/legislation#thebrent(parkingplaces)(no.1,2001)(amendmentno.1)order2010 .
--- ---VERSION MATERIALIZED
patch,offset,limit,count-ms,lookup-mus,results
4,0,-2,4,13,3
5,0,-2,340,365,3
6,0,-2,229,300,3
7,0,-2,210,290,3
3,0,-2,347,385,3
2,0,-2,218,324,3
1,0,-2,215,315,6
0,0,-2,216,304,9
--- ---DELTA MATERIALIZED
patch_start,patch_end,offset,limit,count-ms,lookup-mus,results
0,1,0,-2,430,385,7
0,2,0,-2,427,384,7
0,3,0,-2,439,412,7
0,4,0,-2,236,427,13
0,5,0,-2,443,654,13
0,6,0,-2,436,660,14
0,7,0,-2,406,657,14
1,2,0,-2,1249,412,8
1,3,0,-2,463,409,4
1,4,0,-2,232,423,10
1,5,0,-2,441,654,10
1,6,0,-2,419,648,11
1,7,0,-2,407,652,11
2,3,0,-2,428,403,6
2,4,0,-2,216,407,6
2,5,0,-2,415,615,6
2,6,0,-2,405,619,7
2,7,0,-2,379,623,7
3,4,0,-2,214,376,6
3,5,0,-2,414,583,6
3,6,0,-2,405,586,7
3,7,0,-2,382,589,7
4,5,0,-2,201,213,6
4,6,0,-2,191,222,7
4,7,0,-2,167,218,7
5,6,0,-2,386,216,3
5,7,0,-2,363,221,8
6,7,0,-2,354,218,7
--- ---VERSION
offset,limit,count-ms,lookup-mus,results
0,-2,286,1155,24
---PATTERN START:   http://www.handbook.qut.edu.au/courses/it/staff.jsp .
--- ---VERSION MATERIALIZED
patch,offset,limit,count-ms,lookup-mus,results
4,0,-2,5,11,2
5,0,-2,284,275,2
6,0,-2,183,240,3
7,0,-2,174,213,3
3,0,-2,293,272,2
2,0,-2,174,239,3
1,0,-2,175,238,4
0,0,-2,175,240,5
--- ---DELTA MATERIALIZED
patch_start,patch_end,offset,limit,count-ms,lookup-mus,results
0,1,0,-2,324,240,1
0,2,0,-2,324,237,2
0,3,0,-2,322,240,3
0,4,0,-2,164,244,5
0,5,0,-2,320,403,5
0,6,0,-2,309,406,6
0,7,0,-2,294,406,6
1,2,0,-2,323,236,1
1,3,0,-2,322,235,2
1,4,0,-2,165,239,4
1,5,0,-2,319,402,4
1,6,0,-2,309,404,5
1,7,0,-2,293,403,5
2,3,0,-2,322,236,1
2,4,0,-2,163,237,3
2,5,0,-2,322,409,3
2,6,0,-2,314,411,4
2,7,0,-2,298,410,4
3,4,0,-2,168,239,2
3,5,0,-2,323,406,2
3,6,0,-2,314,410,3
3,7,0,-2,299,410,3
4,5,0,-2,158,161,2
4,6,0,-2,153,165,3
4,7,0,-2,136,166,3
5,6,0,-2,308,165,1
5,7,0,-2,291,168,2
6,7,0,-2,279,168,3
--- ---VERSION
offset,limit,count-ms,lookup-mus,results
0,-2,182,510,9
---PATTERN START:   http://purl.org/net/provenance/files#usedGuidelineFile .
--- ---VERSION MATERIALIZED
patch,offset,limit,count-ms,lookup-mus,results
4,0,-2,5,8,1
5,0,-2,284,184,1
6,0,-2,168,169,1
7,0,-2,150,164,1
3,0,-2,246,164,1
2,0,-2,130,171,1
1,0,-2,134,155,2
0,0,-2,133,156,3
--- ---DELTA MATERIALIZED
patch_start,patch_end,offset,limit,count-ms,lookup-mus,results
0,1,0,-2,253,173,1
0,2,0,-2,250,172,2
0,3,0,-2,250,174,3
0,4,0,-2,128,177,5
0,5,0,-2,272,318,5
0,6,0,-2,251,322,6
0,7,0,-2,236,320,6
1,2,0,-2,265,171,1
1,3,0,-2,250,171,2
1,4,0,-2,132,174,4
1,5,0,-2,262,312,4
1,6,0,-2,249,310,5
1,7,0,-2,233,310,5
2,3,0,-2,244,169,1
2,4,0,-2,127,168,3
2,5,0,-2,262,306,3
2,6,0,-2,247,306,4
2,7,0,-2,239,306,4
3,4,0,-2,126,166,2
3,5,0,-2,262,301,2
3,6,0,-2,246,305,3
3,7,0,-2,231,303,3
4,5,0,-2,148,140,2
4,6,0,-2,124,139,3
4,7,0,-2,108,139,3
5,6,0,-2,260,138,1
5,7,0,-2,240,141,2
6,7,0,-2,227,140,3
--- ---VERSION
offset,limit,count-ms,lookup-mus,results
0,-2,150,455,8
---PATTERN START:   http://diskpig.org/blog .
--- ---VERSION MATERIALIZED
patch,offset,limit,count-ms,lookup-mus,results
4,0,-2,5,7,1
5,0,-2,310,213,1
6,0,-2,206,192,1
7,0,-2,184,182,1
3,0,-2,278,163,1
2,0,-2,143,176,1
1,0,-2,150,163,2
0,0,-2,152,166,3
--- ---DELTA MATERIALIZED
patch_start,patch_end,offset,limit,count-ms,lookup-mus,results
0,1,0,-2,281,217,1
0,2,0,-2,279,217,2
0,3,0,-2,280,214,3
0,4,0,-2,143,222,5
0,5,0,-2,318,402,5
0,6,0,-2,303,386,6
0,7,0,-2,292,382,6
1,2,0,-2,279,202,1
1,3,0,-2,276,202,2
1,4,0,-2,144,205,4
1,5,0,-2,310,378,4
1,6,0,-2,303,384,5
1,7,0,-2,288,381,5
2,3,0,-2,274,203,1
2,4,0,-2,140,202,3
2,5,0,-2,310,375,3
2,6,0,-2,326,388,4
2,7,0,-2,299,377,4
3,4,0,-2,140,207,2
3,5,0,-2,313,370,2
3,6,0,-2,304,373,3
3,7,0,-2,294,388,3
4,5,0,-2,171,185,2
4,6,0,-2,173,181,3
4,7,0,-2,156,182,3
5,6,0,-2,342,180,1
5,7,0,-2,327,184,2
6,7,0,-2,318,182,3
--- ---VERSION
offset,limit,count-ms,lookup-mus,results
0,-2,197,477,8
---PATTERN START:   http://www.bosatsu.net/foaf/brian.rdf .
--- ---VERSION MATERIALIZED
patch,offset,limit,count-ms,lookup-mus,results
4,0,-2,5,8,1
5,0,-2,341,236,1
6,0,-2,229,234,1
7,0,-2,213,208,1
3,0,-2,333,226,1
2,0,-2,199,237,1
1,0,-2,215,226,2
0,0,-2,211,232,3
--- ---DELTA MATERIALIZED
patch_start,patch_end,offset,limit,count-ms,lookup-mus,results
0,1,0,-2,393,280,1
0,2,0,-2,397,271,2
0,3,0,-2,392,275,3
0,4,0,-2,200,283,5
0,5,0,-2,393,502,5
0,6,0,-2,378,500,6
0,7,0,-2,362,500,6
1,2,0,-2,385,254,1
1,3,0,-2,384,254,2
1,4,0,-2,194,255,4
1,5,0,-2,385,454,4
1,6,0,-2,375,454,5
1,7,0,-2,356,455,5
2,3,0,-2,386,249,1
2,4,0,-2,194,256,3
2,5,0,-2,382,450,3
2,6,0,-2,372,451,4
2,7,0,-2,356,452,4
3,4,0,-2,197,251,2
3,5,0,-2,383,445,2
3,6,0,-2,372,449,3
3,7,0,-2,359,446,3
4,5,0,-2,192,198,2
4,6,0,-2,180,220,3
4,7,0,-2,175,211,3
5,6,0,-2,386,218,1
5,7,0,-2,380,221,2
6,7,0,-2,371,222,3
--- ---VERSION
offset,limit,count-ms,lookup-mus,results
0,-2,246,529,8
---PATTERN START:   http://lod.geospecies.org/orders/zyb2p .
--- ---VERSION MATERIALIZED
patch,offset,limit,count-ms,lookup-mus,results
4,0,-2,5,32,10
5,0,-2,318,636,10
6,0,-2,180,385,11
7,0,-2,145,359,11
3,0,-2,279,568,10
2,0,-2,159,385,11
1,0,-2,158,391,14
0,0,-2,158,392,17
--- ---DELTA MATERIALIZED
patch_start,patch_end,offset,limit,count-ms,lookup-mus,results
0,1,0,-2,305,270,7
0,2,0,-2,302,269,6
0,3,0,-2,300,269,7
0,4,0,-2,155,280,13
0,5,0,-2,333,461,13
0,6,0,-2,298,465,14
0,7,0,-2,272,468,14
1,2,0,-2,299,271,7
1,3,0,-2,298,263,4
1,4,0,-2,155,272,10
1,5,0,-2,330,454,10
1,6,0,-2,295,462,11
1,7,0,-2,275,460,11
2,3,0,-2,298,269,5
2,4,0,-2,153,268,7
2,5,0,-2,332,442,7
2,6,0,-2,299,448,8
2,7,0,-2,273,450,8
3,4,0,-2,153,263,6
3,5,0,-2,334,437,6
3,6,0,-2,299,443,7
3,7,0,-2,273,444,7
4,5,0,-2,179,190,6
4,6,0,-2,147,189,7
4,7,0,-2,124,192,7
5,6,0,-2,324,187,3
5,7,0,-2,301,194,8
6,7,0,-2,262,192,7
--- ---VERSION
offset,limit,count-ms,lookup-mus,results
0,-2,196,1254,31
---PATTERN START:   https://118586ac-a-47a503ad-s-sites.googlegroups.com/a/gearoid.org/index/index/78f7eea5cda74c6912341f44f8d52726fa977248 .
--- ---VERSION MATERIALIZED
patch,offset,limit,count-ms,lookup-mus,results
4,0,-2,5,11,2
5,0,-2,502,470,2
6,0,-2,291,406,2
7,0,-2,257,410,2
3,0,-2,606,568,2
2,0,-2,383,489,2
1,0,-2,399,496,4
0,0,-2,312,431,6
--- ---DELTA MATERIALIZED
patch_start,patch_end,offset,limit,count-ms,lookup-mus,results
0,1,0,-2,692,480,2
0,2,0,-2,639,464,4
0,3,0,-2,759,469,6
0,4,0,-2,318,509,10
0,5,0,-2,696,911,10
0,6,0,-2,634,918,12
0,7,0,-2,613,907,12
1,2,0,-2,769,500,2
1,3,0,-2,900,501,4
1,4,0,-2,415,537,8
1,5,0,-2,766,932,8
1,6,0,-2,1517,860,10
1,7,0,-2,614,830,10
2,3,0,-2,761,450,2
2,4,0,-2,320,445,6
2,5,0,-2,638,800,6
2,6,0,-2,587,808,8
2,7,0,-2,562,796,8
3,4,0,-2,440,462,4
3,5,0,-2,758,811,4
3,6,0,-2,712,820,6
3,7,0,-2,691,808,6
4,5,0,-2,322,359,4
4,6,0,-2,266,363,6
4,7,0,-2,239,356,6
5,6,0,-2,572,350,2
5,7,0,-2,549,351,4
6,7,0,-2,494,354,6
--- ---VERSION
offset,limit,count-ms,lookup-mus,results
0,-2,370,996,16
---PATTERN START:   http://www.softwarememetics.com/about_us.html .
--- ---VERSION MATERIALIZED
patch,offset,limit,count-ms,lookup-mus,results
4,0,-2,5,8,1
5,0,-2,354,253,1
6,0,-2,248,240,1
7,0,-2,208,206,1
3,0,-2,319,235,1
2,0,-2,201,232,1
1,0,-2,197,216,2
0,0,-2,195,220,3
--- ---DELTA MATERIALIZED
patch_start,patch_end,offset,limit,count-ms,lookup-mus,results
0,1,0,-2,370,281,1
0,2,0,-2,375,282,2
0,3,0,-2,378,284,3
0,4,0,-2,193,290,5
0,5,0,-2,396,511,5
0,6,0,-2,375,517,6
0,7,0,-2,366,513,6
1,2,0,-2,370,277,1
1,3,0,-2,381,283,2
1,4,0,-2,191,283,4
1,5,0,-2,396,475,4
1,6,0,-2,373,479,5
1,7,0,-2,353,481,5
2,3,0,-2,365,262,1
2,4,0,-2,187,262,3
2,5,0,-2,385,474,3
2,6,0,-2,371,477,4
2,7,0,-2,353,473,4
3,4,0,-2,186,261,2
3,5,0,-2,385,1277,2
3,6,0,-2,371,472,3
3,7,0,-2,351,474,3
4,5,0,-2,201,206,2
4,6,0,-2,187,208,3
4,7,0,-2,167,210,3
5,6,0,-2,398,207,1
5,7,0,-2,366,209,2
6,7,0,-2,347,211,3
--- ---VERSION
offset,limit,count-ms,lookup-mus,results
0,-2,226,521,8
---PATTERN START:   http://ontrenet.com/ .
--- ---VERSION MATERIALIZED
patch,offset,limit,count-ms,lookup-mus,results
4,0,-2,5,7,1
5,0,-2,276,182,1
6,0,-2,196,182,1
7,0,-2,169,165,1
3,0,-2,274,166,1
2,0,-2,142,176,1
1,0,-2,144,164,2
0,0,-2,145,165,3
--- ---DELTA MATERIALIZED
patch_start,patch_end,offset,limit,count-ms,lookup-mus,results
0,1,0,-2,274,189,1
0,2,0,-2,273,187,2
0,3,0,-2,276,188,3
0,4,0,-2,140,192,5
0,5,0,-2,292,348,5
0,6,0,-2,282,351,6
0,7,0,-2,272,353,6
1,2,0,-2,273,186,1
1,3,0,-2,276,186,2
1,4,0,-2,141,188,4
1,5,0,-2,289,338,4
1,6,0,-2,278,343,5
1,7,0,-2,267,342,5
2,3,0,-2,269,182,1
2,4,0,-2,137,184,3
2,5,0,-2,285,335,3
2,6,0,-2,280,337,4
2,7,0,-2,266,339,4
3,4,0,-2,137,181,2
3,5,0,-2,286,332,2
3,6,0,-2,275,338,3
3,7,0,-2,266,335,3
4,5,0,-2,149,152,2
4,6,0,-2,141,154,3
4,7,0,-2,131,156,3
5,6,0,-2,284,153,1
5,7,0,-2,278,154,2
6,7,0,-2,266,156,3
--- ---VERSION
offset,limit,count-ms,lookup-mus,results
0,-2,166,459,8
---PATTERN START:   http://zepheira.com/team/eric/#me .
--- ---VERSION MATERIALIZED
patch,offset,limit,count-ms,lookup-mus,results
4,0,-2,4,11,2
5,0,-2,354,310,2
6,0,-2,241,258,3
7,0,-2,202,218,3
3,0,-2,289,236,2
2,0,-2,159,216,3
1,0,-2,160,216,4
0,0,-2,157,218,5
--- ---DELTA MATERIALIZED
patch_start,patch_end,offset,limit,count-ms,lookup-mus,results
0,1,0,-2,307,223,1
0,2,0,-2,308,222,2
0,3,0,-2,305,222,3
0,4,0,-2,157,232,5
0,5,0,-2,364,442,5
0,6,0,-2,342,444,6
0,7,0,-2,319,443,6
1,2,0,-2,305,222,1
1,3,0,-2,305,222,2
1,4,0,-2,154,233,4
1,5,0,-2,365,484,4
1,6,0,-2,351,489,5
1,7,0,-2,331,492,5
2,3,0,-2,309,245,1
2,4,0,-2,163,243,3
2,5,0,-2,381,480,3
2,6,0,-2,367,487,4
2,7,0,-2,332,482,4
3,4,0,-2,158,243,2
3,5,0,-2,378,480,2
3,6,0,-2,349,482,3
3,7,0,-2,325,483,3
4,5,0,-2,209,236,2
4,6,0,-2,206,236,3
4,7,0,-2,176,242,3
5,6,0,-2,427,236,1
5,7,0,-2,399,236,2
6,7,0,-2,382,241,3
--- ---VERSION
offset,limit,count-ms,lookup-mus,results
0,-2,219,521,9
---PATTERN START:   http://www.deri.ie/about/team/member/gearoid_hynes/ .
--- ---VERSION MATERIALIZED
patch,offset,limit,count-ms,lookup-mus,results
4,0,-2,5,12,2
5,0,-2,455,452,2
6,0,-2,279,404,2
7,0,-2,250,387,2
3,0,-2,474,485,2
2,0,-2,283,398,2
1,0,-2,300,432,4
0,0,-2,249,390,6
--- ---DELTA MATERIALIZED
patch_start,patch_end,offset,limit,count-ms,lookup-mus,results
0,1,0,-2,534,369,2
0,2,0,-2,505,366,4
0,3,0,-2,598,370,6
0,4,0,-2,247,377,10
0,5,0,-2,568,748,10
0,6,0,-2,508,753,12
0,7,0,-2,488,746,12
1,2,0,-2,545,370,2
1,3,0,-2,652,369,4
1,4,0,-2,298,396,8
1,5,0,-2,615,757,8
1,6,0,-2,556,765,10
1,7,0,-2,536,754,10
2,3,0,-2,599,366,2
2,4,0,-2,269,372,6
2,5,0,-2,584,669,6
2,6,0,-2,486,671,8
2,7,0,-2,465,664,8
3,4,0,-2,329,340,4
3,5,0,-2,613,670,4
3,6,0,-2,569,675,6
3,7,0,-2,547,668,6
4,5,0,-2,288,330,4
4,6,0,-2,242,332,6
4,7,0,-2,222,326,6
5,6,0,-2,524,320,2
5,7,0,-2,505,325,4
6,7,0,-2,456,327,6
--- ---VERSION
offset,limit,count-ms,lookup-mus,results
0,-2,304,834,16
---PATTERN START:   http://www.itee.uq.edu.au/people/staff/davec.html .
--- ---VERSION MATERIALIZED
patch,offset,limit,count-ms,lookup-mus,results
4,0,-2,4,8,1
5,0,-2,335,243,1
6,0,-2,228,225,1
7,0,-2,226,216,1
3,0,-2,275,183,1
2,0,-2,156,183,1
1,0,-2,157,175,2
0,0,-2,158,181,3
--- ---DELTA MATERIALIZED
patch_start,patch_end,offset,limit,count-ms,lookup-mus,results
0,1,0,-2,298,209,1
0,2,0,-2,299,210,2
0,3,0,-2,301,213,3
0,4,0,-2,152,217,5
0,5,0,-2,360,428,5
0,6,0,-2,338,431,6
0,7,0,-2,320,433,6
1,2,0,-2,292,213,1
1,3,0,-2,294,210,2
1,4,0,-2,154,217,4
1,5,0,-2,364,404,4
1,6,0,-2,322,389,5
1,7,0,-2,311,388,5
2,3,0,-2,286,193,1
2,4,0,-2,144,193,3
2,5,0,-2,330,382,3
2,6,0,-2,322,385,4
2,7,0,-2,312,385,4
3,4,0,-2,144,193,2
3,5,0,-2,329,380,2
3,6,0,-2,321,382,3
3,7,0,-2,312,383,3
4,5,0,-2,185,190,2
4,6,0,-2,176,192,3
4,7,0,-2,165,193,3
5,6,0,-2,355,191,1
5,7,0,-2,356,190,2
6,7,0,-2,336,193,3
--- ---VERSION
offset,limit,count-ms,lookup-mus,results
0,-2,187,480,8
---PATTERN START:   http://www.livejournal.com/users/nooks/ .
--- ---VERSION MATERIALIZED
patch,offset,limit,count-ms,lookup-mus,results
4,0,-2,5,8,1
5,0,-2,343,270,1
6,0,-2,241,241,1
7,0,-2,220,214,1
3,0,-2,323,234,1
2,0,-2,206,238,1
1,0,-2,209,234,2
0,0,-2,216,231,3
--- ---DELTA MATERIALIZED
patch_start,patch_end,offset,limit,count-ms,lookup-mus,results
0,1,0,-2,403,283,1
0,2,0,-2,409,281,2
0,3,0,-2,410,285,3
0,4,0,-2,210,289,5
0,5,0,-2,424,521,5
0,6,0,-2,402,523,6
0,7,0,-2,383,521,6
1,2,0,-2,401,276,1
1,3,0,-2,403,282,2
1,4,0,-2,207,278,4
1,5,0,-2,419,494,4
1,6,0,-2,403,497,5
1,7,0,-2,382,493,5
2,3,0,-2,399,267,1
2,4,0,-2,204,267,3
2,5,0,-2,421,487,3
2,6,0,-2,405,489,4
2,7,0,-2,384,492,4
3,4,0,-2,204,265,2
3,5,0,-2,419,484,2
3,6,0,-2,403,486,3
3,7,0,-2,384,486,3
4,5,0,-2,218,219,2
4,6,0,-2,202,223,3
4,7,0,-2,179,222,3
5,6,0,-2,415,220,1
5,7,0,-2,389,224,2
6,7,0,-2,374,222,3
--- ---VERSION
offset,limit,count-ms,lookup-mus,results
0,-2,251,539,8
---PATTERN START:   http://www.last.fm/user/bblfish .
--- ---VERSION MATERIALIZED
patch,offset,limit,count-ms,lookup-mus,results
4,0,-2,5,18,5
5,0,-2,524,703,6
6,0,-2,372,552,8
7,0,-2,318,500,8
3,0,-2,416,573,5
2,0,-2,304,474,6
1,0,-2,307,472,10
0,0,-2,310,474,13
--- ---DELTA MATERIALIZED
patch_start,patch_end,offset,limit,count-ms,lookup-mus,results
0,1,0,-2,597,529,5
0,2,0,-2,593,501,7
0,3,0,-2,591,504,8
0,4,0,-2,301,510,14
0,5,0,-2,685,958,15
0,6,0,-2,625,967,17
0,7,0,-2,575,968,17
1,2,0,-2,588,503,6
1,3,0,-2,591,500,5
1,4,0,-2,300,505,11
1,5,0,-2,684,953,12
1,6,0,-2,625,970,14
1,7,0,-2,577,983,14
2,3,0,-2,589,522,5
2,4,0,-2,297,516,7
2,5,0,-2,684,963,8
2,6,0,-2,624,968,10
2,7,0,-2,578,969,10
3,4,0,-2,297,506,6
3,5,0,-2,684,954,7
3,6,0,-2,638,965,9
3,7,0,-2,574,965,9
4,5,0,-2,385,455,7
4,6,0,-2,325,460,9
4,7,0,-2,278,459,9
5,6,0,-2,708,455,4
5,7,0,-2,657,459,8
6,7,0,-2,594,462,10
--- ---VERSION
offset,limit,count-ms,lookup-mus,results
0,-2,440,1485,28
---PATTERN START:   http://etymon.blogspot.com/ .
--- ---VERSION MATERIALIZED
patch,offset,limit,count-ms,lookup-mus,results
4,0,-2,6,13,3
5,0,-2,322,415,3
6,0,-2,219,305,4
7,0,-2,204,292,4
3,0,-2,270,306,3
2,0,-2,146,225,4
1,0,-2,147,228,5
0,0,-2,147,233,6
--- ---DELTA MATERIALIZED
patch_start,patch_end,offset,limit,count-ms,lookup-mus,results
0,1,0,-2,287,218,1
0,2,0,-2,279,200,2
0,3,0,-2,283,209,3
0,4,0,-2,147,203,5
0,5,0,-2,334,393,5
0,6,0,-2,324,396,6
0,7,0,-2,311,395,6
1,2,0,-2,280,199,1
1,3,0,-2,281,198,2
1,4,0,-2,144,202,4
1,5,0,-2,332,393,4
1,6,0,-2,324,394,5
1,7,0,-2,309,393,5
2,3,0,-2,280,198,1
2,4,0,-2,142,199,3
2,5,0,-2,334,387,3
2,6,0,-2,325,390,4
2,7,0,-2,311,388,4
3,4,0,-2,143,200,2
3,5,0,-2,340,410,2
3,6,0,-2,338,414,3
3,7,0,-2,318,413,3
4,5,0,-2,197,203,2
4,6,0,-2,193,206,3
4,7,0,-2,180,207,3
5,6,0,-2,388,205,1
5,7,0,-2,375,205,2
6,7,0,-2,368,208,3
--- ---VERSION
offset,limit,count-ms,lookup-mus,results
0,-2,205,565,10
---PATTERN START:   http://www.w3.org/People/all#swick .
--- ---VERSION MATERIALIZED
patch,offset,limit,count-ms,lookup-mus,results
4,0,-2,6,8,1
5,0,-2,335,244,1
6,0,-2,252,236,1
7,0,-2,206,207,1
3,0,-2,309,219,1
2,0,-2,192,233,1
1,0,-2,197,223,2
0,0,-2,205,222,3
--- ---DELTA MATERIALIZED
patch_start,patch_end,offset,limit,count-ms,lookup-mus,results
0,1,0,-2,384,256,1
0,2,0,-2,381,254,2
0,3,0,-2,378,254,3
0,4,0,-2,193,261,5
0,5,0,-2,399,484,5
0,6,0,-2,383,485,6
0,7,0,-2,363,488,6
1,2,0,-2,377,248,1
1,3,0,-2,375,244,2
1,4,0,-2,190,245,4
1,5,0,-2,401,456,4
1,6,0,-2,381,460,5
1,7,0,-2,360,459,5
2,3,0,-2,375,240,1
2,4,0,-2,190,257,3
2,5,0,-2,397,455,3
2,6,0,-2,378,459,4
2,7,0,-2,356,458,4
3,4,0,-2,189,239,2
3,5,0,-2,396,450,2
3,6,0,-2,380,454,3
3,7,0,-2,357,452,3
4,5,0,-2,210,213,2
4,6,0,-2,191,230,3
4,7,0,-2,178,230,3
5,6,0,-2,420,228,1
5,7,0,-2,396,229,2
6,7,0,-2,378,228,3
--- ---VERSION
offset,limit,count-ms,lookup-mus,results
0,-2,250,532,8
---PATTERN START:   mailto:em@zepheira.com .
--- ---VERSION MATERIALIZED
patch,offset,limit,count-ms,lookup-mus,results
4,0,-2,6,7,1
5,0,-2,219,128,1
6,0,-2,125,127,1
7,0,-2,119,118,1
3,0,-2,239,142,1
2,0,-2,118,157,1
1,0,-2,120,141,2
0,0,-2,119,140,3
--- ---DELTA MATERIALIZED
patch_start,patch_end,offset,limit,count-ms,lookup-mus,results
0,1,0,-2,227,169,1
0,2,0,-2,230,165,2
0,3,0,-2,226,167,3
0,4,0,-2,118,170,5
0,5,0,-2,210,258,5
0,6,0,-2,207,259,6
0,7,0,-2,198,263,6
1,2,0,-2,226,164,1
1,3,0,-2,225,166,2
1,4,0,-2,116,167,4
1,5,0,-2,210,256,4
1,6,0,-2,204,256,5
1,7,0,-2,198,256,5
2,3,0,-2,225,160,1
2,4,0,-2,116,163,3
2,5,0,-2,207,245,3
2,6,0,-2,204,249,4
2,7,0,-2,198,247,4
3,4,0,-2,115,163,2
3,5,0,-2,212,244,2
3,6,0,-2,202,248,3
3,7,0,-2,196,246,3
4,5,0,-2,94,86,2
4,6,0,-2,92,89,3
4,7,0,-2,85,89,3
5,6,0,-2,179,87,1
5,7,0,-2,174,92,2
6,7,0,-2,170,90,3
--- ---VERSION
offset,limit,count-ms,lookup-mus,results
0,-2,116,398,8
---PATTERN START:   http://d.opencalais.com/er/company/ralg-tr1r/af84ad38-063e-3c08-8a05-8ef11e730630 .
--- ---VERSION MATERIALIZED
patch,offset,limit,count-ms,lookup-mus,results
4,0,-2,6,24,8
5,0,-2,338,461,8
6,0,-2,204,354,16
7,0,-2,204,325,8
3,0,-2,386,557,8
2,0,-2,275,434,16
1,0,-2,277,451,24
0,0,-2,279,443,24
--- ---DELTA MATERIALIZED
patch_start,patch_end,offset,limit,count-ms,lookup-mus,results
0,1,0,-2,536,570,8
0,2,0,-2,537,580,16
0,3,0,-2,533,595,24
0,4,0,-2,268,641,40
0,5,0,-2,466,955,40
0,6,0,-2,468,976,46
0,7,0,-2,458,958,42
1,2,0,-2,546,567,8
1,3,0,-2,541,586,16
1,4,0,-2,275,627,32
1,5,0,-2,474,930,32
1,6,0,-2,473,963,40
1,7,0,-2,462,949,36
2,3,0,-2,541,572,8
2,4,0,-2,274,614,24
2,5,0,-2,476,929,24
2,6,0,-2,473,956,32
2,7,0,-2,462,946,32
3,4,0,-2,272,587,16
3,5,0,-2,471,896,16
3,6,0,-2,468,930,24
3,7,0,-2,460,925,24
4,5,0,-2,198,341,16
4,6,0,-2,202,373,24
4,7,0,-2,190,358,24
5,6,0,-2,392,323,8
5,7,0,-2,381,339,16
6,7,0,-2,387,354,24
--- ---VERSION
offset,limit,count-ms,lookup-mus,results
0,-2,353,1647,61
---PATTERN START:   http://www.gazettes-online.co.uk/ontology/legislation#thebrent(parkingplaces)(no.3)order2010 .
--- ---VERSION MATERIALIZED
patch,offset,limit,count-ms,lookup-mus,results
4,0,-2,6,13,3
5,0,-2,338,327,3
6,0,-2,240,301,3
7,0,-2,196,248,3
3,0,-2,357,362,3
2,0,-2,228,311,3
1,0,-2,226,320,6
0,0,-2,225,303,9
--- ---DELTA MATERIALIZED
patch_start,patch_end,offset,limit,count-ms,lookup-mus,results
0,1,0,-2,448,412,7
0,2,0,-2,442,408,7
0,3,0,-2,439,406,7
0,4,0,-2,226,415,13
0,5,0,-2,421,691,13
0,6,0,-2,435,703,14
0,7,0,-2,410,706,14
1,2,0,-2,456,449,8
1,3,0,-2,473,442,4
1,4,0,-2,243,448,10
1,5,0,-2,444,687,10
1,6,0,-2,434,692,11
1,7,0,-2,410,690,11
2,3,0,-2,471,447,6
2,4,0,-2,239,479,6
2,5,0,-2,444,712,6
2,6,0,-2,432,690,7
2,7,0,-2,388,662,7
3,4,0,-2,223,398,6
3,5,0,-2,415,617,6
3,6,0,-2,412,622,7
3,7,0,-2,385,625,7
4,5,0,-2,196,224,6
4,6,0,-2,194,228,7
4,7,0,-2,167,231,7
5,6,0,-2,383,226,3
5,7,0,-2,359,233,8
6,7,0,-2,353,233,7
--- ---VERSION
offset,limit,count-ms,lookup-mus,results
0,-2,292,1114,24
---PATTERN START:   http://sec.gov/Archives/edgar/data/773840/0000930413-08-002454.txt .
--- ---VERSION MATERIALIZED
patch,offset,limit,count-ms,lookup-mus,results
4,0,-2,6,14,1
5,0,-2,219,119,1
6,0,-2,90,120,2
7,0,-2,90,121,2
3,0,-2,210,119,1
2,0,-2,91,121,2
1,0,-2,93,123,3
0,0,-2,95,124,4
--- ---DELTA MATERIALIZED
patch_start,patch_end,offset,limit,count-ms,lookup-mus,results
0,1,0,-2,174,101,1
0,2,0,-2,173,100,2
0,3,0,-2,173,102,3
0,4,0,-2,89,104,5
0,5,0,-2,176,201,5
0,6,0,-2,174,204,6
0,7,0,-2,171,203,6
1,2,0,-2,176,99,1
1,3,0,-2,175,102,2
1,4,0,-2,92,106,4
1,5,0,-2,177,197,4
1,6,0,-2,172,200,5
1,7,0,-2,172,200,5
2,3,0,-2,172,100,1
2,4,0,-2,90,102,3
2,5,0,-2,178,195,3
2,6,0,-2,170,199,4
2,7,0,-2,172,198,4
3,4,0,-2,89,98,2
3,5,0,-2,172,188,2
3,6,0,-2,173,190,3
3,7,0,-2,170,190,3
4,5,0,-2,84,99,2
4,6,0,-2,85,98,3
4,7,0,-2,84,100,3
5,6,0,-2,163,97,1
5,7,0,-2,164,99,2
6,7,0,-2,164,100,3
--- ---VERSION
offset,limit,count-ms,lookup-mus,results
0,-2,100,277,8
---PATTERN START:   http://swrc.ontoware.org/ontology#source .
--- ---VERSION MATERIALIZED
patch,offset,limit,count-ms,lookup-mus,results
4,0,-2,7,8,1
5,0,-2,215,153,1
6,0,-2,94,148,1
7,0,-2,108,132,1
3,0,-2,194,141,1
2,0,-2,85,141,1
1,0,-2,85,139,2
0,0,-2,88,126,3
--- ---DELTA MATERIALIZED
patch_start,patch_end,offset,limit,count-ms,lookup-mus,results
0,1,0,-2,162,95,1
0,2,0,-2,161,94,3
0,3,0,-2,160,95,3
0,4,0,-2,85,98,5
0,5,0,-2,171,173,5
0,6,0,-2,170,175,5
0,7,0,-2,152,176,6
1,2,0,-2,160,93,2
1,3,0,-2,162,93,2
1,4,0,-2,83,96,4
1,5,0,-2,168,169,4
1,6,0,-2,172,170,4
1,7,0,-2,152,171,5
2,3,0,-2,159,94,2
2,4,0,-2,83,100,2
2,5,0,-2,170,170,2
2,6,0,-2,169,174,2
2,7,0,-2,151,173,3
3,4,0,-2,83,91,2
3,5,0,-2,169,167,2
3,6,0,-2,173,163,2
3,7,0,-2,151,166,3
4,5,0,-2,90,75,2
4,6,0,-2,90,76,2
4,7,0,-2,72,78,3
5,6,0,-2,174,76,1
5,7,0,-2,159,78,3
6,7,0,-2,157,77,2
--- ---VERSION
offset,limit,count-ms,lookup-mus,results
0,-2,83,436,8
---PATTERN START:   http://www.london-gazette.co.uk/issues/59418/notices/1118048 .
--- ---VERSION MATERIALIZED
patch,offset,limit,count-ms,lookup-mus,results
4,0,-2,5,10,2
5,0,-2,289,272,2
6,0,-2,182,231,2
7,0,-2,159,202,2
3,0,-2,289,282,2
2,0,-2,162,247,2
1,0,-2,163,250,4
0,0,-2,164,228,6
--- ---DELTA MATERIALIZED
patch_start,patch_end,offset,limit,count-ms,lookup-mus,results
0,1,0,-2,315,255,4
0,2,0,-2,312,252,5
0,3,0,-2,314,251,5
0,4,0,-2,161,262,9
0,5,0,-2,313,422,9
0,6,0,-2,300,424,10
0,7,0,-2,282,424,10
1,2,0,-2,319,267,5
1,3,0,-2,319,264,3
1,4,0,-2,163,270,7
1,5,0,-2,321,436,7
1,6,0,-2,305,442,8
1,7,0,-2,289,443,8
2,3,0,-2,315,264,4
2,4,0,-2,160,302,4
2,5,0,-2,315,466,4
2,6,0,-2,303,469,5
2,7,0,-2,283,468,5
3,4,0,-2,164,252,4
3,5,0,-2,316,426,4
3,6,0,-2,303,778,5
3,7,0,-2,285,419,5
4,5,0,-2,155,163,4
4,6,0,-2,142,165,5
4,7,0,-2,123,165,5
5,6,0,-2,293,162,2
5,7,0,-2,273,165,5
6,7,0,-2,261,166,5
--- ---VERSION
offset,limit,count-ms,lookup-mus,results
0,-2,192,769,16
---PATTERN START:   http://www.loa-cnr.it/ontologies/DUL.owl#concretelyExpresses .
--- ---VERSION MATERIALIZED
patch,offset,limit,count-ms,lookup-mus,results
4,0,-2,6,11,2
5,0,-2,212,204,2
6,0,-2,114,151,3
7,0,-2,103,145,3
3,0,-2,212,201,2
2,0,-2,96,176,3
1,0,-2,97,177,4
0,0,-2,97,181,5
--- ---DELTA MATERIALIZED
patch_start,patch_end,offset,limit,count-ms,lookup-mus,results
0,1,0,-2,181,110,1
0,2,0,-2,185,110,2
0,3,0,-2,181,111,3
0,4,0,-2,94,114,5
0,5,0,-2,196,190,5
0,6,0,-2,171,192,6
0,7,0,-2,168,204,6
1,2,0,-2,181,105,1
1,3,0,-2,180,107,2
1,4,0,-2,96,111,4
1,5,0,-2,188,185,4
1,6,0,-2,170,190,5
1,7,0,-2,164,189,5
2,3,0,-2,180,108,1
2,4,0,-2,99,108,3
2,5,0,-2,188,181,3
2,6,0,-2,171,187,4
2,7,0,-2,163,186,4
3,4,0,-2,93,108,2
3,5,0,-2,190,181,2
3,6,0,-2,170,185,3
3,7,0,-2,165,192,3
4,5,0,-2,98,79,2
4,6,0,-2,82,84,3
4,7,0,-2,76,83,3
5,6,0,-2,178,80,1
5,7,0,-2,169,83,2
6,7,0,-2,152,83,3
--- ---VERSION
offset,limit,count-ms,lookup-mus,results
0,-2,94,440,9
---PATTERN START:   http://purl.org/net/provenance/files#usedDataFile .
--- ---VERSION MATERIALIZED
patch,offset,limit,count-ms,lookup-mus,results
4,0,-2,6,7,1
5,0,-2,277,198,1
6,0,-2,164,175,1
7,0,-2,145,161,1
3,0,-2,249,183,1
2,0,-2,140,191,1
1,0,-2,143,170,2
0,0,-2,143,171,3
--- ---DELTA MATERIALIZED
patch_start,patch_end,offset,limit,count-ms,lookup-mus,results
0,1,0,-2,272,182,1
0,2,0,-2,270,183,2
0,3,0,-2,271,181,3
0,4,0,-2,139,186,5
0,5,0,-2,278,326,5
0,6,0,-2,261,328,6
0,7,0,-2,242,330,6
1,2,0,-2,269,179,1
1,3,0,-2,270,179,2
1,4,0,-2,138,182,4
1,5,0,-2,279,322,4
1,6,0,-2,259,327,5
1,7,0,-2,241,325,5
2,3,0,-2,270,179,1
2,4,0,-2,137,180,3
2,5,0,-2,277,318,3
2,6,0,-2,261,322,4
2,7,0,-2,240,323,4
3,4,0,-2,137,178,2
3,5,0,-2,277,316,2
3,6,0,-2,259,318,3
3,7,0,-2,244,318,3
4,5,0,-2,144,143,2
4,6,0,-2,125,144,3
4,7,0,-2,107,144,3
5,6,0,-2,264,151,1
5,7,0,-2,246,145,2
6,7,0,-2,228,146,3
--- ---VERSION
offset,limit,count-ms,lookup-mus,results
0,-2,162,454,8
---PATTERN START:   http://lod.geospecies.org/orders/ywWNa .
--- ---VERSION MATERIALIZED
patch,offset,limit,count-ms,lookup-mus,results
4,0,-2,6,32,10
5,0,-2,327,600,10
6,0,-2,177,374,11
7,0,-2,137,348,11
3,0,-2,271,552,10
2,0,-2,160,366,11
1,0,-2,161,369,14
0,0,-2,160,373,17
--- ---DELTA MATERIALIZED
patch_start,patch_end,offset,limit,count-ms,lookup-mus,results
0,1,0,-2,307,267,7
0,2,0,-2,309,263,6
0,3,0,-2,306,264,7
0,4,0,-2,157,274,13
0,5,0,-2,335,457,13
0,6,0,-2,299,460,14
0,7,0,-2,271,461,14
1,2,0,-2,304,263,7
1,3,0,-2,303,263,4
1,4,0,-2,158,269,10
1,5,0,-2,339,450,10
1,6,0,-2,299,454,11
1,7,0,-2,273,455,11
2,3,0,-2,305,262,5
2,4,0,-2,156,262,7
2,5,0,-2,338,442,7
2,6,0,-2,299,444,8
2,7,0,-2,271,445,8
3,4,0,-2,155,260,6
3,5,0,-2,336,440,6
3,6,0,-2,297,442,7
3,7,0,-2,268,443,7
4,5,0,-2,183,185,6
4,6,0,-2,143,187,7
4,7,0,-2,118,189,7
5,6,0,-2,318,188,3
5,7,0,-2,292,192,8
6,7,0,-2,252,193,7
--- ---VERSION
offset,limit,count-ms,lookup-mus,results
0,-2,191,1216,31
---PATTERN START:   http://d.opencalais.com/er/company/ralg-tr1r/29d48a16-4b3a-3d7d-8305-0a3a3226879c .
--- ---VERSION MATERIALIZED
patch,offset,limit,count-ms,lookup-mus,results
4,0,-2,6,8,1
5,0,-2,306,188,1
6,0,-2,158,178,1
7,0,-2,168,191,2
3,0,-2,306,237,1
2,0,-2,176,203,1
1,0,-2,165,188,2
0,0,-2,188,217,3
--- ---DELTA MATERIALIZED
patch_start,patch_end,offset,limit,count-ms,lookup-mus,results
0,1,0,-2,317,193,1
0,2,0,-2,335,189,2
0,3,0,-2,364,191,3
0,4,0,-2,178,209,5
0,5,0,-2,335,382,5
0,6,0,-2,318,374,6
0,7,0,-2,336,384,6
1,2,0,-2,308,190,1
1,3,0,-2,336,192,2
1,4,0,-2,151,194,4
1,5,0,-2,309,365,4
1,6,0,-2,288,361,5
1,7,0,-2,306,368,5
2,3,0,-2,345,186,1
2,4,0,-2,164,193,3
2,5,0,-2,309,363,3
2,6,0,-2,294,359,4
2,7,0,-2,310,365,4
3,4,0,-2,186,190,2
3,5,0,-2,338,359,2
3,6,0,-2,321,357,3
3,7,0,-2,337,363,3
4,5,0,-2,154,172,2
4,6,0,-2,138,166,3
4,7,0,-2,156,172,3
5,6,0,-2,286,171,1
5,7,0,-2,302,181,2
6,7,0,-2,286,173,3
--- ---VERSION
offset,limit,count-ms,lookup-mus,results
0,-2,178,322,8
---PATTERN START:   http://sec.gov/Archives/edgar/data/1750/0001047469-08-008126.txt .
--- ---VERSION MATERIALIZED
patch,offset,limit,count-ms,lookup-mus,results
4,0,-2,6,9,1
5,0,-2,209,113,1
6,0,-2,87,106,1
7,0,-2,101,109,1
3,0,-2,220,143,1
2,0,-2,119,140,1
1,0,-2,105,137,2
0,0,-2,124,143,3
--- ---DELTA MATERIALIZED
patch_start,patch_end,offset,limit,count-ms,lookup-mus,results
0,1,0,-2,201,107,1
0,2,0,-2,204,104,2
0,3,0,-2,211,106,3
0,4,0,-2,106,116,5
0,5,0,-2,188,187,5
0,6,0,-2,178,189,6
0,7,0,-2,183,188,6
1,2,0,-2,200,103,1
1,3,0,-2,210,106,2
1,4,0,-2,102,110,4
1,5,0,-2,181,182,4
1,6,0,-2,172,181,5
1,7,0,-2,175,181,5
2,3,0,-2,210,104,1
2,4,0,-2,105,110,3
2,5,0,-2,184,180,3
2,6,0,-2,173,180,4
2,7,0,-2,179,180,4
3,4,0,-2,116,105,2
3,5,0,-2,191,173,2
3,6,0,-2,180,175,3
3,7,0,-2,183,173,3
4,5,0,-2,81,75,2
4,6,0,-2,71,75,3
4,7,0,-2,77,76,3
5,6,0,-2,146,72,1
5,7,0,-2,151,74,2
6,7,0,-2,141,77,3
--- ---VERSION
offset,limit,count-ms,lookup-mus,results
0,-2,103,208,8
---PATTERN START:   http://swrc.ontoware.org/ontology#howpublished .
--- ---VERSION MATERIALIZED
patch,offset,limit,count-ms,lookup-mus,results
4,0,-2,6,8,2
5,0,-2,232,212,2
6,0,-2,123,213,2
7,0,-2,126,177,2
3,0,-2,231,215,2
2,0,-2,120,203,2
1,0,-2,121,176,4
0,0,-2,123,160,6
--- ---DELTA MATERIALIZED
patch_start,patch_end,offset,limit,count-ms,lookup-mus,results
0,1,0,-2,230,171,2
0,2,0,-2,230,176,6
0,3,0,-2,230,172,6
0,4,0,-2,118,182,10
0,5,0,-2,232,297,10
0,6,0,-2,233,298,10
0,7,0,-2,205,305,12
1,2,0,-2,229,171,4
1,3,0,-2,228,171,4
1,4,0,-2,118,175,8
1,5,0,-2,232,293,8
1,6,0,-2,231,293,8
1,7,0,-2,206,297,10
2,3,0,-2,227,171,4
2,4,0,-2,118,179,4
2,5,0,-2,231,293,4
2,6,0,-2,232,294,4
2,7,0,-2,202,302,6
3,4,0,-2,116,166,4
3,5,0,-2,230,281,4
3,6,0,-2,231,280,4
3,7,0,-2,205,285,6
4,5,0,-2,117,118,4
4,6,0,-2,117,123,4
4,7,0,-2,89,124,6
5,6,0,-2,229,120,2
5,7,0,-2,203,125,6
6,7,0,-2,204,123,4
--- ---VERSION
offset,limit,count-ms,lookup-mus,results
0,-2,142,676,16
---PATTERN START:   http://www.london-gazette.co.uk/issues/59418/notices/1118001/page.htm .
--- ---VERSION MATERIALIZED
patch,offset,limit,count-ms,lookup-mus,results
4,0,-2,6,7,1
5,0,-2,218,147,1
6,0,-2,101,129,1
7,0,-2,100,128,1
3,0,-2,213,144,1
2,0,-2,99,134,1
1,0,-2,101,136,2
0,0,-2,102,140,3
--- ---DELTA MATERIALIZED
patch_start,patch_end,offset,limit,count-ms,lookup-mus,results
0,1,0,-2,194,125,3
0,2,0,-2,188,119,2
0,3,0,-2,193,119,2
0,4,0,-2,97,122,4
0,5,0,-2,189,212,4
0,6,0,-2,188,210,4
0,7,0,-2,187,214,4
1,2,0,-2,185,121,3
1,3,0,-2,188,118,1
1,4,0,-2,98,121,3
1,5,0,-2,190,210,3
1,6,0,-2,187,211,3
1,7,0,-2,186,209,3
2,3,0,-2,192,119,2
2,4,0,-2,99,125,2
2,5,0,-2,191,212,2
2,6,0,-2,184,210,2
2,7,0,-2,185,207,2
3,4,0,-2,95,119,2
3,5,0,-2,195,196,2
3,6,0,-2,184,199,2
3,7,0,-2,185,198,2
4,5,0,-2,93,88,2
4,6,0,-2,95,89,2
4,7,0,-2,94,90,2
5,6,0,-2,180,90,1
5,7,0,-2,180,92,3
6,7,0,-2,182,90,2
--- ---VERSION
offset,limit,count-ms,lookup-mus,results
0,-2,108,458,8
---PATTERN START:   http://www.loa-cnr.it/ontologies/DUL.owl#NaturalPerson .
--- ---VERSION MATERIALIZED
patch,offset,limit,count-ms,lookup-mus,results
4,0,-2,6,7,1
5,0,-2,224,171,1
6,0,-2,119,160,1
7,0,-2,112,148,1
3,0,-2,199,155,1
2,0,-2,91,150,1
1,0,-2,91,128,2
0,0,-2,90,129,3
--- ---DELTA MATERIALIZED
patch_start,patch_end,offset,limit,count-ms,lookup-mus,results
0,1,0,-2,167,99,1
0,2,0,-2,167,96,2
0,3,0,-2,166,96,3
0,4,0,-2,86,103,5
0,5,0,-2,181,177,5
0,6,0,-2,164,179,6
0,7,0,-2,160,181,6
1,2,0,-2,167,94,1
1,3,0,-2,168,97,2
1,4,0,-2,88,96,4
1,5,0,-2,179,170,4
1,6,0,-2,162,174,5
1,7,0,-2,156,172,5
2,3,0,-2,167,92,1
2,4,0,-2,86,94,3
2,5,0,-2,181,166,3
2,6,0,-2,162,169,4
2,7,0,-2,156,169,4
3,4,0,-2,86,91,2
3,5,0,-2,178,163,2
3,6,0,-2,164,166,3
3,7,0,-2,155,165,3
4,5,0,-2,95,76,2
4,6,0,-2,82,79,3
4,7,0,-2,74,78,3
5,6,0,-2,169,77,1
5,7,0,-2,162,77,2
6,7,0,-2,154,83,3
--- ---VERSION
offset,limit,count-ms,lookup-mus,results
0,-2,91,420,8
---PATTERN START:   http://www.gazettes-online.co.uk/ontology/legislation#them53motorway(junction1,northboundandsouthboundcarriagewaysandsouthboundentrysliproad)(temporaryprohibitionandrestrictionoftraffic)order2010 .
--- ---VERSION MATERIALIZED
patch,offset,limit,count-ms,lookup-mus,results
4,0,-2,6,8,1
5,0,-2,232,185,1
6,0,-2,123,181,1
7,0,-2,112,182,1
3,0,-2,209,175,1
2,0,-2,107,173,1
1,0,-2,107,174,2
0,0,-2,110,174,3
--- ---DELTA MATERIALIZED
patch_start,patch_end,offset,limit,count-ms,lookup-mus,results
0,1,0,-2,206,133,3
0,2,0,-2,205,132,2
0,3,0,-2,206,129,2
0,4,0,-2,106,132,4
0,5,0,-2,217,219,4
0,6,0,-2,206,237,4
0,7,0,-2,215,234,4
1,2,0,-2,210,139,3
1,3,0,-2,220,136,1
1,4,0,-2,111,138,3
1,5,0,-2,220,232,3
1,6,0,-2,216,230,3
1,7,0,-2,214,230,3
2,3,0,-2,211,138,2
2,4,0,-2,111,148,2
2,5,0,-2,219,236,2
2,6,0,-2,212,237,2
2,7,0,-2,211,236,2
3,4,0,-2,109,136,2
3,5,0,-2,218,226,2
3,6,0,-2,215,229,2
3,7,0,-2,216,227,2
4,5,0,-2,108,92,2
4,6,0,-2,103,87,2
4,7,0,-2,103,89,2
5,6,0,-2,200,88,1
5,7,0,-2,200,90,3
6,7,0,-2,200,88,2
--- ---VERSION
offset,limit,count-ms,lookup-mus,results
0,-2,93,474,8
---PATTERN START:   http://purl.org/meducator/resources/3b914b02-c0db-4902-9af0-f893312ccde1 .
--- ---VERSION MATERIALIZED
patch,offset,limit,count-ms,lookup-mus,results
4,0,-2,6,9,1
5,0,-2,339,247,1
6,0,-2,204,260,1
7,0,-2,185,231,1
3,0,-2,336,261,1
2,0,-2,214,265,2
1,0,-2,215,265,3
0,0,-2,215,282,4
--- ---DELTA MATERIALIZED
patch_start,patch_end,offset,limit,count-ms,lookup-mus,results
0,1,0,-2,435,310,1
0,2,0,-2,434,311,2
0,3,0,-2,439,311,3
0,4,0,-2,224,315,5
0,5,0,-2,434,537,5
0,6,0,-2,424,537,6
0,7,0,-2,403,536,6
1,2,0,-2,442,311,1
1,3,0,-2,446,309,2
1,4,0,-2,226,316,4
1,5,0,-2,432,533,4
1,6,0,-2,427,533,5
1,7,0,-2,407,531,5
2,3,0,-2,438,305,1
2,4,0,-2,224,310,3
2,5,0,-2,435,497,3
2,6,0,-2,412,501,4
2,7,0,-2,392,498,4
3,4,0,-2,216,290,2
3,5,0,-2,413,495,2
3,6,0,-2,412,494,3
3,7,0,-2,390,494,3
4,5,0,-2,201,205,2
4,6,0,-2,194,206,3
4,7,0,-2,173,207,3
5,6,0,-2,388,204,1
5,7,0,-2,369,206,2
6,7,0,-2,364,207,3
--- ---VERSION
offset,limit,count-ms,lookup-mus,results
0,-2,232,461,8
---PATTERN START:   http://d.opencalais.com/er/company/ralg-tr1r/9c39fbee-0361-3082-a169-92e3d5d016fb .
--- ---VERSION MATERIALIZED
patch,offset,limit,count-ms,lookup-mus,results
4,0,-2,6,11,2
5,0,-2,311,251,2
6,0,-2,190,233,4
7,0,-2,178,213,2
3,0,-2,328,282,1
2,0,-2,222,255,1
1,0,-2,201,246,3
0,0,-2,213,255,5
--- ---DELTA MATERIALIZED
patch_start,patch_end,offset,limit,count-ms,lookup-mus,results
0,1,0,-2,378,232,1
0,2,0,-2,393,236,4
0,3,0,-2,400,239,5
0,4,0,-2,201,263,9
0,5,0,-2,378,529,9
0,6,0,-2,379,525,11
0,7,0,-2,362,518,9
1,2,0,-2,384,230,3
1,3,0,-2,390,232,4
1,4,0,-2,187,238,7
1,5,0,-2,367,500,7
1,6,0,-2,367,499,9
1,7,0,-2,347,497,7
2,3,0,-2,402,231,3
2,4,0,-2,202,248,6
2,5,0,-2,380,510,6
2,6,0,-2,384,511,8
2,7,0,-2,367,503,6
3,4,0,-2,208,246,3
3,5,0,-2,385,510,3
3,6,0,-2,387,505,5
3,7,0,-2,369,501,3
4,5,0,-2,181,278,4
4,6,0,-2,183,273,6
4,7,0,-2,167,272,6
5,6,0,-2,360,266,2
5,7,0,-2,339,271,4
6,7,0,-2,344,274,6
--- ---VERSION
offset,limit,count-ms,lookup-mus,results
0,-2,239,525,14
---PATTERN START:   http://sec.gov/Archives/edgar/data/896159/0001193125-09-040758.txt .
--- ---VERSION MATERIALIZED
patch,offset,limit,count-ms,lookup-mus,results
4,0,-2,6,9,1
5,0,-2,215,113,1
6,0,-2,81,110,2
7,0,-2,84,114,2
3,0,-2,192,117,0
2,0,-2,85,112,1
1,0,-2,83,114,2
0,0,-2,81,116,3
--- ---DELTA MATERIALIZED
patch_start,patch_end,offset,limit,count-ms,lookup-mus,results
0,1,0,-2,153,93,0
0,2,0,-2,152,99,2
0,3,0,-2,151,97,2
0,4,0,-2,81,102,4
0,5,0,-2,159,179,4
0,6,0,-2,156,182,5
0,7,0,-2,157,182,5
1,2,0,-2,152,98,2
1,3,0,-2,154,98,2
1,4,0,-2,82,100,3
1,5,0,-2,158,175,3
1,6,0,-2,155,178,4
1,7,0,-2,156,177,4
2,3,0,-2,159,98,2
2,4,0,-2,82,99,3
2,5,0,-2,161,175,3
2,6,0,-2,155,178,4
2,7,0,-2,153,176,4
3,4,0,-2,78,90,1
3,5,0,-2,153,164,1
3,6,0,-2,154,168,2
3,7,0,-2,152,169,2
4,5,0,-2,78,81,2
4,6,0,-2,78,88,3
4,7,0,-2,78,83,3
5,6,0,-2,149,80,1
5,7,0,-2,150,83,2
6,7,0,-2,151,85,3
--- ---VERSION
offset,limit,count-ms,lookup-mus,results
0,-2,75,227,7
---PATTERN START:   http://swrc.ontoware.org/ontology#type .
--- ---VERSION MATERIALIZED
patch,offset,limit,count-ms,lookup-mus,results
4,0,-2,6,11,3
5,0,-2,292,297,3
6,0,-2,166,270,3
7,0,-2,153,223,3
3,0,-2,272,288,3
2,0,-2,155,268,3
1,0,-2,156,219,6
0,0,-2,160,204,9
--- ---DELTA MATERIALIZED
patch_start,patch_end,offset,limit,count-ms,lookup-mus,results
0,1,0,-2,306,265,3
0,2,0,-2,302,272,9
0,3,0,-2,303,270,9
0,4,0,-2,157,283,15
0,5,0,-2,315,456,15
0,6,0,-2,315,459,15
0,7,0,-2,269,466,18
1,2,0,-2,301,264,6
1,3,0,-2,303,264,6
1,4,0,-2,155,276,12
1,5,0,-2,314,446,12
1,6,0,-2,313,447,12
1,7,0,-2,267,457,15
2,3,0,-2,298,263,6
2,4,0,-2,151,290,6
2,5,0,-2,314,453,6
2,6,0,-2,312,456,6
2,7,0,-2,265,464,9
3,4,0,-2,153,258,6
3,5,0,-2,312,423,6
3,6,0,-2,312,427,6
3,7,0,-2,266,435,9
4,5,0,-2,163,177,6
4,6,0,-2,163,178,6
4,7,0,-2,116,187,9
5,6,0,-2,321,178,3
5,7,0,-2,274,186,9
6,7,0,-2,282,181,6
--- ---VERSION
offset,limit,count-ms,lookup-mus,results
0,-2,201,935,24
---PATTERN START:   http://www.london-gazette.co.uk/id/issues/59418/notices/1117988#authoriser001 .
--- ---VERSION MATERIALIZED
patch,offset,limit,count-ms,lookup-mus,results
4,0,-2,6,8,1
5,0,-2,223,166,1
6,0,-2,106,175,1
7,0,-2,106,165,1
3,0,-2,225,167,1
2,0,-2,110,163,1
1,0,-2,109,165,2
0,0,-2,109,169,3
--- ---DELTA MATERIALIZED
patch_start,patch_end,offset,limit,count-ms,lookup-mus,results
0,1,0,-2,207,133,3
0,2,0,-2,208,129,2
0,3,0,-2,214,135,2
0,4,0,-2,109,138,4
0,5,0,-2,206,231,4
0,6,0,-2,204,226,4
0,7,0,-2,207,229,4
1,2,0,-2,208,134,3
1,3,0,-2,215,133,1
1,4,0,-2,110,135,3
1,5,0,-2,207,224,3
1,6,0,-2,204,224,3
1,7,0,-2,203,228,3
2,3,0,-2,208,133,2
2,4,0,-2,109,141,2
2,5,0,-2,206,228,2
2,6,0,-2,202,232,2
2,7,0,-2,203,231,2
3,4,0,-2,108,132,2
3,5,0,-2,208,213,2
3,6,0,-2,203,214,2
3,7,0,-2,205,214,2
4,5,0,-2,99,87,2
4,6,0,-2,100,88,2
4,7,0,-2,101,89,2
5,6,0,-2,192,88,1
5,7,0,-2,193,90,3
6,7,0,-2,195,90,2
--- ---VERSION
offset,limit,count-ms,lookup-mus,results
0,-2,100,480,8
---PATTERN START:   http://www.gazettes-online.co.uk/ontology/legislation#thebrent(waitingandloadingrestriction)(amendmentno.344)order2010 .
--- ---VERSION MATERIALIZED
patch,offset,limit,count-ms,lookup-mus,results
4,0,-2,6,14,3
5,0,-2,338,380,3
6,0,-2,245,335,3
7,0,-2,208,287,3
3,0,-2,312,358,3
2,0,-2,195,314,3
1,0,-2,195,307,6
0,0,-2,196,290,9
--- ---DELTA MATERIALIZED
patch_start,patch_end,offset,limit,count-ms,lookup-mus,results
0,1,0,-2,386,335,7
0,2,0,-2,383,331,7
0,3,0,-2,380,333,7
0,4,0,-2,195,346,13
0,5,0,-2,410,605,13
0,6,0,-2,409,609,14
0,7,0,-2,382,609,14
1,2,0,-2,384,351,8
1,3,0,-2,401,352,4
1,4,0,-2,202,359,10
1,5,0,-2,423,594,10
1,6,0,-2,416,602,11
1,7,0,-2,389,603,11
2,3,0,-2,382,350,6
2,4,0,-2,198,381,6
2,5,0,-2,418,617,6
2,6,0,-2,404,586,7
2,7,0,-2,366,587,7
3,4,0,-2,193,328,6
3,5,0,-2,397,546,6
3,6,0,-2,388,551,7
3,7,0,-2,368,551,7
4,5,0,-2,208,228,6
4,6,0,-2,199,232,7
4,7,0,-2,176,233,7
5,6,0,-2,400,230,3
5,7,0,-2,377,234,8
6,7,0,-2,370,232,7
--- ---VERSION
offset,limit,count-ms,lookup-mus,results
0,-2,284,1124,24
---PATTERN START:   http://www.loa-cnr.it/ontologies/DUL.owl#isTaskDefinedIn .
--- ---VERSION MATERIALIZED
patch,offset,limit,count-ms,lookup-mus,results
4,0,-2,6,10,2
5,0,-2,215,192,2
6,0,-2,115,162,3
7,0,-2,106,145,3
3,0,-2,209,209,2
2,0,-2,98,183,3
1,0,-2,98,181,4
0,0,-2,97,178,5
--- ---DELTA MATERIALIZED
patch_start,patch_end,offset,limit,count-ms,lookup-mus,results
0,1,0,-2,182,100,1
0,2,0,-2,180,99,2
0,3,0,-2,178,102,3
0,4,0,-2,93,103,5
0,5,0,-2,186,178,5
0,6,0,-2,170,181,6
0,7,0,-2,162,180,6
1,2,0,-2,181,97,1
1,3,0,-2,182,98,2
1,4,0,-2,93,101,4
1,5,0,-2,185,175,4
1,6,0,-2,171,176,5
1,7,0,-2,164,177,5
2,3,0,-2,179,97,1
2,4,0,-2,95,101,3
2,5,0,-2,185,175,3
2,6,0,-2,176,177,4
2,7,0,-2,164,176,4
3,4,0,-2,93,101,2
3,5,0,-2,184,171,2
3,6,0,-2,170,174,3
3,7,0,-2,164,174,3
4,5,0,-2,95,76,2
4,6,0,-2,82,80,3
4,7,0,-2,75,89,3
5,6,0,-2,173,78,1
5,7,0,-2,164,79,2
6,7,0,-2,152,80,3
--- ---VERSION
offset,limit,count-ms,lookup-mus,results
0,-2,86,433,9
---PATTERN START:   http://d.opencalais.com/er/company/ralg-tr1r/d9a693ed-7603-3393-90fe-16056c06b69c .
--- ---VERSION MATERIALIZED
patch,offset,limit,count-ms,lookup-mus,results
4,0,-2,5,9,2
5,0,-2,287,201,2
6,0,-2,146,199,4
7,0,-2,155,180,2
3,0,-2,350,296,2
2,0,-2,227,282,4
1,0,-2,220,261,4
0,0,-2,217,278,6
--- ---DELTA MATERIALIZED
patch_start,patch_end,offset,limit,count-ms,lookup-mus,results
0,1,0,-2,406,295,2
0,2,0,-2,432,296,4
0,3,0,-2,434,299,6
0,4,0,-2,214,314,10
0,5,0,-2,354,487,10
0,6,0,-2,353,485,12
0,7,0,-2,358,488,12
1,2,0,-2,421,292,2
1,3,0,-2,421,295,4
1,4,0,-2,202,296,8
1,5,0,-2,342,469,8
1,6,0,-2,338,470,10
1,7,0,-2,333,469,10
2,3,0,-2,441,291,2
2,4,0,-2,223,295,6
2,5,0,-2,363,468,6
2,6,0,-2,364,466,8
2,7,0,-2,355,464,8
3,4,0,-2,224,295,4
3,5,0,-2,361,466,4
3,6,0,-2,362,1265,6
3,7,0,-2,355,464,6
4,5,0,-2,140,178,4
4,6,0,-2,143,176,6
4,7,0,-2,134,175,6
5,6,0,-2,277,171,2
5,7,0,-2,267,173,4
6,7,0,-2,272,176,6
--- ---VERSION
offset,limit,count-ms,lookup-mus,results
0,-2,238,583,16
---PATTERN START:   http://sec.gov/Archives/edgar/data/833829/0001193125-08-251337.txt .
--- ---VERSION MATERIALIZED
patch,offset,limit,count-ms,lookup-mus,results
4,0,-2,4,9,1
5,0,-2,241,122,1
6,0,-2,101,118,1
7,0,-2,94,111,1
3,0,-2,235,139,1
2,0,-2,108,142,2
1,0,-2,114,141,2
0,0,-2,109,141,3
--- ---DELTA MATERIALIZED
patch_start,patch_end,offset,limit,count-ms,lookup-mus,results
0,1,0,-2,192,99,1
0,2,0,-2,200,103,2
0,3,0,-2,204,107,3
0,4,0,-2,105,111,5
0,5,0,-2,199,197,5
0,6,0,-2,185,200,6
0,7,0,-2,179,198,6
1,2,0,-2,200,100,1
1,3,0,-2,198,102,2
1,4,0,-2,99,107,4
1,5,0,-2,191,191,4
1,6,0,-2,179,195,5
1,7,0,-2,173,191,5
2,3,0,-2,206,102,1
2,4,0,-2,108,106,3
2,5,0,-2,198,188,3
2,6,0,-2,190,193,4
2,7,0,-2,184,190,4
3,4,0,-2,105,108,2
3,5,0,-2,198,189,2
3,6,0,-2,188,189,3
3,7,0,-2,182,185,3
4,5,0,-2,93,89,2
4,6,0,-2,83,92,3
4,7,0,-2,79,89,3
5,6,0,-2,170,85,1
5,7,0,-2,163,87,2
6,7,0,-2,154,92,3
--- ---VERSION
offset,limit,count-ms,lookup-mus,results
0,-2,94,225,8
---PATTERN START:   http://swrc.ontoware.org/ontology#note .
--- ---VERSION MATERIALIZED
patch,offset,limit,count-ms,lookup-mus,results
4,0,-2,5,8,1
5,0,-2,207,157,1
6,0,-2,91,156,1
7,0,-2,108,151,1
3,0,-2,207,165,1
2,0,-2,96,165,1
1,0,-2,98,150,2
0,0,-2,97,136,3
--- ---DELTA MATERIALIZED
patch_start,patch_end,offset,limit,count-ms,lookup-mus,results
0,1,0,-2,181,100,1
0,2,0,-2,180,100,3
0,3,0,-2,178,100,3
0,4,0,-2,93,105,5
0,5,0,-2,178,176,5
0,6,0,-2,175,176,5
0,7,0,-2,155,180,6
1,2,0,-2,178,99,2
1,3,0,-2,177,99,2
1,4,0,-2,91,104,4
1,5,0,-2,175,172,4
1,6,0,-2,176,171,4
1,7,0,-2,157,173,5
2,3,0,-2,178,99,2
2,4,0,-2,93,109,2
2,5,0,-2,177,172,2
2,6,0,-2,177,173,2
2,7,0,-2,158,174,3
3,4,0,-2,93,97,2
3,5,0,-2,175,164,2
3,6,0,-2,176,164,2
3,7,0,-2,156,166,3
4,5,0,-2,86,75,2
4,6,0,-2,88,71,2
4,7,0,-2,66,73,3
5,6,0,-2,169,72,1
5,7,0,-2,149,74,3
6,7,0,-2,150,72,2
--- ---VERSION
offset,limit,count-ms,lookup-mus,results
0,-2,84,450,8
---PATTERN START:   http://www.london-gazette.co.uk/id/issues/59418/notices/1118044#authoriser001 .
--- ---VERSION MATERIALIZED
patch,offset,limit,count-ms,lookup-mus,results
4,0,-2,5,13,3
5,0,-2,310,336,3
6,0,-2,200,288,3
7,0,-2,171,243,3
3,0,-2,313,356,3
2,0,-2,188,301,3
1,0,-2,188,285,6
0,0,-2,193,275,9
--- ---DELTA MATERIALIZED
patch_start,patch_end,offset,limit,count-ms,lookup-mus,results
0,1,0,-2,369,326,7
0,2,0,-2,366,326,7
0,3,0,-2,366,324,7
0,4,0,-2,191,345,13
0,5,0,-2,359,550,13
0,6,0,-2,352,556,14
0,7,0,-2,320,568,14
1,2,0,-2,367,336,8
1,3,0,-2,365,330,4
1,4,0,-2,190,339,10
1,5,0,-2,357,542,10
1,6,0,-2,350,550,11
1,7,0,-2,323,545,11
2,3,0,-2,365,332,6
2,4,0,-2,188,366,6
2,5,0,-2,354,552,6
2,6,0,-2,346,553,7
2,7,0,-2,319,554,7
3,4,0,-2,187,320,6
3,5,0,-2,353,513,6
3,6,0,-2,346,516,7
3,7,0,-2,320,515,7
4,5,0,-2,172,202,6
4,6,0,-2,163,205,7
4,7,0,-2,136,208,7
5,6,0,-2,327,204,3
5,7,0,-2,302,211,8
6,7,0,-2,292,211,7
--- ---VERSION
offset,limit,count-ms,lookup-mus,results
0,-2,228,1055,24
---PATTERN START:   http://www.gazettes-online.co.uk/ontology/legislation#TheCamden(WaitingandLoadingRestrictions)(AmendmentNo.*240*)TrafficOrder2010 .
--- ---VERSION MATERIALIZED
patch,offset,limit,count-ms,lookup-mus,results
4,0,-2,5,9,1
5,0,-2,290,227,1
6,0,-2,166,219,1
7,0,-2,162,220,1
3,0,-2,257,197,1
2,0,-2,141,197,1
1,0,-2,145,199,2
0,0,-2,144,201,3
--- ---DELTA MATERIALIZED
patch_start,patch_end,offset,limit,count-ms,lookup-mus,results
0,1,0,-2,281,170,3
0,2,0,-2,277,167,2
0,3,0,-2,281,165,2
0,4,0,-2,143,170,4
0,5,0,-2,294,311,4
0,6,0,-2,294,330,4
0,7,0,-2,303,330,4
1,2,0,-2,289,178,3
1,3,0,-2,294,173,1
1,4,0,-2,149,178,3
1,5,0,-2,308,327,3
1,6,0,-2,300,324,3
1,7,0,-2,304,326,3
2,3,0,-2,292,177,2
2,4,0,-2,154,193,2
2,5,0,-2,306,335,2
2,6,0,-2,306,335,2
2,7,0,-2,309,335,2
3,4,0,-2,150,175,2
3,5,0,-2,304,320,2
3,6,0,-2,308,320,2
3,7,0,-2,303,320,2
4,5,0,-2,157,141,2
4,6,0,-2,155,142,2
4,7,0,-2,153,142,2
5,6,0,-2,296,144,1
5,7,0,-2,295,146,3
6,7,0,-2,297,145,2
--- ---VERSION
offset,limit,count-ms,lookup-mus,results
0,-2,163,566,8
---PATTERN START:   http://www.loa-cnr.it/ontologies/DUL.owl#parametrizes .
--- ---VERSION MATERIALIZED
patch,offset,limit,count-ms,lookup-mus,results
4,0,-2,4,11,2
5,0,-2,229,219,2
6,0,-2,120,154,3
7,0,-2,113,149,3
3,0,-2,210,205,2
2,0,-2,92,166,3
1,0,-2,92,167,4
0,0,-2,93,169,5
--- ---DELTA MATERIALIZED
patch_start,patch_end,offset,limit,count-ms,lookup-mus,results
0,1,0,-2,172,98,1
0,2,0,-2,173,97,2
0,3,0,-2,176,98,3
0,4,0,-2,88,104,5
0,5,0,-2,184,181,5
0,6,0,-2,167,183,6
0,7,0,-2,162,183,6
1,2,0,-2,175,95,1
1,3,0,-2,173,97,2
1,4,0,-2,93,104,4
1,5,0,-2,190,181,4
1,6,0,-2,170,183,5
1,7,0,-2,163,184,5
2,3,0,-2,174,97,1
2,4,0,-2,92,101,3
2,5,0,-2,186,178,3
2,6,0,-2,171,179,4
2,7,0,-2,164,182,4
3,4,0,-2,92,97,2
3,5,0,-2,186,172,2
3,6,0,-2,168,176,3
3,7,0,-2,163,175,3
4,5,0,-2,100,81,2
4,6,0,-2,82,86,3
4,7,0,-2,76,85,3
5,6,0,-2,179,83,1
5,7,0,-2,172,84,2
6,7,0,-2,155,86,3
--- ---VERSION
offset,limit,count-ms,lookup-mus,results
0,-2,89,445,9
---PATTERN START:   http://d.opencalais.com/er/company/ralg-tr1r/3e922417-fe83-3a54-974f-17257f03501c .
--- ---VERSION MATERIALIZED
patch,offset,limit,count-ms,lookup-mus,results
4,0,-2,5,12,3
5,0,-2,230,199,2
6,0,-2,104,148,2
7,0,-2,91,145,3
3,0,-2,283,265,2
2,0,-2,148,217,5
1,0,-2,166,205,5
0,0,-2,151,225,10
--- ---DELTA MATERIALIZED
patch_start,patch_end,offset,limit,count-ms,lookup-mus,results
0,1,0,-2,277,180,4
0,2,0,-2,284,182,5
0,3,0,-2,281,185,8
0,4,0,-2,145,204,14
0,5,0,-2,236,322,13
0,6,0,-2,235,313,15
0,7,0,-2,229,312,14
1,2,0,-2,275,176,3
1,3,0,-2,276,183,6
1,4,0,-2,138,192,11
1,5,0,-2,233,313,10
1,6,0,-2,226,307,12
1,7,0,-2,223,302,11
2,3,0,-2,283,179,3
2,4,0,-2,145,188,8
2,5,0,-2,238,308,7
2,6,0,-2,235,303,9
2,7,0,-2,230,298,8
3,4,0,-2,145,182,5
3,5,0,-2,235,304,4
3,6,0,-2,231,299,8
3,7,0,-2,228,297,7
4,5,0,-2,95,131,5
4,6,0,-2,90,125,9
4,7,0,-2,86,124,8
5,6,0,-2,178,111,2
5,7,0,-2,173,116,5
6,7,0,-2,172,120,7
--- ---VERSION
offset,limit,count-ms,lookup-mus,results
0,-2,156,636,21
