<version>,<mean_time>,<total>
0,0.00107692,0.014
1,0.00576923,0.075
2,0.0104615,0.136
3,0.0212308,0.276
4,0.0159231,0.207
5,0.0237692,0.309
6,0.0273077,0.355
7,0.0292308,0.38
8,0.0329231,0.428
9,0.0343077,0.446
10,0.0377692,0.491
11,0.0406923,0.529
12,0.0442308,0.575
13,0.0484615,0.63
14,0.0486154,0.632
15,0.0522308,0.679
16,0.0555385,0.722
17,0.0586154,0.762
18,0.0613077,0.797
19,0.0645385,0.839
20,0.0677692,0.881
21,0.0713077,0.927
22,0.0743846,0.967
23,0.0777692,1.011
24,0.0810769,1.054
25,0.0848462,1.103
26,0.0893077,1.161
27,0.0913077,1.187
28,0.0954615,1.241
29,0.0986154,1.282
30,0.101462,1.319
31,0.103923,1.351
32,0.106462,1.384
33,0.110769,1.44
34,0.114538,1.489
35,0.117769,1.531
36,0.121538,1.58
37,0.124154,1.614
38,0.128462,1.67
39,0.133846,1.74
40,0.135615,1.763
41,0.139077,1.808
42,0.142385,1.851
43,0.147154,1.913
44,0.152308,1.98
45,0.156,2.028
46,0.160846,2.091
47,0.165231,2.148
48,0.169308,2.201
49,0.173769,2.259
50,0.178154,2.316
51,0.182692,2.375
52,0.187231,2.434
53,0.190692,2.479
54,0.195692,2.544
55,0.200462,2.606
56,0.205615,2.673
57,0.208769,2.714
58,0.214769,2.792
59,0.220692,2.869
60,0.223615,2.907
61,0.225462,2.931
62,0.229154,2.979
63,0.234385,3.047
64,0.238923,3.106
65,0.240615,3.128
66,0.248231,3.227
67,0.253231,3.292
68,0.259923,3.379
69,0.261231,3.396
70,0.267077,3.472
71,0.284077,3.693
72,0.291077,3.784
73,0.305308,3.969
74,0.300846,3.911
75,0.315308,4.099
76,0.322692,4.195
77,0.321615,4.181
78,0.327077,4.252
79,0.336154,4.37
80,0.347538,4.518
81,0.353077,4.59
82,0.354231,4.605
83,0.361538,4.7
84,0.370923,4.822
85,0.370385,4.815
86,0.370462,4.816
87,0.376,4.888
88,0.378231,4.917
89,0.381538,4.96
90,0.384846,5.003
91,0.401,5.213
92,0.399308,5.191
93,0.395923,5.147
94,0.399462,5.193
95,0.404462,5.258
96,0.417538,5.428
97,0.419615,5.455
98,0.416077,5.409
99,0.425462,5.531
100,0.431769,5.613
101,0.432846,5.627
102,0.437462,5.687
103,0.444,5.772
104,0.450846,5.861
105,0.447308,5.815
106,0.452231,5.879
107,0.453615,5.897
108,0.459462,5.973
109,0.465846,6.056
110,0.467923,6.083
111,0.472077,6.137
112,0.471846,6.134
113,0.479615,6.235
114,0.482462,6.272
115,0.488308,6.348
116,0.488615,6.352
117,0.492615,6.404
118,0.498077,6.475
119,0.498923,6.486
120,0.502308,6.53
121,0.510538,6.637
122,0.509769,6.627
123,0.516846,6.719
124,0.524308,6.816
125,0.524846,6.823
126,0.531846,6.914
127,0.530462,6.896
128,0.541538,7.04
129,0.539769,7.017
130,0.546385,7.103
131,0.547385,7.116
132,0.555308,7.219
133,0.567692,7.38
134,0.572154,7.438
135,0.571538,7.43
136,0.577846,7.512
137,0.578,7.514
138,0.587462,7.637
139,0.590615,7.678
140,0.591154,7.685
141,0.594615,7.73
142,0.601846,7.824
143,0.605769,7.875
144,0.607077,7.892
145,0.612,7.956
146,0.617538,8.028
147,0.618308,8.038
148,0.624231,8.115
149,0.629538,8.184
150,0.629077,8.178
151,0.637385,8.286
152,0.638692,8.303
153,0.640385,8.325
154,0.650077,8.451
155,0.649077,8.438
156,0.657154,8.543
157,0.659231,8.57
158,0.658462,8.56
159,0.664923,8.644
160,0.664615,8.64
161,0.670769,8.72
162,0.672846,8.747
163,0.675462,8.781
164,0.685077,8.906
165,0.684462,8.898
166,0.689462,8.963
167,0.694077,9.023
168,0.693538,9.016
169,0.701154,9.115
170,0.707769,9.201
171,0.708231,9.207
172,0.71,9.23
173,0.711769,9.253
174,0.718231,9.337
175,0.722923,9.398
176,0.724154,9.414
177,0.731077,9.504
178,0.731308,9.507
179,0.741769,9.643
180,0.744154,9.674
181,0.745308,9.689
182,0.753231,9.792
183,0.752462,9.782
184,0.756615,9.836
185,0.763077,9.92
186,0.766154,9.96
187,0.766923,9.97
188,0.768385,9.989
189,0.774769,10.072
190,0.780615,10.148
191,0.784,10.192
192,0.788462,10.25
193,0.794538,10.329
194,0.791,10.283
195,0.8,10.4
196,0.801769,10.423
197,0.801077,10.414
198,0.804,10.452
199,0.805231,10.468
200,0.814538,10.589
201,0.817308,10.625
202,0.823231,10.702
203,0.822923,10.698
204,0.831692,10.812
205,0.831923,10.815
206,0.841,10.933
207,0.844923,10.984
208,0.840154,10.922
209,0.844385,10.977
210,0.847462,11.017
211,0.855077,11.116
212,0.859692,11.176
213,0.858308,11.158
214,0.863615,11.227
215,0.869769,11.307
216,0.947615,12.319
217,0.871308,11.327
218,0.874923,11.374
219,0.882462,11.472
220,0.879769,11.437
221,0.882077,11.467
222,0.889,11.557
223,0.890462,11.576
224,0.896615,11.656
225,0.903923,11.751
226,0.903769,11.749
227,0.912231,11.859
228,0.911231,11.846
229,0.918385,11.939
230,0.925231,12.028
231,0.931,12.103
232,0.929231,12.08
233,0.935923,12.167
234,0.939846,12.218
235,0.942231,12.249
236,0.946462,12.304
237,0.955923,12.427
238,0.953462,12.395
239,0.960154,12.482
240,0.966308,12.562
241,0.967923,12.583
242,0.963538,12.526
243,0.971462,12.629
244,0.976462,12.694
245,0.984769,12.802
246,0.983308,12.783
247,0.987462,12.837
248,0.993,12.909
249,0.997615,12.969
250,0.996923,12.96
251,1.00531,13.069
252,1.00754,13.098
253,1.01238,13.161
254,1.01269,13.165
255,1.017,13.221
256,1.02123,13.276
257,1.02531,13.329
258,1.02546,13.331
259,1.03646,13.474
260,1.03638,13.473
261,1.04177,13.543
262,1.04631,13.602
263,1.04577,13.595
264,1.04631,13.602
265,1.05862,13.762
266,1.05592,13.727
267,1.06169,13.802
268,1.06292,13.818
269,1.07154,13.93
270,1.07369,13.958
271,1.07815,14.016
272,1.08038,14.045
273,1.08238,14.071
274,1.09123,14.186
275,1.09631,14.252
276,1.09354,14.216
277,1.09631,14.252
278,1.10531,14.369
279,1.10662,14.386
280,1.11192,14.455
281,1.116,14.508
282,1.116,14.508
283,1.12369,14.608
284,1.12408,14.613
285,1.13,14.69
286,1.12831,14.668
287,1.13438,14.747
288,1.13615,14.77
289,1.13815,14.796
290,1.14562,14.893
291,1.14608,14.899
292,1.15077,14.96
293,1.16323,15.122
294,1.16931,15.201
295,1.16723,15.174
296,1.17308,15.25
297,1.17831,15.318
298,1.18246,15.372
299,1.18315,15.381
300,1.18515,15.407
301,1.19177,15.493
302,1.193,15.509
303,1.20077,15.61
304,1.20508,15.666
305,1.20615,15.68
306,1.20923,15.72
307,1.21862,15.842
308,1.22092,15.872
309,1.21754,15.828
310,1.22138,15.878
311,1.22738,15.956
312,1.23169,16.012
313,1.23677,16.078
314,1.23162,16.011
315,1.24215,16.148
316,1.24485,16.183
317,1.24331,16.163
318,1.24569,16.194
319,1.24831,16.228
320,1.25377,16.299
321,1.26,16.38
322,1.25938,16.372
323,1.27131,16.527
324,1.27015,16.512
325,1.282,16.666
326,1.27731,16.605
327,1.28069,16.649
328,1.28569,16.714
329,1.29315,16.811
330,1.29454,16.829
331,1.30123,16.916
332,1.30892,17.016
333,1.30446,16.958
334,1.30969,17.026
335,1.31377,17.079
336,1.31569,17.104
337,1.31746,17.127
338,1.32315,17.201
339,1.32946,17.283
340,1.32869,17.273
341,1.33923,17.41
342,1.35546,17.621
343,1.34477,17.482
344,1.34908,17.538
345,1.34977,17.547
346,1.35438,17.607
347,1.35892,17.666
348,1.36554,17.752
349,1.36662,17.766
350,1.36969,17.806
351,1.37692,17.9
352,1.37769,17.91
353,1.377,17.901
354,1.38885,18.055
355,1.38554,18.012
356,1.38938,18.062
357,1.39331,18.113
358,1.40523,18.268
359,1.40285,18.237
360,1.40438,18.257
361,1.41692,18.42
362,1.41346,18.375
363,1.423,18.499
364,1.42046,18.466
365,1.42285,18.497
366,1.42431,18.516
367,1.42762,18.559
368,1.43008,18.591
369,1.43462,18.65
370,1.441,18.733
371,1.44015,18.722
372,1.45,18.85
373,1.45208,18.877
374,1.45254,18.883
375,1.45546,18.921
376,1.46215,19.008
377,1.465,19.045
378,1.46746,19.077
379,1.47669,19.197
380,1.47992,19.239
381,1.48415,19.294
382,1.48346,19.285
383,1.488,19.344
384,1.48915,19.359
385,1.49608,19.449
386,1.498,19.474
387,1.5,19.5
388,1.51062,19.638
389,1.50954,19.624
390,1.51338,19.674
391,1.51462,19.69
392,1.51754,19.728
393,1.52377,19.809
394,1.53085,19.901
395,1.53292,19.928
396,1.55046,20.156
397,1.542,20.046
398,1.541,20.033
399,1.55262,20.184
400,1.55023,20.153
401,1.55308,20.19
402,1.55823,20.257
403,1.55954,20.274
404,1.56392,20.331
405,1.56777,20.381
406,1.56862,20.392
407,1.57562,20.483
408,1.58192,20.565
409,1.59223,20.699
410,1.58285,20.577
411,1.58562,20.613
412,1.58546,20.611
413,1.58946,20.663
414,1.59462,20.73
415,1.59962,20.795
416,1.60538,20.87
417,1.60262,20.834
418,1.61077,20.94
419,1.61277,20.966
420,1.61954,21.054
421,1.62569,21.134
422,1.62992,21.189
423,1.62946,21.183
424,1.639,21.307
425,1.63546,21.261
426,1.63908,21.308
427,1.64431,21.376
428,1.65408,21.503
429,1.65238,21.481
430,1.65669,21.537
431,1.65815,21.556
432,1.66031,21.584
433,1.664,21.632
434,1.67215,21.738
435,1.66823,21.687
436,1.67938,21.832
437,1.678,21.814
438,1.68262,21.874
439,1.69046,21.976
440,1.69662,22.056
441,1.691,21.983
442,1.699,22.087
443,1.70162,22.121
444,1.70308,22.14
445,1.71069,22.239
446,1.71708,22.322
447,1.71654,22.315
448,1.72231,22.39
449,1.72662,22.446
450,1.72692,22.45
451,1.73469,22.551
452,1.73962,22.615
453,1.73846,22.6
454,1.73854,22.601
455,1.74285,22.657
456,1.75285,22.787
457,1.75031,22.754
458,1.76254,22.913
459,1.76077,22.89
460,1.762,22.906
461,1.76354,22.926
462,1.77285,23.047
463,1.77738,23.106
464,1.77785,23.112
465,1.78262,23.174
466,1.78762,23.239
467,1.78715,23.233
468,1.79854,23.381
469,1.79392,23.321
470,1.79608,23.349
471,1.80185,23.424
472,1.804,23.452
473,1.80662,23.486
474,1.81346,23.575
475,1.82215,23.688
476,1.82423,23.715
477,1.825,23.725
478,1.82346,23.705
479,1.83292,23.828
480,1.83162,23.811
481,1.84015,23.922
482,1.85077,24.06
483,1.84392,23.971
484,1.85538,24.12
485,1.85569,24.124
486,1.85838,24.159
487,1.86254,24.213
488,2.33292,30.328
489,2.16092,28.092
490,1.87308,24.35
491,1.872,24.336
492,1.88277,24.476
493,1.88577,24.515
494,1.88192,24.465
495,1.89077,24.58
496,1.89285,24.607
497,1.89615,24.65
498,1.89762,24.669
499,1.90369,24.748
500,1.90738,24.796
501,1.91192,24.855
502,1.91715,24.923
503,1.92092,24.972
504,1.92338,25.004
505,1.92646,25.044
506,1.937,25.181
507,1.93808,25.195
508,1.945,25.285
509,1.94077,25.23
510,1.94577,25.295
511,1.95123,25.366
512,1.95277,25.386
513,1.96423,25.535
514,1.96,25.48
515,1.96415,25.534
516,1.97108,25.624
517,1.973,25.649
518,1.98515,25.807
519,1.97815,25.716
520,1.98662,25.826
521,1.98862,25.852
522,1.99162,25.891
523,1.999,25.987
524,1.99915,25.989
525,1.99823,25.977
526,2.00908,26.118
527,2.00862,26.112
528,2.01454,26.189
529,2.01315,26.171
530,2.01662,26.216
531,2.02331,26.303
532,2.034,26.442
533,2.03492,26.454
534,2.03,26.39
535,2.03462,26.45
536,2.03815,26.496
537,2.049,26.637
538,2.04954,26.644
539,2.05077,26.66
540,2.05277,26.686
541,2.05923,26.77
542,2.05877,26.764
543,2.06685,26.869
544,2.07031,26.914
545,2.07262,26.944
546,2.08415,27.094
547,2.08415,27.094
548,2.09038,27.175
549,2.08592,27.117
550,2.09692,27.26
551,2.09731,27.265
552,2.10869,27.413
553,2.10131,27.317
554,2.10177,27.323
555,2.113,27.469
556,2.10992,27.429
557,2.11977,27.557
558,2.11862,27.542
559,2.12677,27.648
560,2.12462,27.62
561,2.13238,27.721
562,2.13115,27.705
563,2.13808,27.795
564,2.14415,27.874
565,2.14915,27.939
566,2.14846,27.93
567,2.14977,27.947
568,2.152,27.976
569,2.15708,28.042
570,2.16062,28.088
571,2.16677,28.168
572,2.16923,28.2
573,2.17754,28.308
574,2.17385,28.26
575,2.18031,28.344
576,2.18038,28.345
577,2.18008,28.341
578,2.18792,28.443
579,2.19477,28.532
580,2.19546,28.541
581,2.19846,28.58
582,2.20569,28.674
583,2.21269,28.765
584,2.21077,28.74
585,2.21815,28.836
586,2.21738,28.826
587,2.22031,28.864
588,2.22077,28.87
589,2.24208,29.147
590,2.24362,29.167
591,2.24046,29.126
592,2.23538,29.06
593,2.24292,29.158
594,2.24823,29.227
595,2.25369,29.298
596,2.25538,29.32
597,2.26131,29.397
598,2.27038,29.515
599,2.26623,29.461
600,2.27192,29.535
601,2.272,29.536
602,2.27785,29.612
603,2.28462,29.7
604,2.28962,29.765
605,2.29146,29.789
606,2.29515,29.837
607,2.30085,29.911
608,2.30092,29.912
609,2.30415,29.954
610,2.29992,29.899
611,2.31392,30.081
612,2.31285,30.067
613,2.31592,30.107
614,2.322,30.186
615,2.325,30.225
616,2.32992,30.289
617,2.33308,30.33
618,2.33108,30.304
619,2.33638,30.373
620,2.34092,30.432
621,2.34438,30.477
622,2.34985,30.548
623,2.35323,30.592
624,2.36854,30.791
625,2.36377,30.729
626,2.36408,30.733
627,2.36577,30.755
628,2.36777,30.781
629,2.37631,30.892
630,2.37854,30.921
631,2.37862,30.922
632,2.39108,31.084
633,2.38992,31.069
634,2.392,31.096
635,2.39838,31.179
636,2.39646,31.154
637,2.40292,31.238
638,2.404,31.252
639,2.40838,31.309
640,2.40792,31.303
641,2.42815,31.566
642,2.41592,31.407
643,2.42531,31.529
644,2.44077,31.73
645,2.44123,31.736
646,2.42954,31.584
647,2.43592,31.667
648,2.43785,31.692
649,2.45492,31.914
650,2.45131,31.867
651,2.45008,31.851
652,2.45785,31.952
653,2.46831,32.088
654,2.46138,31.998
655,2.46431,32.036
656,2.47323,32.152
657,2.47254,32.143
658,2.47592,32.187
659,2.47646,32.194
660,2.48092,32.252
661,2.49108,32.384
662,2.491,32.383
663,2.49931,32.491
664,2.49692,32.46
665,2.50646,32.584
666,2.50569,32.574
667,2.51062,32.638
668,2.51123,32.646
669,2.51954,32.754
670,2.53238,32.921
671,2.52562,32.833
672,2.53662,32.976
673,2.53538,32.96
674,2.54462,33.08
675,2.54769,33.12
676,2.54231,33.05
677,2.54354,33.066
678,2.55008,33.151
679,2.55338,33.194
680,2.55623,33.231
681,2.56838,33.389
682,2.568,33.384
683,2.56938,33.402
684,2.57446,33.468
685,2.58454,33.599
686,2.58554,33.612
687,2.58531,33.609
688,2.58738,33.636
689,2.59662,33.756
690,2.59208,33.697
691,2.596,33.748
692,2.60462,33.86
693,2.61069,33.939
694,2.68246,34.872
695,2.614,33.982
696,2.61415,33.984
697,2.61777,34.031
698,2.62546,34.131
699,2.628,34.164
700,2.63569,34.264
701,2.63462,34.25
702,2.638,34.294
703,2.64215,34.348
704,2.65377,34.499
705,2.64985,34.448
706,2.64808,34.425
707,2.65608,34.529
708,2.65992,34.579
709,2.663,34.619
710,2.66985,34.708
711,2.66723,34.674
712,2.72723,35.454
713,2.67362,34.757
714,2.67662,34.796
715,2.68362,34.887
716,2.688,34.944
717,2.68692,34.93
718,2.68854,34.951
719,2.70308,35.14
720,2.69808,35.075
721,2.70338,35.144
722,2.71062,35.238
723,2.72092,35.372
724,2.71808,35.335
725,2.72215,35.388
726,2.72385,35.41
727,2.72623,35.441
728,2.72838,35.469
729,2.73715,35.583
730,2.73877,35.604
731,2.74138,35.638
732,2.74331,35.663
733,2.74885,35.735
734,2.752,35.776
735,2.75569,35.824
736,2.75554,35.822
737,2.76338,35.924
738,2.76908,35.998
739,2.77477,36.072
740,2.77754,36.108
741,2.78085,36.151
742,2.77623,36.091
743,2.78246,36.172
744,2.79031,36.274
745,2.79469,36.331
746,2.79662,36.356
747,2.79977,36.397
748,2.80854,36.511
749,2.80315,36.441
750,2.81031,36.534
751,2.82223,36.689
752,2.81792,36.633
753,2.82246,36.692
754,2.82415,36.714
755,2.82831,36.768
756,2.82815,36.766
757,2.835,36.855
758,2.84346,36.965
759,2.84462,36.98
760,2.84062,36.928
761,2.84538,36.99
762,2.85338,37.094
763,2.85331,37.093
764,2.85808,37.155
765,2.866,37.258
766,2.87115,37.325
767,2.86892,37.296
768,2.87154,37.33
769,2.88138,37.458
770,2.884,37.492
771,2.88362,37.487
772,2.88746,37.537
773,2.89523,37.638
774,2.89185,37.594
775,2.899,37.687
776,2.91123,37.846
777,2.90492,37.764
778,2.90315,37.741
779,2.91169,37.852
780,2.91615,37.91
781,2.918,37.934
782,2.929,38.077
783,2.93423,38.145
784,2.92992,38.089
785,2.92862,38.072
786,2.93062,38.098
787,2.93838,38.199
788,2.94454,38.279
789,2.94462,38.28
790,2.94777,38.321
791,2.95223,38.379
792,2.95315,38.391
793,2.95477,38.412
794,2.95808,38.455
795,2.96038,38.485
796,2.963,38.519
797,2.96162,38.501
798,2.96323,38.522
799,2.97392,38.661
800,2.97931,38.731
801,2.97485,38.673
802,2.981,38.753
803,2.98946,38.863
804,2.99323,38.912
805,2.99254,38.903
806,2.99369,38.918
807,3.00185,39.024
808,2.99892,38.986
809,3.00038,39.005
810,3.00685,39.089
811,3.01038,39.135
812,3.01846,39.24
813,3.02208,39.287
814,3.01677,39.218
815,3.02569,39.334
816,3.02631,39.342
817,3.02885,39.375
818,3.03292,39.428
819,3.03877,39.504
820,3.041,39.533
821,3.047,39.611
822,3.04723,39.614
823,3.05954,39.774
824,3.06708,39.872
825,3.06431,39.836
826,3.06115,39.795
827,3.07177,39.933
828,3.06923,39.9
829,3.07715,40.003
830,3.08015,40.042
831,3.08123,40.056
832,3.07662,39.996
833,3.08838,40.149
834,3.087,40.131
835,3.10054,40.307
836,3.09838,40.279
837,3.09823,40.277
838,3.10423,40.355
839,3.108,40.404
840,3.10623,40.381
841,3.11338,40.474
842,3.11846,40.54
843,3.11869,40.543
844,3.12323,40.602
845,3.12685,40.649
846,3.13346,40.735
847,3.13715,40.783
848,3.13746,40.787
849,3.14123,40.836
850,3.14492,40.884
851,3.15085,40.961
852,3.15138,40.968
853,3.15815,41.056
854,3.16546,41.151
855,3.16531,41.149
856,3.16092,41.092
857,3.16492,41.144
858,3.16862,41.192
859,3.17508,41.276
860,3.17762,41.309
861,3.18608,41.419
862,3.181,41.353
863,3.18885,41.455
864,3.19662,41.556
865,3.19615,41.55
866,3.20369,41.648
867,3.20731,41.695
868,3.20523,41.668
869,3.21531,41.799
870,3.22123,41.876
871,3.219,41.847
872,3.22462,41.92
873,3.22154,41.88
874,3.22469,41.921
875,3.22754,41.958
876,3.23477,42.052
877,3.23646,42.074
878,3.23823,42.097
879,3.24031,42.124
880,3.242,42.146
881,3.25085,42.261
882,3.25154,42.27
883,3.25654,42.335
884,3.26085,42.391
885,3.268,42.484
886,3.27054,42.517
887,3.27546,42.581
888,3.27369,42.558
889,3.28615,42.72
890,3.28123,42.656
891,3.29162,42.791
892,3.29223,42.799
893,3.29354,42.816
894,3.29477,42.832
895,3.30538,42.97
896,3.30792,43.003
897,3.31015,43.032
898,3.31569,43.104
899,3.32008,43.161
900,3.31892,43.146
901,3.32723,43.254
902,3.33369,43.338
903,3.33754,43.388
904,3.33608,43.369
905,3.342,43.446
906,3.34569,43.494
907,3.35008,43.551
908,3.35146,43.569
909,3.35523,43.618
910,3.35508,43.616
911,3.36638,43.763
912,3.36777,43.781
913,3.37569,43.884
914,3.37515,43.877
915,3.37954,43.934
916,3.37577,43.885
917,3.38977,44.067
918,3.38669,44.027
919,3.38746,44.037
920,3.39277,44.106
921,3.39869,44.183
922,3.39262,44.104
923,3.40569,44.274
924,3.40092,44.212
925,3.41277,44.366
926,3.41623,44.411
927,3.41485,44.393
928,3.41531,44.399
929,3.41869,44.443
930,3.42608,44.539
931,3.43408,44.643
932,3.43054,44.597
933,3.43769,44.69
934,3.43354,44.636
935,3.43777,44.691
936,3.44238,44.751
937,3.45131,44.867
938,3.45462,44.91
939,3.47723,45.204
940,3.46123,44.996
941,3.46538,45.05
942,3.46685,45.069
943,3.47292,45.148
944,3.47438,45.167
945,3.48231,45.27
946,3.48485,45.303
947,3.487,45.331
948,3.48715,45.333
949,3.49446,45.428
950,3.49677,45.458
951,3.50362,45.547
952,3.50285,45.537
953,3.51308,45.67
954,3.51531,45.699
955,3.51777,45.731
956,3.52469,45.821
957,3.52838,45.869
958,3.53092,45.902
959,3.52938,45.882
960,3.53477,45.952
961,3.53854,46.001
962,3.54408,46.073
963,3.54969,46.146
964,3.55592,46.227
965,3.55738,46.246
966,3.56008,46.281
967,3.561,46.293
968,3.57069,46.419
969,3.57454,46.469
970,3.569,46.397
971,3.57254,46.443
972,3.57538,46.48
973,3.58654,46.625
974,3.58662,46.626
975,3.60046,46.806
976,3.59177,46.693
977,3.59062,46.678
978,3.60369,46.848
979,3.60392,46.851
980,3.60762,46.899
981,3.60754,46.898
982,3.67023,47.713
983,3.61638,47.013
984,3.61592,47.007
985,3.62408,47.113
986,3.62754,47.158
987,3.64346,47.365
988,3.63154,47.21
989,3.64085,47.331
990,3.63692,47.28
991,3.64992,47.449
992,3.646,47.398
993,3.651,47.463
994,3.65346,47.495
995,3.65208,47.477
996,3.65938,47.572
997,3.66246,47.612
998,3.66769,47.68
999,3.67138,47.728
1000,3.67469,47.771
1001,3.67792,47.813
1002,3.681,47.853
1003,3.68469,47.901
1004,3.68862,47.952
1005,3.697,48.061
1006,3.69154,47.99
1007,3.69823,48.077
1008,3.70085,48.111
1009,3.71262,48.264
1010,3.71308,48.27
1011,3.71246,48.262
1012,3.71215,48.258
1013,3.71892,48.346
1014,3.72362,48.407
1015,3.72746,48.457
1016,3.73785,48.592
1017,3.734,48.542
1018,3.73508,48.556
1019,3.74185,48.644
1020,3.751,48.763
1021,3.75038,48.755
1022,3.75546,48.821
1023,3.75438,48.807
1024,3.75885,48.865
1025,3.76338,48.924
1026,3.765,48.945
1027,3.77069,49.019
1028,3.77615,49.09
1029,3.77885,49.125
1030,3.78315,49.181
1031,3.78385,49.19
1032,3.78623,49.221
1033,3.79515,49.337
1034,3.79523,49.338
1035,3.80385,49.45
1036,3.80038,49.405
1037,3.808,49.504
1038,3.81415,49.584
1039,3.81769,49.63
1040,3.81931,49.651
1041,3.82177,49.683
1042,3.831,49.803
1043,3.82515,49.727
1044,3.831,49.803
1045,3.83354,49.836
1046,3.83823,49.897
1047,3.83638,49.873
1048,3.83954,49.914
1049,3.854,50.102
1050,3.85508,50.116
1051,3.85731,50.145
1052,3.86192,50.205
1053,3.86346,50.225
1054,3.86146,50.199
1055,3.86515,50.247
1056,3.86938,50.302
1057,3.87254,50.343
1058,3.88123,50.456
1059,3.88908,50.558
1060,3.88292,50.478
1061,3.89638,50.653
1062,3.892,50.596
1063,3.90023,50.703
1064,3.89854,50.681
1065,3.91454,50.889
1066,3.91085,50.841
1067,3.91031,50.834
1068,3.91369,50.878
1069,3.91615,50.91
1070,3.92369,51.008
1071,3.92754,51.058
1072,3.92431,51.016
1073,3.93585,51.166
1074,3.94446,51.278
1075,3.942,51.246
1076,3.95377,51.399
1077,3.94831,51.328
1078,3.96008,51.481
1079,3.95515,51.417
1080,3.95515,51.417
1081,3.96731,51.575
1082,3.96823,51.587
1083,3.97277,51.646
1084,3.97438,51.667
1085,3.97285,51.647
1086,3.98362,51.787
1087,3.983,51.779
1088,3.99615,51.95
1089,3.99662,51.956
1090,3.99608,51.949
1091,4.01377,52.179
1092,4.00608,52.079
1093,4.015,52.195
1094,4.01485,52.193
1095,4.01508,52.196
1096,4.02769,52.36
1097,4.01931,52.251
1098,4.02962,52.385
1099,4.03069,52.399
1100,4.03277,52.426
1101,4.04731,52.615
1102,4.03562,52.463
1103,4.04223,52.549
1104,4.04046,52.526
1105,4.04754,52.618
1106,4.07077,52.92
1107,4.05308,52.69
1108,4.06415,52.834
1109,4.06138,52.798
1110,4.06985,52.908
1111,4.07523,52.978
1112,4.08254,53.073
1113,4.08062,53.048
1114,4.08038,53.045
1115,4.09977,53.297
1116,4.09231,53.2
1117,4.09623,53.251
1118,4.09923,53.29
1119,4.10962,53.425
1120,4.10608,53.379
1121,4.10562,53.373
1122,4.11723,53.524
1123,4.12038,53.565
1124,4.11523,53.498
1125,4.11646,53.514
1126,4.12408,53.613
1127,4.13146,53.709
1128,4.13408,53.743
1129,4.13723,53.784
1130,4.13515,53.757
1131,4.14415,53.874
1132,4.14354,53.866
1133,4.14769,53.92
1134,4.152,53.976
1135,4.24162,55.141
1136,4.17692,54.3
1137,4.16062,54.088
1138,4.16746,54.177
1139,4.17638,54.293
1140,4.18323,54.382
1141,4.18285,54.377
1142,4.18685,54.429
1143,4.184,54.392
1144,4.18408,54.393
1145,4.18754,54.438
1146,4.19808,54.575
1147,4.20746,54.697
1148,4.20808,54.705
1149,4.21685,54.819
1150,4.21185,54.754
1151,4.22615,54.94
1152,4.22723,54.954
1153,4.22331,54.903
1154,4.22485,54.923
1155,4.23362,55.037
1156,4.22785,54.962
1157,4.23962,55.115
1158,4.23954,55.114
1159,4.25338,55.294
1160,4.24823,55.227
1161,4.25377,55.299
1162,4.25454,55.309
1163,4.26031,55.384
1164,4.26515,55.447
1165,4.273,55.549
1166,4.28992,55.769
1167,4.27031,55.514
1168,4.28669,55.727
1169,4.28054,55.647
1170,4.27777,55.611
1171,4.28954,55.764
1172,4.29592,55.847
1173,4.29923,55.89
1174,4.29523,55.838
1175,4.30562,55.973
1176,4.30592,55.977
1177,4.308,56.004
1178,4.31254,56.063
1179,4.31415,56.084
1180,4.32315,56.201
1181,4.33092,56.302
1182,4.33223,56.319
1183,4.33792,56.393
1184,4.33715,56.383
1185,4.34462,56.48
1186,4.34969,56.546
1187,4.34592,56.497
1188,4.35062,56.558
1189,4.35569,56.624
1190,4.35269,56.585
1191,4.36854,56.791
1192,4.36538,56.75
1193,4.37262,56.844
1194,4.43254,57.623
1195,4.39592,57.147
1196,4.38746,57.037
1197,4.38446,56.998
1198,4.38569,57.014
1199,4.39262,57.104
1200,4.397,57.161
1201,4.40254,57.233
1202,4.40331,57.243
1203,4.41508,57.396
1204,4.41738,57.426
1205,4.41062,57.338
1206,4.426,57.538
1207,4.42277,57.496
1208,4.42038,57.465
1209,4.42677,57.548
1210,4.43915,57.709
1211,4.44215,57.748
1212,4.43715,57.683
1213,4.45223,57.879
1214,4.44277,57.756
1215,4.45315,57.891
1216,4.45323,57.892
1217,4.47223,58.139
1218,4.45746,57.947
1219,4.475,58.175
1220,4.46515,58.047
1221,4.47215,58.138
1222,4.47685,58.199
1223,4.48615,58.32
1224,4.49192,58.395
1225,4.48654,58.325
1226,4.49331,58.413
1227,4.50023,58.503
1228,4.50585,58.576
1229,4.516,58.708
1230,4.51738,58.726
1231,4.51285,58.667
1232,4.51485,58.693
1233,4.52415,58.814
1234,4.51977,58.757
1235,4.52185,58.784
1236,4.59808,59.775
1237,5.19677,67.558
1238,4.58046,59.546
1239,4.54254,59.053
1240,4.52646,58.844
1241,4.54146,59.039
1242,4.53823,58.997
1243,4.549,59.137
1244,4.54485,59.083
1245,4.55408,59.203
1246,4.54738,59.116
1247,4.556,59.228
1248,4.55908,59.268
1249,4.56115,59.295
1250,4.57023,59.413
1251,4.57131,59.427
1252,4.57238,59.441
1253,4.58531,59.609
1254,4.57854,59.521
1255,4.58738,59.636
1256,4.58992,59.669
1257,4.58869,59.653
1258,4.59592,59.747
1259,4.59838,59.779
1260,4.59677,59.758
1261,4.60592,59.877
1262,4.61054,59.937
1263,4.61923,60.05
1264,4.61815,60.036
1265,4.62238,60.091
1266,4.62469,60.121
1267,4.63038,60.195
1268,4.62854,60.171
1269,4.63162,60.211
1270,4.62892,60.176
1271,4.63623,60.271
1272,4.63769,60.29
1273,4.64062,60.328
1274,4.64923,60.44
1275,4.65277,60.486
1276,4.65815,60.556
1277,4.65646,60.534
1278,4.66654,60.665
1279,4.66908,60.698
1280,4.66369,60.628
1281,4.67192,60.735
1282,4.67685,60.799
1283,4.67892,60.826
1284,4.68738,60.936
1285,4.685,60.905
1286,4.68892,60.956
1287,4.70423,61.155
1288,4.70138,61.118
1289,4.70738,61.196
1290,4.71423,61.285
1291,4.71638,61.313
1292,4.71423,61.285
1293,4.72215,61.388
1294,4.72062,61.368
1295,4.73,61.49
1296,4.72631,61.442
1297,4.73385,61.54
