<version>,<mean_time>,<total>
0,0.0012449,0.061
1,0.00489796,0.24
2,0.00653061,0.32
3,0.00838776,0.411
4,0.0132653,0.65
5,0.0106735,0.523
6,0.0146122,0.716
7,0.0143878,0.705
8,0.0155306,0.761
9,0.0171224,0.839
10,0.0187755,0.92
11,0.0203673,0.998
12,0.0214694,1.052
13,0.0235918,1.156
14,0.0248367,1.217
15,0.0287755,1.41
16,0.0302449,1.482
17,0.029898,1.465
18,0.0310408,1.521
19,0.0320408,1.57
20,0.0339592,1.664
21,0.0369184,1.809
22,0.0383878,1.881
23,0.0398163,1.951
24,0.0415714,2.037
25,0.0429388,2.104
26,0.0449592,2.203
27,0.0467551,2.291
28,0.048102,2.357
29,0.0495306,2.427
30,0.0512449,2.511
31,0.0527347,2.584
32,0.0542041,2.656
33,0.0559592,2.742
34,0.057449,2.815
35,0.0590816,2.895
36,0.061102,2.994
37,0.0627347,3.074
38,0.0639592,3.134
39,0.0658163,3.225
40,0.0673265,3.299
41,0.0690816,3.385
42,0.0702245,3.441
43,0.0724898,3.552
44,0.0768776,3.767
45,0.0843469,4.133
46,0.087102,4.268
47,0.0901429,4.417
48,0.0942857,4.62
49,0.102653,5.03
50,0.10651,5.219
51,0.108939,5.338
52,0.111755,5.476
53,0.113714,5.572
54,0.118918,5.827
55,0.125061,6.128
56,0.129367,6.339
57,0.129816,6.361
58,0.132122,6.474
59,0.136694,6.698
60,0.137653,6.745
61,0.139204,6.821
62,0.142245,6.97
63,0.146673,7.187
64,0.149571,7.329
65,0.151755,7.436
66,0.154122,7.552
67,0.155878,7.638
68,0.157918,7.738
69,0.162612,7.968
70,0.167612,8.213
71,0.170224,8.341
72,0.170327,8.346
73,0.172612,8.458
74,0.174898,8.57
75,0.178571,8.75
76,0.180265,8.833
77,0.182408,8.938
78,0.185959,9.112
79,0.189082,9.265
80,0.191347,9.376
81,0.193469,9.48
82,0.196041,9.606
83,0.199469,9.774
84,0.202612,9.928
85,0.207592,10.172
86,0.209265,10.254
87,0.212449,10.41
88,0.21398,10.485
89,0.218408,10.702
90,0.220163,10.788
91,0.224102,10.981
92,0.228286,11.186
93,0.232408,11.388
94,0.234102,11.471
95,0.235796,11.554
96,0.237959,11.66
97,0.240143,11.767
98,0.242306,11.873
99,0.247653,12.135
100,0.253592,12.426
101,0.255694,12.529
102,0.259041,12.693
103,0.260122,12.746
104,0.265449,13.007
105,0.267592,13.112
106,0.268959,13.179
107,0.272408,13.348
108,0.276286,13.538
109,0.278469,13.645
110,0.282,13.818
111,0.284735,13.952
112,0.285408,13.985
113,0.288449,14.134
114,0.290796,14.249
115,0.295245,14.467
116,0.300388,14.719
117,0.301408,14.769
118,0.308959,15.139
119,0.306367,15.012
120,0.312898,15.332
121,0.315755,15.472
122,0.316469,15.507
123,0.325184,15.934
124,0.330469,16.193
125,0.336714,16.499
126,0.337082,16.517
127,0.343163,16.815
128,0.343327,16.823
129,0.351286,17.213
130,0.356959,17.491
131,0.362163,17.746
132,0.368286,18.046
133,0.367918,18.028
134,0.372163,18.236
135,0.376837,18.465
136,0.377796,18.512
137,0.379878,18.614
138,0.383673,18.8
139,0.38498,18.864
140,0.389633,19.092
141,0.395694,19.389
142,0.400286,19.614
143,0.403204,19.757
144,0.408429,20.013
145,0.411735,20.175
146,0.413776,20.275
147,0.416592,20.413
148,0.417531,20.459
149,0.417469,20.456
150,0.423143,20.734
151,0.429204,21.031
152,0.42851,20.997
153,0.431204,21.129
154,0.438857,21.504
155,0.438265,21.475
156,0.444102,21.761
157,0.447837,21.944
158,0.448306,21.967
159,0.454796,22.285
160,0.457224,22.404
161,0.458449,22.464
162,0.460918,22.585
163,0.461755,22.626
164,0.463367,22.705
165,0.466592,22.863
166,0.469163,22.989
167,0.471816,23.119
168,0.472327,23.144
169,0.473143,23.184
170,0.477878,23.416
171,0.474959,23.273
172,0.481857,23.611
173,0.482857,23.66
174,0.482408,23.638
175,0.484939,23.762
176,0.488612,23.942
177,0.491082,24.063
178,0.494878,24.249
179,0.496694,24.338
180,0.497531,24.379
181,0.504184,24.705
182,0.504837,24.737
183,0.506939,24.84
184,0.510755,25.027
185,0.511959,25.086
186,0.514673,25.219
187,0.514653,25.218
188,0.517449,25.355
189,0.520245,25.492
190,0.521694,25.563
191,0.525776,25.763
192,0.529796,25.96
193,0.529184,25.93
194,0.530918,26.015
195,0.534347,26.183
196,0.540163,26.468
197,0.542245,26.57
198,0.54298,26.606
199,0.547531,26.829
200,0.549776,26.939
201,0.551735,27.035
202,0.552327,27.064
203,0.55698,27.292
204,0.557061,27.296
205,0.562898,27.582
206,0.563816,27.627
207,0.566755,27.771
208,0.571918,28.024
209,0.571653,28.011
210,0.572857,28.07
211,0.576204,28.234
212,0.581816,28.509
213,0.584143,28.623
214,0.581857,28.511
215,0.58749,28.787
216,0.588388,28.831
217,0.590837,28.951
218,0.592469,29.031
219,0.593449,29.079
220,0.594184,29.115
221,0.601959,29.496
222,0.599265,29.364
223,0.603633,29.578
224,0.603429,29.568
225,0.608755,29.829
226,0.612122,29.994
227,0.614959,30.133
228,0.616653,30.216
229,0.617816,30.273
230,0.622143,30.485
231,0.622939,30.524
232,0.625898,30.669
233,0.62598,30.673
234,0.627204,30.733
235,0.634612,31.096
236,0.634837,31.107
237,0.637653,31.245
238,0.638449,31.284
239,0.639694,31.345
240,0.643204,31.517
241,0.647531,31.729
242,0.648265,31.765
243,0.652061,31.951
244,0.651857,31.941
245,0.656,32.144
246,0.66002,32.341
247,0.663959,32.534
248,0.665224,32.596
249,0.67198,32.927
250,0.672755,32.965
251,0.674551,33.053
252,0.675776,33.113
253,0.678878,33.265
254,0.683898,33.511
255,0.68549,33.589
256,0.683388,33.486
257,0.686286,33.628
258,0.691265,33.872
259,0.690592,33.839
260,0.692408,33.928
261,0.695082,34.059
262,0.700143,34.307
263,0.698367,34.22
264,0.70102,34.35
265,0.704673,34.529
266,0.706633,34.625
267,0.706816,34.634
268,0.707633,34.674
269,0.712653,34.92
270,0.709551,34.768
271,0.713245,34.949
272,0.710959,34.837
273,0.714082,34.99
274,0.717184,35.142
275,0.719653,35.263
276,0.727041,35.625
277,0.726102,35.579
278,0.728082,35.676
279,0.726776,35.612
280,0.733184,35.926
281,0.736612,36.094
282,0.736265,36.077
283,0.73749,36.137
284,0.737898,36.157
285,0.742857,36.4
286,0.743816,36.447
287,0.746286,36.568
288,0.748061,36.655
289,0.747755,36.64
290,0.752122,36.854
291,0.755469,37.018
292,0.755673,37.028
293,0.758776,37.18
294,0.760184,37.249
295,0.76398,37.435
296,0.765061,37.488
297,0.765776,37.523
298,0.768776,37.67
299,0.771327,37.795
300,0.773143,37.884
301,0.780204,38.23
302,0.777163,38.081
303,0.780306,38.235
304,0.782408,38.338
305,0.782245,38.33
306,0.787143,38.57
307,0.787612,38.593
308,0.788571,38.64
309,0.788245,38.624
310,0.793306,38.872
311,0.795755,38.992
312,0.799102,39.156
313,0.795388,38.974
314,0.800592,39.229
315,0.802918,39.343
316,0.803061,39.35
317,0.807265,39.556
318,0.807592,39.572
319,0.809122,39.647
320,0.814469,39.909
321,0.813429,39.858
322,0.817082,40.037
323,0.817633,40.064
324,0.818082,40.086
325,0.822388,40.297
326,0.824306,40.391
327,0.825776,40.463
328,0.828429,40.593
329,0.831571,40.747
330,0.834469,40.889
331,0.832143,40.775
332,0.834367,40.884
333,0.835429,40.936
334,0.839633,41.142
335,0.842265,41.271
336,0.838939,41.108
337,0.844122,41.362
338,0.846041,41.456
339,0.846796,41.493
340,0.851082,41.703
341,0.853796,41.836
342,0.854673,41.879
343,0.861163,42.197
344,0.86051,42.165
345,0.863163,42.295
346,0.86449,42.36
347,0.86951,42.606
348,0.868714,42.567
349,0.87002,42.631
350,0.874388,42.845
351,0.87549,42.899
352,0.877837,43.014
353,0.881306,43.184
354,0.880143,43.127
355,0.882388,43.237
356,0.888857,43.554
357,0.889388,43.58
358,0.89251,43.733
359,0.895735,43.891
360,0.89402,43.807
361,0.897082,43.957
362,0.901857,44.191
363,0.900959,44.147
364,0.904224,44.307
365,0.907571,44.471
366,0.907306,44.458
367,0.906714,44.429
368,0.914408,44.806
369,0.913449,44.759
370,0.915898,44.879
371,0.919347,45.048
372,0.919388,45.05
373,0.92102,45.13
374,0.925,45.325
375,0.928796,45.511
376,0.927878,45.466
377,0.928612,45.502
378,0.932735,45.704
379,0.93498,45.814
380,0.937816,45.953
381,0.937857,45.955
382,0.939469,46.034
383,0.941347,46.126
384,0.943755,46.244
385,0.947347,46.42
386,0.946082,46.358
387,0.949163,46.509
388,0.951306,46.614
389,0.952918,46.693
390,0.955612,46.825
391,0.956,46.844
392,0.963898,47.231
393,0.966429,47.355
394,0.966469,47.357
395,0.971429,47.6
396,0.974204,47.736
397,0.972673,47.661
398,0.973735,47.713
399,0.979816,48.011
400,0.980143,48.027
401,0.981143,48.076
402,0.981,48.069
403,0.987551,48.39
404,0.990143,48.517
405,0.991592,48.588
406,0.992286,48.622
407,0.99502,48.756
408,0.997061,48.856
409,0.998245,48.914
410,1.00104,49.051
411,1.00314,49.154
412,1.00267,49.131
413,1.00978,49.479
414,1.00735,49.36
415,1.01316,49.645
416,1.0139,49.681
417,1.01851,49.907
418,1.01649,49.808
419,1.02059,50.009
420,1.02637,50.292
421,1.02324,50.139
422,1.02447,50.199
423,1.03049,50.494
424,1.02978,50.459
425,1.03045,50.492
426,1.07198,52.527
427,1.17902,57.772
428,1.03582,50.755
429,1.04076,50.997
430,1.03959,50.94
431,1.04271,51.093
432,1.04533,51.221
433,1.04708,51.307
434,1.04659,51.283
435,1.0539,51.641
436,1.0542,51.656
437,1.05888,51.885
438,1.05798,51.841
439,1.06257,52.066
440,1.06102,51.99
441,1.06518,52.194
442,1.06429,52.15
443,1.06731,52.298
444,1.07388,52.62
445,1.07588,52.718
446,1.07873,52.858
447,1.07957,52.899
448,1.08759,53.292
449,1.0939,53.601
450,1.09161,53.489
451,1.0952,53.665
452,1.09486,53.648
453,1.09973,53.887
454,1.10129,53.963
455,1.10969,54.375
456,1.10471,54.131
457,1.1062,54.204
458,1.11129,54.453
459,1.11002,54.391
460,1.11037,54.408
461,1.11116,54.447
462,1.11808,54.786
463,1.11976,54.868
464,1.11631,54.699
465,1.12218,54.987
466,1.12537,55.143
467,1.12947,55.344
468,1.13698,55.712
469,1.13345,55.539
470,1.13376,55.554
471,1.13757,55.741
472,1.13935,55.828
473,1.13712,55.719
474,1.1418,55.948
475,1.14131,55.924
476,1.14657,56.182
477,1.14557,56.133
478,1.14908,56.305
479,1.14829,56.266
480,1.15318,56.506
481,1.15647,56.667
482,1.16037,56.858
483,1.16294,56.984
484,1.16067,56.873
485,1.16537,57.103
486,1.16563,57.116
487,1.17014,57.337
488,1.17924,57.783
489,1.17304,57.479
490,1.1771,57.678
491,1.18269,57.952
492,1.17965,57.803
493,1.1828,57.957
494,1.17898,57.77
495,1.18904,58.263
496,1.18751,58.188
497,1.18735,58.18
498,1.18804,58.214
499,1.19096,58.357
500,1.19508,58.559
501,1.19557,58.583
502,1.19518,58.564
503,1.20259,58.927
504,1.20343,58.968
505,1.2088,59.231
506,1.20973,59.277
507,1.21,59.29
508,1.21543,59.556
509,1.21351,59.462
510,1.2149,59.53
511,1.2208,59.819
512,1.21841,59.702
513,1.22018,59.789
514,1.22208,59.882
515,1.22578,60.063
516,1.23057,60.298
517,1.2298,60.26
518,1.23165,60.351
519,1.23788,60.656
520,1.23855,60.689
521,1.24198,60.857
522,1.24163,60.84
523,1.26229,61.852
524,1.24543,61.026
525,1.25247,61.371
526,1.2479,61.147
527,1.25314,61.404
528,1.25437,61.464
529,1.25427,61.459
530,1.25792,61.638
531,1.25865,61.674
532,1.26651,62.059
533,1.26202,61.839
534,1.26953,62.207
535,1.26833,62.148
536,1.26741,62.103
537,1.26931,62.196
538,1.27018,62.239
539,1.27561,62.505
540,1.2751,62.48
541,1.27706,62.576
542,1.27888,62.665
543,1.28404,62.918
544,1.284,62.916
545,1.29116,63.267
546,1.28645,63.036
547,1.28961,63.191
548,1.29304,63.359
549,1.29541,63.475
550,1.2921,63.313
551,1.30388,63.89
552,1.31041,64.21
553,1.30667,64.027
554,1.30529,63.959
555,1.31388,64.38
556,1.31745,64.555
557,1.3128,64.327
558,1.31484,64.427
559,1.32141,64.749
560,1.3261,64.979
561,1.32553,64.951
562,1.33002,65.171
563,1.32704,65.025
564,1.32904,65.123
565,1.33082,65.21
566,1.33388,65.36
567,1.33978,65.649
568,1.33541,65.435
569,1.34227,65.771
570,1.34202,65.759
571,1.34333,65.823
572,1.34547,65.928
573,1.34918,66.11
574,1.35161,66.229
575,1.35298,66.296
576,1.3558,66.434
577,1.36229,66.752
578,1.36412,66.842
579,1.36165,66.721
580,1.36116,66.697
581,1.36353,66.813
582,1.3739,67.321
583,1.36653,66.96
584,1.36876,67.069
585,1.374,67.326
586,1.37543,67.396
587,1.37602,67.425
588,1.37598,67.423
589,1.3881,68.017
590,1.38592,67.91
591,1.38663,67.945
592,1.38737,67.981
593,1.3928,68.247
594,1.38831,68.027
595,1.39647,68.427
596,1.395,68.355
597,1.39659,68.433
598,1.39784,68.494
599,1.40427,68.809
600,1.40188,68.692
601,1.40859,69.021
602,1.40431,68.811
603,1.40941,69.061
604,1.41008,69.094
605,1.41608,69.388
606,1.41937,69.549
607,1.41422,69.297
608,1.42661,69.904
609,1.42122,69.64
610,1.42527,69.838
611,1.42212,69.684
612,1.4309,70.114
613,1.43702,70.414
614,1.43386,70.259
615,1.43412,70.272
616,1.43916,70.519
617,1.43833,70.478
618,1.44139,70.628
619,1.44469,70.79
620,1.4468,70.893
621,1.44727,70.916
622,1.44733,70.919
623,1.44673,70.89
624,1.45412,71.252
625,1.45284,71.189
626,1.45492,71.291
627,1.45698,71.392
628,1.45988,71.534
629,1.45929,71.505
630,1.46549,71.809
631,1.46233,71.654
632,1.46631,71.849
633,1.46704,71.885
634,1.47122,72.09
635,1.47367,72.21
636,1.47686,72.366
637,1.47737,72.391
638,1.48145,72.591
639,1.4819,72.613
640,1.4821,72.623
641,1.48178,72.607
642,1.48651,72.839
643,1.49241,73.128
644,1.48822,72.923
645,1.49788,73.396
646,1.49149,73.083
647,1.49541,73.275
648,1.49882,73.442
649,1.49896,73.449
650,1.50155,73.576
651,1.5008,73.539
652,1.50608,73.798
653,1.506,73.794
654,1.50982,73.981
655,1.5092,73.951
656,1.51161,74.069
657,1.51353,74.163
658,1.5179,74.377
659,1.51935,74.448
660,1.51769,74.367
661,1.52298,74.626
662,1.52253,74.604
663,1.5252,74.735
664,1.52912,74.927
665,1.53002,74.971
666,1.52878,74.91
667,1.53194,75.065
668,1.54049,75.484
669,1.53516,75.223
670,1.53976,75.448
671,1.54124,75.521
672,1.5451,75.71
673,1.54729,75.817
674,1.54896,75.899
675,1.55004,75.952
676,1.55049,75.974
677,1.55167,76.032
678,1.55382,76.137
679,1.55314,76.104
680,1.55965,76.423
681,1.56367,76.62
682,1.56104,76.491
683,1.56596,76.732
684,1.58435,77.633
685,1.57176,77.016
686,1.57133,76.995
687,1.5729,77.072
688,1.57237,77.046
689,1.57269,77.062
690,1.575,77.175
691,1.57629,77.238
692,1.58292,77.563
693,1.58492,77.661
694,1.58304,77.569
695,1.58702,77.764
696,1.58841,77.832
697,1.58645,77.736
698,1.5909,77.954
699,1.59463,78.137
700,1.59924,78.363
701,1.59796,78.3
702,1.59624,78.216
703,1.60206,78.501
704,1.60802,78.793
705,1.60469,78.63
706,1.60894,78.838
707,1.61024,78.902
708,1.61173,78.975
709,1.61151,78.964
710,1.61508,79.139
711,1.62067,79.413
712,1.62202,79.479
713,1.6238,79.566
714,1.6191,79.336
715,1.62622,79.685
716,1.62412,79.582
717,1.62631,79.689
718,1.62684,79.715
719,1.63529,80.129
720,1.63708,80.217
721,1.63394,80.063
722,1.63931,80.326
723,1.64231,80.473
724,1.64182,80.449
725,1.6442,80.566
726,1.64449,80.58
727,1.64794,80.749
728,1.65233,80.964
729,1.65392,81.042
730,1.65173,80.935
731,1.65806,81.245
732,1.66135,81.406
733,1.65971,81.326
734,1.66588,81.628
735,1.66788,81.726
736,1.66631,81.649
737,1.6691,81.786
738,1.66735,81.7
739,1.67204,81.93
740,1.67339,81.996
741,1.67508,82.079
742,1.67708,82.177
743,1.67998,82.319
744,1.67935,82.288
745,1.68849,82.736
746,1.68586,82.607
747,1.68863,82.743
748,1.68969,82.795
749,1.69231,82.923
750,1.69396,83.004
751,1.69508,83.059
752,1.69604,83.106
753,1.70047,83.323
754,1.70471,83.531
755,1.70361,83.477
756,1.70594,83.591
757,1.70837,83.71
758,1.71031,83.805
759,1.71378,83.975
760,1.71671,84.119
761,1.71912,84.237
762,1.716,84.084
763,1.71614,84.091
764,1.7192,84.241
765,1.71906,84.234
766,1.72443,84.497
767,1.7321,84.873
768,1.73161,84.849
769,1.73465,84.998
770,1.73455,84.993
771,1.73998,85.259
772,1.74067,85.293
773,1.74327,85.42
774,1.74359,85.436
775,1.74867,85.685
776,1.74331,85.422
777,1.75669,86.078
778,1.74614,85.561
779,1.75459,85.975
780,1.7508,85.789
781,1.75724,86.105
782,1.75929,86.205
783,1.75978,86.229
784,1.75859,86.171
785,1.76263,86.369
786,1.76041,86.26
787,1.76594,86.531
788,1.76716,86.591
789,1.76733,86.599
790,1.768,86.632
791,1.77165,86.811
792,1.77243,86.849
793,1.7709,86.774
794,1.77457,86.954
795,1.77463,86.957
796,1.77965,87.203
797,1.77829,87.136
798,1.77349,86.901
799,1.77971,87.206
800,1.78514,87.472
801,1.78388,87.41
802,1.7872,87.573
803,1.78963,87.692
804,1.79416,87.914
805,1.79529,87.969
806,1.79939,88.17
807,1.79788,88.096
808,1.80165,88.281
809,1.80029,88.214
810,1.79967,88.184
811,1.80735,88.56
812,1.8101,88.695
813,1.81124,88.751
814,1.8142,88.896
815,1.81912,89.137
816,1.82104,89.231
817,1.82241,89.298
818,1.82186,89.271
819,1.82386,89.369
820,1.82353,89.353
821,1.82816,89.58
822,1.83104,89.721
823,1.83282,89.808
824,1.83337,89.835
825,1.83324,89.829
826,1.83659,89.993
827,1.84224,90.27
828,1.84212,90.264
829,1.84433,90.372
830,1.84153,90.235
831,1.85012,90.656
832,1.84818,90.561
833,1.85386,90.839
834,1.85037,90.668
835,1.84914,90.608
836,1.85837,91.06
837,1.85769,91.027
838,1.86204,91.24
839,1.86086,91.182
840,1.86398,91.335
841,1.86745,91.505
842,1.87055,91.657
843,1.87259,91.757
844,1.8681,91.537
845,1.86955,91.608
846,1.87349,91.801
847,1.87347,91.8
848,1.88035,92.137
849,1.88269,92.252
850,1.88082,92.16
851,1.88576,92.402
852,1.88506,92.368
853,1.88716,92.471
854,1.88824,92.524
855,1.89108,92.663
856,1.8931,92.762
857,1.89357,92.785
858,1.91412,93.792
859,1.98918,97.47
860,1.9332,94.727
861,1.90306,93.25
862,1.90863,93.523
863,1.90851,93.517
864,1.91029,93.604
865,1.9121,93.693
866,1.91459,93.815
867,1.9181,93.987
868,1.91865,94.014
869,1.91837,94
870,1.92314,94.234
871,1.925,94.325
872,1.9261,94.379
873,1.9322,94.678
874,1.92745,94.445
875,1.93133,94.635
876,1.934,94.766
877,1.93763,94.944
878,1.93708,94.917
879,1.94137,95.127
880,1.94533,95.321
881,1.94059,95.089
882,1.9448,95.295
883,1.95192,95.644
884,1.94947,95.524
885,1.95431,95.761
886,1.95253,95.674
887,1.95518,95.804
888,1.95943,96.012
889,1.96139,96.108
890,1.96108,96.093
891,1.96398,96.235
892,1.96484,96.277
893,1.96418,96.245
894,1.96727,96.396
895,1.97131,96.594
896,1.97271,96.663
897,1.97312,96.683
898,1.97314,96.684
899,1.97718,96.882
900,1.97933,96.987
901,1.98094,97.066
902,1.98767,97.396
903,1.98651,97.339
904,1.98641,97.334
905,1.99163,97.59
906,1.9892,97.471
907,1.99906,97.954
908,1.99743,97.874
909,1.99835,97.919
910,1.99971,97.986
911,2.00508,98.249
912,2.00084,98.041
913,2.00914,98.448
914,2.00814,98.399
915,2.01188,98.582
916,2.01188,98.582
917,2.0152,98.745
918,2.01439,98.705
919,2.01961,98.961
920,2.02055,99.007
921,2.02178,99.067
922,2.02392,99.172
923,2.02494,99.222
924,2.02704,99.325
925,2.02818,99.381
926,2.02776,99.36
927,2.03445,99.688
928,2.02798,99.371
929,2.03145,99.541
930,2.03686,99.806
931,2.0441,100.161
932,2.04471,100.191
933,2.04233,100.074
934,2.04786,100.345
935,2.04939,100.42
936,2.05176,100.536
937,2.05135,100.516
938,2.059,100.891
939,2.05451,100.671
940,2.06051,100.965
941,2.05971,100.926
942,2.06486,101.178
943,2.06198,101.037
944,2.06686,101.276
945,2.06849,101.356
946,2.06908,101.385
947,2.06769,101.317
948,2.07049,101.454
949,2.07471,101.661
950,2.07482,101.666
951,2.07418,101.635
952,2.08151,101.994
953,2.08357,102.095
954,2.08692,102.259
955,2.08633,102.23
956,2.08682,102.254
957,2.09153,102.485
958,2.09906,102.854
959,2.09335,102.574
960,2.097,102.753
961,2.09441,102.626
962,2.09924,102.863
963,2.09608,102.708
964,2.10041,102.92
965,2.10243,103.019
966,2.10312,103.053
967,2.12686,104.216
968,2.10861,103.322
969,2.10682,103.234
970,2.11233,103.504
971,2.11369,103.571
972,2.12271,104.013
973,2.11176,103.476
974,2.12406,104.079
975,2.12163,103.96
976,2.12286,104.02
977,2.12594,104.171
978,2.12576,104.162
979,2.12982,104.361
980,2.13029,104.384
981,2.12608,104.178
982,2.13645,104.686
983,2.13767,104.746
984,2.14069,104.894
985,2.13747,104.736
986,2.13861,104.792
987,2.14547,105.128
988,2.14204,104.96
989,2.14747,105.226
990,2.149,105.301
991,2.15139,105.418
992,2.1531,105.502
993,2.15355,105.524
994,2.16173,105.925
995,2.15484,105.587
996,2.15814,105.749
997,2.15849,105.766
998,2.1598,105.83
999,2.16465,106.068
1000,2.16306,105.99
1001,2.17231,106.443
1002,2.17047,106.353
1003,2.17263,106.459
1004,2.17486,106.568
1005,2.17655,106.651
1006,2.17545,106.597
1007,2.17627,106.637
1008,2.18284,106.959
1009,2.178,106.722
1010,2.18606,107.117
1011,2.18831,107.227
1012,2.18702,107.164
1013,2.193,107.457
1014,2.19533,107.571
1015,2.19641,107.624
1016,2.19627,107.617
1017,2.20114,107.856
1018,2.20318,107.956
1019,2.20359,107.976
1020,2.20641,108.114
1021,2.20445,108.018
1022,2.20808,108.196
1023,2.21716,108.641
1024,2.21816,108.69
1025,2.22024,108.792
1026,2.22741,109.143
1027,2.22308,108.931
1028,2.23151,109.344
1029,2.23,109.27
1030,2.23104,109.321
1031,2.22939,109.24
1032,2.23222,109.379
1033,2.23331,109.432
1034,2.23567,109.548
1035,2.23767,109.646
1036,2.24751,110.128
1037,2.24602,110.055
1038,2.24786,110.145
1039,2.24869,110.186
1040,2.25531,110.51
1041,2.26192,110.834
1042,2.25467,110.479
1043,2.25553,110.521
1044,2.25778,110.631
1045,2.25822,110.653
1046,2.26396,110.934
1047,2.26159,110.818
1048,2.26553,111.011
1049,2.26918,111.19
1050,2.26957,111.209
1051,2.27337,111.395
1052,2.2718,111.318
1053,2.27237,111.346
1054,2.27506,111.478
1055,2.27896,111.669
1056,2.27592,111.52
1057,2.28086,111.762
1058,2.28437,111.934
1059,2.28286,111.86
1060,2.28106,111.772
1061,2.28422,111.927
1062,2.28898,112.16
1063,2.29063,112.241
1064,2.29396,112.404
1065,2.29253,112.334
1066,2.29718,112.562
1067,2.29973,112.687
1068,2.30694,113.04
1069,2.30004,112.702
1070,2.30308,112.851
1071,2.29945,112.673
1072,2.31231,113.303
1073,2.31216,113.296
1074,2.31153,113.265
1075,2.3168,113.523
1076,2.31508,113.439
1077,2.31782,113.573
1078,2.32145,113.751
1079,2.32049,113.704
1080,2.32222,113.789
1081,2.32749,114.047
1082,2.32631,113.989
1083,2.32649,113.998
1084,2.33104,114.221
1085,2.3308,114.209
1086,2.33896,114.609
1087,2.34004,114.662
1088,2.33965,114.643
1089,2.33629,114.478
1090,2.34347,114.83
1091,2.34163,114.74
1092,2.34322,114.818
1093,2.34296,114.805
1094,2.34873,115.088
1095,2.3571,115.498
1096,2.35641,115.464
1097,2.35916,115.599
1098,2.35571,115.43
1099,2.35837,115.56
1100,2.3632,115.797
1101,2.36043,115.661
1102,2.36569,115.919
1103,2.36569,115.919
1104,2.36686,115.976
1105,2.37159,116.208
1106,2.37251,116.253
1107,2.3708,116.169
1108,2.37257,116.256
1109,2.37771,116.508
1110,2.37769,116.507
1111,2.37492,116.371
1112,2.38735,116.98
1113,2.3852,116.875
1114,2.38778,117.001
1115,2.38512,116.871
1116,2.3929,117.252
1117,2.39504,117.357
1118,2.40278,117.736
1119,2.39637,117.422
1120,2.40116,117.657
1121,2.40149,117.673
1122,2.41788,118.476
1123,2.40955,118.068
1124,2.40404,117.798
1125,2.4119,118.183
1126,2.40927,118.054
1127,2.41802,118.483
1128,2.41465,118.318
1129,2.41922,118.542
1130,2.4189,118.526
1131,2.42037,118.598
1132,2.42106,118.632
1133,2.42073,118.616
1134,2.41845,118.504
1135,2.42661,118.904
1136,2.42869,119.006
1137,2.42971,119.056
1138,2.42849,118.996
1139,2.43492,119.311
1140,2.43759,119.442
1141,2.43933,119.527
1142,2.43686,119.406
1143,2.43971,119.546
1144,2.44665,119.886
1145,2.44763,119.934
1146,2.44296,119.705
1147,2.44447,119.779
1148,2.44696,119.901
1149,2.44555,119.832
1150,2.44865,119.984
1151,2.45363,120.228
1152,2.45245,120.17
1153,2.46649,120.858
1154,2.46369,120.721
1155,2.45947,120.514
1156,2.46324,120.699
1157,2.46947,121.004
1158,2.46312,120.693
1159,2.46724,120.895
1160,2.47314,121.184
1161,2.47453,121.252
1162,2.4711,121.084
1163,2.47698,121.372
1164,2.48118,121.578
1165,2.48018,121.529
1166,2.47929,121.485
1167,2.48053,121.546
1168,2.47588,121.318
1169,2.48273,121.654
1170,2.49471,122.241
1171,2.48837,121.93
1172,2.49173,122.095
1173,2.49394,122.203
1174,2.49737,122.371
1175,2.49292,122.153
1176,2.4989,122.446
1177,2.50155,122.576
1178,2.50204,122.6
1179,2.50859,122.921
1180,2.50463,122.727
1181,2.50796,122.89
1182,2.50845,122.914
1183,2.51318,123.146
1184,2.51757,123.361
1185,2.51692,123.329
1186,2.54069,124.494
1187,2.52388,123.67
1188,2.52327,123.64
1189,2.51996,123.478
1190,2.52588,123.768
1191,2.52608,123.778
1192,2.52984,123.962
1193,2.52649,123.798
1194,2.53849,124.386
1195,2.54265,124.59
1196,2.53557,124.243
1197,2.54033,124.476
1198,2.53729,124.327
1199,2.54027,124.473
1200,2.54727,124.816
1201,2.54861,124.882
1202,2.54435,124.673
1203,2.54724,124.815
1204,2.55108,125.003
1205,2.55529,125.209
1206,2.5539,125.141
1207,2.5581,125.347
1208,2.56292,125.583
1209,2.55967,125.424
1210,2.56027,125.453
1211,2.56447,125.659
1212,2.56882,125.872
1213,2.56543,125.706
1214,2.57241,126.048
1215,2.57029,125.944
1216,2.57159,126.008
1217,2.57441,126.146
1218,2.57798,126.321
1219,2.57453,126.152
1220,2.58284,126.559
1221,2.5842,126.626
1222,2.58349,126.591
1223,2.59047,126.933
1224,2.5899,126.905
1225,2.59098,126.958
1226,2.60043,127.421
1227,2.5912,126.969
1228,2.59606,127.207
1229,2.60055,127.427
1230,2.59859,127.331
1231,2.6032,127.557
1232,2.60933,127.857
1233,2.60686,127.736
1234,2.60488,127.639
1235,2.6099,127.885
1236,2.61198,127.987
1237,2.61273,128.024
1238,2.61282,128.028
1239,2.61341,128.057
1240,2.61914,128.338
1241,2.61853,128.308
1242,2.62814,128.779
1243,2.61927,128.344
1244,2.63114,128.926
1245,2.6292,128.831
1246,2.62686,128.716
1247,2.63249,128.992
1248,2.65012,129.856
1249,2.62624,128.686
1250,2.63427,129.079
1251,2.6358,129.154
1252,2.63761,129.243
1253,2.6379,129.257
1254,2.6381,129.267
1255,2.63984,129.352
1256,2.64502,129.606
1257,2.64647,129.677
1258,2.64624,129.666
1259,2.64457,129.584
1260,2.65365,130.029
1261,2.65543,130.116
1262,2.65649,130.168
1263,2.6558,130.134
1264,2.65712,130.199
1265,2.66388,130.53
1266,2.66451,130.561
1267,2.66241,130.458
1268,2.66488,130.579
1269,2.66867,130.765
1270,2.67165,130.911
1271,2.6701,130.835
1272,2.67135,130.896
1273,2.67514,131.082
1274,2.67604,131.126
1275,2.6742,131.036
1276,2.67861,131.252
1277,2.68324,131.479
1278,2.68033,131.336
1279,2.68967,131.794
1280,2.68776,131.7
1281,2.69133,131.875
1282,2.6911,131.864
1283,2.69206,131.911
1284,2.69233,131.924
1285,2.69282,131.948
1286,2.69631,132.119
1287,2.70565,132.577
1288,2.70284,132.439
1289,2.70222,132.409
1290,2.7019,132.393
1291,2.70384,132.488
1292,2.70469,132.53
1293,2.70392,132.492
1294,2.706,132.594
1295,2.71396,132.984
1296,2.71365,132.969
1297,2.72692,133.619
